   0.000000e+00
   0.000000e+00
  -1.748714e-15
  -2.268096e-15
  -1.061693e-15
   2.394531e-16
  -2.304202e-15
  -1.133050e-14
  -2.374525e-14
  -3.057905e-14
  -2.346224e-14
  -3.509458e-15
   1.625029e-14
   1.984415e-14
   1.709110e-15
  -2.937049e-14
  -5.933450e-14
  -7.820002e-14
  -7.786377e-14
  -4.562444e-14
   2.812523e-14
   1.254522e-13
   1.872795e-13
   1.457725e-13
  -4.838608e-15
  -1.694340e-13
  -2.125173e-13
  -8.289610e-14
   1.257927e-13
   2.552225e-13
   2.245082e-13
   8.757874e-14
  -3.862436e-14
  -8.190947e-14
  -5.347697e-14
  -9.116106e-15
   6.327036e-15
  -1.162644e-14
  -2.614632e-14
   1.700601e-14
   1.450662e-13
   3.237632e-13
   4.718898e-13
   5.185131e-13
   4.494193e-13
   3.055959e-13
   1.478175e-13
   2.209241e-14
  -5.258833e-14
  -7.163834e-14
  -2.760939e-14
   7.994927e-14
   2.125522e-13
   2.939123e-13
   2.698715e-13
   1.645422e-13
   6.146670e-14
   3.316738e-14
   9.550634e-14
   2.109106e-13
   3.146512e-13
   3.500158e-13
   3.010137e-13
   1.925240e-13
   5.768461e-14
  -7.925855e-14
  -1.851927e-13
  -2.101040e-13
  -1.190267e-13
   6.916645e-14
   2.766000e-13
   3.978698e-13
   3.538727e-13
   1.438007e-13
  -1.444715e-13
  -3.811242e-13
  -4.613304e-13
  -3.510039e-13
  -1.042180e-13
   1.544940e-13
   2.990256e-13
   2.893452e-13
   1.957747e-13
   1.262700e-13
   1.240583e-13
   1.318949e-13
   5.612585e-14
  -1.225310e-13
  -2.972467e-13
  -3.146137e-13
  -1.244381e-13
   1.615834e-13
   3.737232e-13
   4.330958e-13
   3.922032e-13
   3.563235e-13
   3.791585e-13
   4.085092e-13
   3.246545e-13
   7.155120e-14
  -2.320914e-13
  -3.571743e-13
  -1.768070e-13
   1.993194e-13
   5.080518e-13
   5.260683e-13
   2.078335e-13
  -2.774548e-13
  -6.131044e-13
  -5.282617e-13
  -2.775169e-14
   5.684411e-13
   8.790935e-13
   7.878023e-13
   5.039989e-13
   3.013475e-13
   2.352794e-13
   1.527423e-13
  -4.571408e-14
  -2.339709e-13
  -2.071340e-13
   3.411867e-14
   2.418696e-13
   1.989196e-13
  -4.395381e-14
  -2.820582e-13
  -4.297861e-13
  -5.483500e-13
  -6.367421e-13
  -5.656034e-13
  -2.673342e-13
   1.321933e-13
   4.375275e-13
   5.597768e-13
   5.298689e-13
   4.183684e-13
   2.893425e-13
   1.744057e-13
   5.433562e-14
  -9.623072e-14
  -2.383121e-13
  -2.931671e-13
  -2.423950e-13
  -1.469517e-13
  -5.819728e-14
   2.548145e-14
   9.134898e-14
   7.316388e-14
  -6.050832e-14
  -2.175140e-13
  -2.551099e-13
  -1.434019e-13
   3.129004e-15
   7.491206e-14
   9.141153e-14
   1.371777e-13
   2.262159e-13
   2.995886e-13
   3.349890e-13
   3.845552e-13
   5.003378e-13
   6.697201e-13
   8.242612e-13
   8.559067e-13
   5.761220e-13
   1.137630e-13
   8.731145e-14
  -1.536893e-12
  -3.004373e-12
   1.639183e-11
   3.147608e-12
  -1.754786e-10
   1.339832e-10
   1.706283e-09
  -1.756404e-09
  -1.676827e-08
   9.925588e-09
   1.646287e-07
   8.326232e-08
  -1.374969e-06
  -3.085730e-06
   5.799755e-06
   4.023388e-05
   5.760310e-05
  -1.674303e-04
  -1.031391e-03
  -2.332853e-03
  -6.541560e-04
   1.636652e-02
   7.969065e-02
   2.522262e-01
   6.443182e-01
   1.428748e+00
   2.852075e+00
   5.239238e+00
   8.988999e+00
   1.455887e+01
   2.243955e+01
   3.312036e+01
   4.704860e+01
   6.458673e+01
   8.597185e+01
   1.112820e+02
   1.404125e+02
   1.730663e+02
   2.087568e+02
   2.468258e+02
   2.864714e+02
   3.267847e+02
   3.667905e+02
   4.054873e+02
   4.418844e+02
   4.750325e+02
   5.040463e+02
   5.281208e+02
   5.465398e+02
   5.586819e+02
   5.640241e+02
   5.621468e+02
   5.527421e+02
   5.356244e+02
   5.107460e+02
   4.782123e+02
   4.382969e+02
   3.914521e+02
   3.383109e+02
   2.796796e+02
   2.165181e+02
   1.499086e+02
   8.101311e+01
   1.102485e+01
  -5.888488e+01
  -1.276176e+02
  -1.941925e+02
  -2.577812e+02
  -3.177289e+02
  -3.735616e+02
  -4.249787e+02
  -4.718344e+02
  -5.141093e+02
  -5.518789e+02
  -5.852802e+02
  -6.144832e+02
  -6.396672e+02
  -6.610054e+02
  -6.786567e+02
  -6.927640e+02
  -7.034552e+02
  -7.108468e+02
  -7.150451e+02
  -7.161437e+02
  -7.142171e+02
  -7.093101e+02
  -7.014246e+02
  -6.905067e+02
  -6.764376e+02
  -6.590302e+02
  -6.380358e+02
  -6.131602e+02
  -5.840911e+02
  -5.505341e+02
  -5.122535e+02
  -4.691156e+02
  -4.211275e+02
  -3.684682e+02
  -3.115080e+02
  -2.508123e+02
  -1.871312e+02
  -1.213736e+02
  -5.457009e+01
   1.217236e+01
   7.771877e+01
   1.409534e+02
   2.008217e+02
   2.563636e+02
   3.067379e+02
   3.512364e+02
   3.892904e+02
   4.204712e+02
   4.444883e+02
   4.611865e+02
   4.705459e+02
   4.726831e+02
   4.678557e+02
   4.564658e+02
   4.390630e+02
   4.163403e+02
   3.891243e+02
   3.583539e+02
   3.250495e+02
   2.902734e+02
   2.550820e+02
   2.204760e+02
   1.873519e+02
   1.564600e+02
   1.283731e+02
   1.034691e+02
   8.193001e+01
   6.375473e+01
   4.878616e+01
   3.674716e+01
   2.728152e+01
   1.999485e+01
   1.449109e+01
   1.040120e+01
   7.402133e+00
   5.225920e+00
   3.660076e+00
   2.541917e+00
   1.749698e+00
   1.193297e+00
   8.062228e-01
   5.395557e-01
   3.575863e-01
   2.345814e-01
   1.522485e-01
   9.772024e-02
   6.201108e-02
   3.889440e-02
   2.410256e-02
   1.474967e-02
   8.909368e-03
   5.310118e-03
   3.121847e-03
   1.809634e-03
   1.033795e-03
   5.817705e-04
   3.223973e-04
   1.758765e-04
   9.441207e-05
   4.985000e-05
   2.588007e-05
   1.320712e-05
   6.623229e-06
   3.262898e-06
   1.578606e-06
   7.498757e-07
   3.496888e-07
   1.600514e-07
   7.188141e-08
   3.167266e-08
   1.369111e-08
   5.805309e-09
   2.413886e-09
   9.840877e-10
   3.935113e-10
   1.545595e-10
   5.978314e-11
   2.273262e-11
   8.142249e-12
   2.258819e-12
   2.942077e-14
  -5.372860e-13
  -4.595269e-13
  -3.257110e-13
  -2.533927e-13
  -1.762859e-13
  -1.519344e-13
  -1.987404e-13
  -1.881620e-13
   3.595942e-14
   3.646872e-13
   4.980912e-13
   2.946787e-13
  -3.475093e-14
  -1.288651e-13
   3.754883e-14
   1.153288e-13
  -4.450505e-14
  -1.819458e-13
  -6.788430e-14
   2.141505e-13
   3.968305e-13
   3.187677e-13
   7.651243e-14
  -1.261941e-13
  -2.057597e-13
  -2.024127e-13
  -1.612550e-13
  -8.289594e-14
   2.672855e-14
   9.481361e-14
   8.365604e-14
   8.855706e-14
   1.476860e-13
   1.367974e-13
   2.740779e-14
  -2.082348e-14
   4.964509e-14
   1.494216e-13
   2.491995e-13
   3.057620e-13
   1.601373e-13
  -1.845356e-13
  -4.440738e-13
  -4.179491e-13
  -1.793808e-13
   8.923435e-14
   2.147604e-13
   1.178727e-13
  -1.133224e-13
  -1.902395e-13
  -2.109648e-13
  -1.723947e-13
  -3.841270e-14
   1.027240e-13
   1.652068e-13
   2.932493e-13
   5.565039e-13
   5.914750e-13
   1.984916e-13
  -1.188295e-13
   7.141267e-14
   4.317773e-13
   4.413196e-13
   6.931023e-14
  -3.328406e-13
  -4.148181e-13
  -9.486976e-14
   3.237953e-13
   3.644020e-13
  -4.869433e-14
  -3.795911e-13
  -1.562460e-13
   3.664088e-13
   5.160182e-13
   6.475497e-14
  -4.347567e-13
  -3.490232e-13
   1.582603e-13
   5.939678e-13
   8.058827e-13
   6.603668e-13
   1.434970e-13
  -3.305282e-13
  -4.106343e-13
  -2.079788e-13
  -4.099308e-14
  -1.039082e-15
  -7.880395e-15
  -1.177853e-13
  -2.243188e-13
  -1.686438e-13
  -3.055828e-13
  -7.133002e-13
  -7.890914e-13
  -4.463588e-13
  -1.946914e-13
   1.310500e-13
   1.292362e-12
   3.814584e-12
   9.454144e-12
   2.399294e-11
   6.223483e-11
   1.604696e-10
   4.070717e-10
   1.013587e-09
   2.475409e-09
   5.929820e-09
   1.393713e-08
   3.214699e-08
   7.277508e-08
   1.617057e-07
   3.526998e-07
   7.552312e-07
   1.587889e-06
   3.278704e-06
   6.649857e-06
   1.325120e-05
   2.595091e-05
   4.996115e-05
   9.458609e-05
   1.761490e-04
   3.228115e-04
   5.823703e-04
   1.034654e-03
   1.810919e-03
   3.123792e-03
   5.312828e-03
   8.912745e-03
   1.475403e-02
   2.410947e-02
   3.890574e-02
   6.202553e-02
   9.773230e-02
   1.522576e-01
   2.346059e-01
   3.576568e-01
   5.396677e-01
   8.062936e-01
   1.193234e+00
   1.749640e+00
   2.542511e+00
   3.662447e+00
   5.231237e+00
   7.411596e+00
   1.041889e+01
   1.453393e+01
   2.011500e+01
   2.760680e+01
   3.754350e+01
   5.054364e+01
   6.729520e+01
   8.853016e+01
   1.149896e+02
   1.473810e+02
   1.863315e+02
   2.323402e+02
   2.857345e+02
   3.466338e+02
   4.149239e+02
   4.902438e+02
   5.719867e+02
   6.593127e+02
   7.511737e+02
   8.463461e+02
   9.434691e+02
   1.041086e+03
   1.137682e+03
   1.231729e+03
   1.321712e+03
   1.406164e+03
   1.483694e+03
   1.553007e+03
   1.612928e+03
   1.662421e+03
   1.700608e+03
   1.726788e+03
   1.740451e+03
   1.741292e+03
   1.729216e+03
   1.704345e+03
   1.667009e+03
   1.617733e+03
   1.557218e+03
   1.486309e+03
   1.405963e+03
   1.317212e+03
   1.221121e+03
   1.118756e+03
   1.011149e+03
   8.992743e+02
   7.840282e+02
   6.662228e+02
   5.465820e+02
   4.257475e+02
   3.042887e+02
   1.827161e+02
   6.149552e+01
  -5.893768e+01
  -1.781667e+02
  -2.957833e+02
  -4.113811e+02
  -5.245503e+02
  -6.348747e+02
  -7.419288e+02
  -8.452762e+02
  -9.444659e+02
  -1.039030e+03
  -1.128481e+03
  -1.212307e+03
  -1.289975e+03
  -1.360931e+03
  -1.424606e+03
  -1.480431e+03
  -1.527847e+03
  -1.566330e+03
  -1.595409e+03
  -1.614699e+03
  -1.623917e+03
  -1.622910e+03
  -1.611672e+03
  -1.590353e+03
  -1.559269e+03
  -1.518897e+03
  -1.469868e+03
  -1.412948e+03
  -1.349020e+03
  -1.279062e+03
  -1.204117e+03
  -1.125273e+03
  -1.043638e+03
  -9.603151e+02
  -8.763886e+02
  -7.929027e+02
  -7.108486e+02
  -6.311500e+02
  -5.546502e+02
  -4.820993e+02
  -4.141413e+02
  -3.513030e+02
  -2.939828e+02
  -2.424428e+02
  -1.968044e+02
  -1.570479e+02
  -1.230185e+02
  -9.443662e+01
  -7.091566e+01
  -5.198328e+01
  -3.710704e+01
  -2.572176e+01
  -1.725685e+01
  -1.116156e+01
  -6.926450e+00
  -4.099613e+00
  -2.296962e+00
  -1.206321e+00
  -5.858875e-01
  -2.580296e-01
  -9.983858e-02
  -3.196338e-02
  -7.236356e-03
  -3.388286e-04
   6.352447e-04
   3.304007e-04
   6.747688e-05
  -1.216095e-05
  -1.222741e-05
  -2.438469e-06
   7.687911e-07
   4.794594e-07
   9.766101e-09
  -5.479234e-08
  -8.864746e-09
   5.367823e-09
   1.399816e-09
  -5.435135e-10
  -1.579445e-10
   6.230315e-11
   1.328096e-11
  -7.573149e-12
  -4.826943e-13
   8.200489e-13
  -9.269827e-14
  -5.957748e-14
   2.189216e-14
  -3.225006e-17
  -1.930516e-15
   5.745211e-16
  -2.025309e-17
  -4.036685e-17
   1.620627e-17
  -3.028015e-18
  -1.706387e-20
   2.293349e-19
  -9.800832e-20
   2.809614e-20
  -6.454698e-21
   1.261858e-21
  -2.157256e-22
   3.266030e-23
  -4.389961e-24
   5.192494e-25
  -5.244655e-26
   4.122275e-27
  -1.531346e-28
  -2.578412e-29
   7.953492e-30
  -1.405618e-30
   2.016292e-31
  -2.551360e-32
   2.946778e-33
  -3.162431e-34
   3.187608e-35
  -3.039417e-36
   2.755633e-37
  -2.384707e-38
   1.975828e-39
  -1.571203e-40
   1.201643e-41
  -8.853910e-43
   6.294571e-44
  -4.323573e-45
   2.872597e-46
  -1.848071e-47
   1.152359e-48
  -6.970397e-50
   4.093287e-51
  -2.335333e-52
   1.295331e-53
  -6.989400e-55
   3.670967e-56
  -1.877759e-57
   9.359237e-59
  -4.547700e-60
   2.155218e-61
  -9.966095e-63
   4.498517e-64
  -1.982857e-65
   8.537869e-67
  -3.592481e-68
   1.477644e-69
  -5.943087e-71
   2.338039e-72
  -8.999391e-74
   3.390121e-75
  -1.250178e-76
   4.514316e-78
  -1.596540e-79
   5.531400e-81
  -1.877820e-82
   6.247819e-84
  -2.037730e-85
   6.516184e-87
  -2.043384e-88
   6.284850e-90
  -1.896283e-91
   5.613674e-93
  -1.630784e-94
   4.649623e-96
  -1.301294e-97
   3.575452e-99
 -9.645932e-101
  2.555477e-102
 -6.649201e-104
  1.699375e-105
 -4.266599e-107
  1.052437e-108
 -2.550816e-110
  6.075404e-112
 -1.422091e-113
  3.271727e-115
 -7.398836e-117
  1.644842e-118
 -3.594970e-120
  7.725224e-122
 -1.632316e-123
  3.391607e-125
 -6.930180e-127
  1.392673e-128
 -2.752614e-130
  5.351281e-132
 -1.023316e-133
  1.924963e-135
 -3.562178e-137
  6.484966e-139
 -1.161489e-140
  2.046695e-142
 -3.548416e-144
  6.053003e-146
 -1.015949e-147
  1.677820e-149
 -2.726446e-151
  4.359439e-153
 -6.858798e-155
  1.061814e-156
 -1.617443e-158
  2.424288e-160
 -3.575243e-162
  5.187782e-164
 -7.406248e-166
  1.040248e-167
 -1.437393e-169
  1.953835e-171
 -2.612415e-173
  3.435594e-175
 -4.443480e-177
  5.651400e-179
 -7.067101e-181
  8.687812e-183
 -1.049743e-184
  1.246424e-186
 -1.453944e-188
  1.665709e-190
 -1.873549e-192
  2.068045e-194
 -2.239030e-196
  2.376242e-198
 -2.470092e-200
  2.512468e-202
 -2.497507e-204
  2.422236e-206
 -2.287012e-208
  2.095695e-210
 -1.855512e-212
  1.576620e-214
 -1.271403e-216
  9.535587e-219
 -6.370856e-221
  3.352591e-223
 -5.970999e-226
 -1.803086e-227
  3.784028e-229
 -5.312360e-231
  6.384486e-233
 -7.023332e-235
  7.273239e-237
 -7.193738e-239
  6.852960e-241
 -6.321375e-243
  5.666415e-245
 -4.948347e-247
  4.217554e-249
 -3.513201e-251
  2.863122e-253
 -2.284667e-255
  1.786196e-257
 -1.368922e-259
  1.028840e-261
   0.000000e+00
   0.000000e+00
