   0.000000e+00
   0.000000e+00
   6.084622e-15
  -1.451980e-14
  -5.307962e-14
  -8.122036e-14
  -1.366017e-13
  -2.092829e-13
  -1.472321e-13
   7.495190e-14
   2.196279e-13
   1.464195e-13
   6.856504e-15
  -3.093928e-14
   1.429632e-14
   3.153755e-14
  -4.231091e-15
  -3.957747e-14
  -6.878691e-14
  -6.444451e-14
   1.344321e-14
   5.371604e-14
  -6.610834e-14
  -2.505022e-13
  -2.963959e-13
  -1.638254e-13
  -2.372554e-14
   5.445231e-15
   1.474537e-14
   8.024711e-14
   1.167406e-13
   4.004167e-14
   2.878499e-13
  -5.556414e-12
   7.835844e-11
  -9.518276e-10
   9.248033e-09
  -6.409068e-08
   1.807491e-07
   2.356713e-06
  -3.977267e-05
   2.849727e-04
  -7.885773e-04
  -3.243011e-03
   2.697240e-02
   2.554264e-02
  -4.940243e-01
  -1.107124e+00
   4.869304e+00
   3.536098e+01
   1.126447e+02
   2.424481e+02
   3.971286e+02
   5.220273e+02
   5.608396e+02
   4.808756e+02
   2.872417e+02
   2.325415e+01
  -2.467926e+02
  -4.677311e+02
  -6.153644e+02
  -6.938255e+02
  -7.169343e+02
  -6.920389e+02
  -6.138526e+02
  -4.694229e+02
  -2.555287e+02
   1.701798e+00
   2.460944e+02
   4.156783e+02
   4.728285e+02
   4.201449e+02
   2.976666e+02
   1.637298e+02
   6.545450e+01
   1.693655e+01
   2.979603e+00
   1.661422e+00
   1.293218e+00
   3.350586e-01
  -1.207255e-01
  -6.413323e-02
   2.327052e-02
   1.538031e-02
  -3.692713e-03
  -3.046096e-03
   5.859643e-04
   5.155330e-04
  -1.056510e-04
  -8.020189e-05
   1.896025e-05
   1.145656e-05
  -3.252069e-06
  -1.586008e-06
   4.991137e-07
   2.250067e-07
  -6.425283e-08
  -3.338769e-08
   5.704485e-09
   4.856337e-09
  -6.276677e-11
   1.679259e-09
  -3.794482e-09
  -1.687692e-08
  -1.341359e-09
   1.222910e-07
   1.357747e-07
  -8.497128e-07
  -1.364994e-06
   6.091306e-06
   1.019642e-05
  -4.363801e-05
  -6.852733e-05
   2.973950e-04
   4.663115e-04
  -1.814324e-03
  -3.201837e-03
   1.008718e-02
   2.551075e-02
  -2.839886e-02
  -1.094153e-01
   2.232732e-01
   1.419124e+00
   2.933464e+00
   4.922921e+00
   1.627993e+01
   6.408553e+01
   1.900244e+02
   4.263189e+02
   7.658237e+02
   1.151299e+03
   1.493063e+03
   1.702423e+03
   1.722833e+03
   1.546539e+03
   1.210454e+03
   7.739984e+02
   2.937217e+02
  -1.892754e+02
  -6.461968e+02
  -1.050616e+03
  -1.370996e+03
  -1.571014e+03
  -1.620159e+03
  -1.510578e+03
  -1.268389e+03
  -9.496696e+02
  -6.229313e+02
  -3.475988e+02
  -1.570830e+02
  -5.244706e+01
  -1.014690e+01
   2.654084e-01
   6.119881e-01
   1.424576e-02
  -4.964851e-02
   3.921801e-05
   3.619628e-03
  -4.713453e-04
  -1.238086e-04
   5.261151e-05
  -8.844820e-06
   7.483342e-07
   7.274106e-09
  -1.280087e-08
   2.311808e-09
  -2.758368e-10
   2.577927e-11
  -2.008165e-12
   1.346479e-13
  -7.926618e-15
   4.153058e-16
  -1.955980e-17
   8.344304e-19
  -3.243849e-20
   1.154742e-21
  -3.779069e-23
   1.140711e-24
  -3.184336e-26
   8.238727e-28
  -1.979022e-29
   4.419378e-31
  -9.182972e-33
   1.776324e-34
  -3.198702e-36
   5.358974e-38
  -8.341869e-40
   1.203591e-41
  -1.603229e-43
   1.958534e-45
  -2.169165e-47
   2.131266e-49
  -1.770283e-51
   1.073682e-53
  -1.094851e-56
  -9.803622e-58
   2.013234e-59
  -2.815331e-61
   3.269206e-63
   0.000000e+00
   0.000000e+00
