   0.000000e+00
   0.000000e+00
   2.173094e-15
   6.194882e-16
  -5.249579e-15
  -4.514206e-15
   1.073251e-14
   1.896958e-14
  -9.117466e-15
  -5.352499e-14
  -5.752419e-14
  -1.755645e-14
   4.191331e-16
  -3.223119e-14
  -5.697076e-14
  -3.230899e-14
  -1.140966e-15
   9.400615e-15
   5.837956e-14
   1.780953e-13
   2.786833e-13
   2.544722e-13
   1.229541e-13
  -1.170715e-14
  -9.133861e-14
  -1.470821e-13
  -2.225196e-13
  -2.959201e-13
  -3.045718e-13
  -2.131962e-13
  -2.736298e-14
   1.892194e-13
   2.778662e-13
   1.045461e-13
  -2.251966e-13
  -4.334206e-13
  -4.083621e-13
  -3.094002e-13
  -2.902169e-13
  -2.898860e-13
  -1.709750e-13
   6.148588e-14
   2.589289e-13
   2.911665e-13
   1.768017e-13
   7.097880e-14
   1.002358e-13
   2.159687e-13
   2.882978e-13
   2.971235e-13
   2.772678e-13
   1.534928e-13
  -1.349777e-13
  -4.187501e-13
  -4.698039e-13
  -3.197700e-13
  -1.700986e-13
  -9.508360e-14
  -6.224173e-14
  -9.054787e-14
  -1.463312e-13
  -6.766511e-14
   1.570887e-13
   2.456164e-13
   1.239300e-14
  -3.134122e-13
  -4.041434e-13
  -2.573270e-13
  -8.746900e-14
   8.134025e-15
   7.277871e-14
   1.102294e-13
   4.103495e-14
  -1.800269e-13
  -4.538372e-13
  -5.975642e-13
   3.589353e-13
  -7.700629e-12
   5.592679e-11
  -3.039549e-10
   1.089095e-09
  -1.126502e-09
  -1.330479e-08
   7.966405e-08
  -8.526694e-08
  -9.662410e-07
   3.382781e-06
   8.671781e-06
  -5.283452e-05
  -1.107379e-04
   6.111541e-04
   2.154486e-03
  -3.311489e-03
  -3.405616e-02
  -6.965471e-02
   1.251428e-01
   1.334559e+00
   5.276195e+00
   1.477857e+01
   3.347858e+01
   6.495300e+01
   1.115035e+02
   1.730479e+02
   2.465789e+02
   3.264169e+02
   4.051400e+02
   4.748039e+02
   5.280205e+02
   5.586433e+02
   5.620866e+02
   5.355102e+02
   4.780932e+02
   3.914321e+02
   2.798483e+02
   1.502742e+02
   1.149174e+01
  -1.272092e+02
  -2.575748e+02
  -3.736105e+02
  -4.720773e+02
  -5.521796e+02
  -6.147094e+02
  -6.610986e+02
  -6.927594e+02
  -7.108329e+02
  -7.161906e+02
  -7.094140e+02
  -6.905871e+02
  -6.589836e+02
  -6.129349e+02
  -5.501785e+02
  -4.687663e+02
  -3.682815e+02
  -2.508801e+02
  -1.216728e+02
   1.176542e+01
   1.405927e+02
   2.561510e+02
   3.511767e+02
   4.204896e+02
   4.611943e+02
   4.726462e+02
   4.564304e+02
   4.163984e+02
   3.585716e+02
   2.906314e+02
   2.208625e+02
   1.567252e+02
   1.035084e+02
   6.356844e+01
   3.643970e+01
   1.971295e+01
   1.025073e+01
   5.219964e+00
   2.614620e+00
   1.265983e+00
   5.773529e-01
   2.460309e-01
   1.008729e-01
   4.159130e-02
   1.698414e-02
   6.252031e-03
   1.921411e-03
   5.526993e-04
   2.089087e-04
   8.461291e-05
   1.764178e-05
  -2.432895e-06
  -8.303047e-07
   1.064523e-06
   3.420586e-07
  -2.021916e-07
  -9.462612e-08
   2.717851e-08
   1.636854e-08
  -5.290507e-09
  -3.258517e-09
   8.433777e-10
   5.492538e-10
  -1.501905e-10
  -9.062828e-11
   2.620503e-11
   1.429089e-11
  -4.338931e-12
  -1.984760e-12
   8.464825e-13
   1.861027e-13
  -4.420201e-13
  -2.488296e-13
   1.848418e-13
   4.406776e-13
   3.186401e-13
  -2.708340e-14
  -7.180201e-14
   2.347354e-13
   3.874991e-13
   3.066318e-13
   2.183168e-13
   1.300460e-13
  -3.622793e-14
  -2.245845e-13
  -6.757748e-14
   2.440257e-13
   1.500353e-13
  -4.199067e-13
  -7.419387e-13
  -3.553128e-13
   7.081295e-14
   2.892762e-13
   5.266058e-13
   4.841400e-13
   1.733813e-13
  -2.545481e-14
  -1.540451e-13
  -4.387543e-14
   4.054115e-13
  -4.680842e-15
  -1.288391e-12
   2.560756e-12
   1.069237e-11
  -1.559002e-11
  -6.699317e-11
   9.256671e-11
   3.777711e-10
  -6.153960e-10
  -2.375375e-09
   2.811576e-09
   1.155252e-08
  -1.963652e-08
  -7.523884e-08
   1.062848e-07
   6.592194e-07
   9.243289e-07
   2.426858e-06
   1.813208e-05
   7.848612e-05
   2.373794e-04
   6.709589e-04
   2.042735e-03
   6.180626e-03
   1.705050e-02
   4.306628e-02
   1.041101e-01
   2.473996e-01
   5.728852e-01
   1.267340e+00
   2.661034e+00
   5.352386e+00
   1.045874e+01
   1.999432e+01
   3.724558e+01
   6.689046e+01
   1.146087e+02
   1.861034e+02
   2.857262e+02
   4.151161e+02
   5.722959e+02
   7.515030e+02
   9.437556e+02
   1.137915e+03
   1.321913e+03
   1.483882e+03
   1.613087e+03
   1.700692e+03
   1.740405e+03
   1.729020e+03
   1.666697e+03
   1.556875e+03
   1.405685e+03
   1.220974e+03
   1.011144e+03
   7.841228e+02
   5.467092e+02
   3.043939e+02
   6.155911e+01
  -1.781311e+02
  -4.113499e+02
  -6.348403e+02
  -8.452598e+02
  -1.039071e+03
  -1.212434e+03
  -1.361140e+03
  -1.480676e+03
  -1.566536e+03
  -1.614799e+03
  -1.622873e+03
  -1.590194e+03
  -1.518671e+03
  -1.412713e+03
  -1.278858e+03
  -1.125108e+03
  -9.601731e+02
  -7.927702e+02
  -6.310343e+02
  -4.820322e+02
  -3.513247e+02
  -2.425752e+02
  -1.572745e+02
  -9.470165e+01
  -5.221317e+01
  -2.585709e+01
  -1.118267e+01
  -4.031651e+00
  -1.101487e+00
  -1.661858e-01
   2.221103e-02
   1.971012e-02
   3.143960e-03
  -1.094193e-03
  -4.741939e-04
   4.359824e-05
   4.809892e-05
  -2.163941e-06
  -4.285678e-06
   4.083111e-07
   3.164186e-07
  -7.667550e-08
  -1.016714e-08
   7.816344e-09
  -1.322733e-09
  -1.215792e-10
   1.206470e-10
  -3.552706e-11
   6.937833e-12
  -1.011024e-12
   1.105195e-13
  -7.917812e-15
   1.314653e-17
   1.108028e-16
  -2.308450e-17
   3.293222e-18
  -3.850740e-19
   3.916034e-20
  -3.563629e-21
   2.950522e-22
  -2.247084e-23
   1.586544e-24
  -1.044648e-25
   6.444719e-27
  -3.739471e-28
   2.047248e-29
  -1.060380e-30
   5.208333e-32
  -2.430920e-33
   1.080094e-34
  -4.575828e-36
   1.851061e-37
  -7.159427e-39
   2.650654e-40
  -9.403920e-42
   3.200138e-43
  -1.045488e-44
   3.281811e-46
  -9.905509e-48
   2.876777e-49
  -8.044054e-51
   2.166873e-52
  -5.626144e-54
   1.408695e-55
  -3.402848e-57
   7.933435e-59
  -1.785786e-60
   3.882277e-62
  -8.153733e-64
   1.654805e-65
  -3.246007e-67
   6.155159e-69
  -1.128430e-70
   2.000306e-72
  -3.428671e-74
   5.682823e-76
  -9.107298e-78
   1.411089e-79
  -2.113398e-81
   3.058844e-83
  -4.276885e-85
   5.774100e-87
  -7.522351e-89
   9.448768e-91
  -1.143072e-92
   1.329888e-94
  -1.485041e-96
   1.587250e-98
 -1.617371e-100
  1.561801e-102
 -1.415479e-104
  1.183751e-106
 -8.825731e-109
  5.368235e-111
 -1.769567e-113
 -1.653982e-115
  4.620103e-117
 -6.918804e-119
  8.436136e-121
 -9.159776e-123
  9.167201e-125
 -8.600880e-127
  7.637115e-129
 -6.455438e-131
   0.000000e+00
   0.000000e+00
