   0.000000e+00
   0.000000e+00
   1.810899e-21
  -4.321369e-21
  -1.579751e-20
  -2.417273e-20
  -4.065528e-20
  -6.228659e-20
  -4.381907e-20
   2.230711e-20
   6.536546e-20
   4.357724e-20
   2.040626e-21
  -9.208118e-21
   4.254856e-21
   9.386174e-21
  -1.259253e-21
  -1.177901e-20
  -2.047229e-20
  -1.917991e-20
   4.000956e-21
   1.598692e-20
  -1.967510e-20
  -7.455423e-20
  -8.821306e-20
  -4.875756e-20
  -7.061174e-21
   1.620605e-21
   4.388503e-21
   2.388307e-20
   3.474424e-20
   1.191716e-20
   8.566962e-20
  -1.653695e-18
   2.332096e-17
  -2.832820e-16
   2.752391e-15
  -1.907461e-14
   5.379439e-14
   7.014026e-13
  -1.183710e-11
   8.481331e-11
  -2.346956e-10
  -9.651818e-10
   8.027499e-09
   7.601977e-09
  -1.470311e-07
  -3.295012e-07
   1.449198e-06
   1.052410e-05
   3.352521e-05
   7.215717e-05
   1.181930e-04
   1.553653e-04
   1.669166e-04
   1.431178e-04
   8.548860e-05
   6.920878e-06
  -7.345018e-05
  -1.392057e-04
  -1.831442e-04
  -2.064957e-04
  -2.133733e-04
  -2.059640e-04
  -1.826942e-04
  -1.397092e-04
  -7.605020e-05
   5.064875e-07
   7.324239e-05
   1.237138e-04
   1.407228e-04
   1.250431e-04
   8.859124e-05
   4.872909e-05
   1.948050e-05
   5.040639e-06
   8.867867e-07
   4.944707e-07
   3.848864e-07
   9.971982e-08
  -3.593019e-08
  -1.908727e-08
   6.925750e-09
   4.577474e-09
  -1.099022e-09
  -9.065761e-10
   1.743941e-10
   1.534324e-10
  -3.144376e-11
  -2.386961e-11
   5.642932e-12
   3.409692e-12
  -9.678778e-13
  -4.720261e-13
   1.485459e-13
   6.696550e-14
  -1.912408e-14
  -9.927903e-15
   1.699014e-15
   1.364334e-15
   2.787324e-17
  -4.773856e-16
   1.139134e-15
   5.020782e-15
   3.995683e-16
  -3.639596e-14
  -4.040905e-14
   2.528906e-13
   4.062481e-13
  -1.812889e-12
  -3.034648e-12
   1.298750e-11
   2.039504e-11
  -8.851041e-11
  -1.387832e-10
   5.399773e-10
   9.529277e-10
  -3.002137e-09
  -7.592484e-09
   8.452042e-09
   3.256407e-08
  -6.645037e-08
  -4.223585e-07
  -8.730547e-07
  -1.465155e-06
  -4.845216e-06
  -1.907308e-05
  -5.655490e-05
  -1.268806e-04
  -2.279237e-04
  -3.426486e-04
  -4.443638e-04
  -5.066737e-04
  -5.127479e-04
  -4.602796e-04
  -3.602540e-04
  -2.303567e-04
  -8.741718e-05
   5.633195e-05
   1.923205e-04
   3.126833e-04
   4.080345e-04
   4.675637e-04
   4.821901e-04
   4.495769e-04
   3.774966e-04
   2.826398e-04
   1.853962e-04
   1.034520e-04
   4.675090e-05
   1.560924e-05
   3.019910e-06
  -7.899059e-08
  -1.821393e-07
  -4.239808e-09
   1.477634e-08
  -1.167203e-11
  -1.077270e-09
   1.402813e-10
   3.684780e-11
  -1.565819e-11
   2.632387e-12
  -2.227185e-13
  -2.164913e-15
   3.809783e-15
  -6.880381e-16
   8.209427e-17
  -7.672401e-18
   5.976682e-19
  -4.007379e-20
   2.359113e-21
  -1.236029e-22
   5.821370e-24
  -2.483424e-25
   9.654314e-27
  -3.436732e-28
   1.124723e-29
  -3.394972e-31
   9.477190e-33
  -2.452002e-34
   5.889948e-36
  -1.315291e-37
   2.733027e-39
  -5.286679e-41
   9.519945e-43
  -1.594933e-44
   2.482699e-46
  -3.582118e-48
   4.771516e-50
  -5.828971e-52
   6.455848e-54
  -6.343054e-56
   5.268699e-58
  -3.195482e-60
   3.258485e-63
   2.917745e-64
  -5.991768e-66
   8.378963e-68
  -9.729781e-70
   0.000000e+00
   0.000000e+00
