      0.000000e+00
      0.000000e+00
     -8.108629e-17
     -5.374907e-16
     -9.152078e-16
     -8.322785e-16
     -5.500496e-17
      1.277033e-15
      2.663899e-15
      3.516281e-15
      3.470232e-15
      2.482046e-15
      6.943687e-16
     -1.667675e-15
     -4.212343e-15
     -6.315503e-15
     -7.356653e-15
     -7.136580e-15
     -6.054460e-15
     -4.962366e-15
     -5.115449e-15
     -8.350305e-15
     -1.675611e-14
     -3.115104e-14
     -4.929049e-14
     -6.610084e-14
     -7.689136e-14
     -8.096444e-14
     -8.134780e-14
     -7.968465e-14
     -7.127036e-14
     -4.710849e-14
     -3.813950e-15
      4.708244e-14
      8.135416e-14
      7.762830e-14
      3.467967e-14
     -2.505971e-14
     -7.006826e-14
     -8.018235e-14
     -5.557714e-14
     -8.777564e-15
      4.916846e-14
      1.132424e-13
      1.769745e-13
      2.247099e-13
      2.359906e-13
      2.007863e-13
      1.316259e-13
      6.015776e-14
      1.888569e-14
      2.060405e-14
      4.933239e-14
      6.892533e-14
      4.522244e-14
     -3.083785e-14
     -1.344950e-13
     -2.212785e-13
     -2.569322e-13
     -2.424607e-13
     -2.143104e-13
     -2.170124e-13
     -2.675606e-13
     -3.400662e-13
     -3.860572e-13
     -3.768430e-13
     -3.320451e-13
     -3.057110e-13
     -3.379710e-13
     -4.142747e-13
     -4.704219e-13
     -4.406327e-13
     -3.081206e-13
     -1.191501e-13
      4.489292e-14
      1.138442e-13
      6.583917e-14
     -6.202016e-14
     -1.948292e-13
     -2.631327e-13
     -2.410017e-13
     -1.517288e-13
     -4.282126e-14
      3.896186e-14
      5.228263e-14
     -3.576604e-14
     -2.217555e-13
     -4.325944e-13
     -5.441122e-13
     -4.678382e-13
     -2.337734e-13
      2.531087e-14
      1.894567e-13
      2.559394e-13
      3.236078e-13
      4.714153e-13
      6.566061e-13
      7.387859e-13
      6.106609e-13
      3.127530e-13
      2.298214e-14
     -7.637043e-14
      5.697213e-14
      2.933761e-13
      4.394556e-13
      3.913208e-13
      2.013205e-13
      1.242461e-14
     -6.280287e-14
     -5.950224e-15
      1.344524e-13
      2.991965e-13
      4.355316e-13
      4.808104e-13
      3.701734e-13
      9.174081e-14
     -2.610099e-13
     -5.112148e-13
     -5.046517e-13
     -2.241439e-13
      1.869119e-13
      5.221692e-13
      6.548027e-13
      6.040544e-13
      4.749508e-13
      3.427211e-13
      2.011069e-13
      1.371410e-14
     -2.075622e-13
     -3.906916e-13
     -4.623117e-13
     -4.032836e-13
     -2.485480e-13
     -5.109425e-14
      1.453597e-13
      3.133605e-13
      4.401757e-13
      5.176860e-13
      5.220744e-13
      4.099112e-13
      1.608634e-13
     -1.597624e-13
     -3.974823e-13
     -4.015010e-13
     -1.442786e-13
      2.460985e-13
      5.736281e-13
      7.004030e-13
      6.094050e-13
      3.827886e-13
      1.457227e-13
      1.705222e-14
      6.497024e-14
      2.653151e-13
      4.953950e-13
      5.955845e-13
      4.712262e-13
      1.563110e-13
     -2.127304e-13
     -4.845895e-13
     -5.686346e-13
     -4.561403e-13
     -2.014142e-13
      1.057726e-13
      3.658460e-13
      4.962614e-13
      4.551944e-13
      2.547157e-13
     -3.550785e-14
     -2.978503e-13
     -4.105572e-13
     -3.297407e-13
     -1.514336e-13
     -6.736404e-14
     -2.109239e-13
     -5.223672e-13
     -7.810838e-13
     -7.981108e-13
     -5.866519e-13
     -3.368001e-13
     -2.205331e-13
     -2.306927e-13
     -2.171440e-13
     -6.887229e-14
      1.622390e-13
      3.266814e-13
      3.488246e-13
      3.080108e-13
      3.415538e-13
      4.830956e-13
      6.147616e-13
      5.793125e-13
      3.317274e-13
     -1.325462e-14
     -2.655366e-13
     -2.930680e-13
     -1.069838e-13
      1.477026e-13
      2.860590e-13
      2.060834e-13
     -4.295330e-14
     -3.022941e-13
     -4.235774e-13
     -3.650801e-13
     -1.912341e-13
      5.972999e-16
      1.466934e-13
      2.323906e-13
      2.728936e-13
      2.897725e-13
      2.913886e-13
      2.600844e-13
      1.616730e-13
     -1.763660e-14
     -2.376393e-13
     -4.148940e-13
     -4.766811e-13
     -4.081777e-13
     -2.487173e-13
     -4.809649e-14
      1.667069e-13
      3.825401e-13
      5.670576e-13
      6.567801e-13
      5.917410e-13
      3.756907e-13
      1.048501e-13
     -8.176347e-14
     -1.108051e-13
     -4.631257e-14
     -3.408888e-14
     -1.470454e-13
     -2.863416e-13
     -2.666949e-13
     -2.218703e-14
      2.879358e-13
      4.116421e-13
      2.507546e-13
     -4.792253e-14
     -2.640547e-13
     -3.431060e-13
     -4.264048e-13
     -6.441228e-13
     -9.292795e-13
     -1.079952e-12
     -9.854346e-13
     -7.332003e-13
     -4.778817e-13
     -2.623999e-13
     -3.013608e-14
      2.032243e-13
      2.756538e-13
      3.854056e-14
     -4.270930e-13
     -8.132846e-13
     -8.359589e-13
     -4.777293e-13
      1.807603e-14
      3.675410e-13
      4.467547e-13
      3.166350e-13
      1.231522e-13
      4.547006e-15
      4.938270e-14
      2.654628e-13
      5.530583e-13
      7.384227e-13
      6.861228e-13
      4.046533e-13
      3.809679e-14
     -2.541207e-13
     -4.117109e-13
     -4.780609e-13
     -5.121771e-13
     -5.152079e-13
     -4.469137e-13
     -3.010971e-13
     -1.449135e-13
     -6.945377e-14
     -1.011595e-13
     -1.743117e-13
     -2.023329e-13
     -1.732672e-13
     -1.614135e-13
     -2.376522e-13
     -3.752120e-13
     -4.558440e-13
     -3.769680e-13
     -1.582539e-13
      5.411219e-14
      9.523523e-14
     -8.683023e-14
     -3.872396e-13
     -6.273691e-13
     -6.911591e-13
     -5.933526e-13
     -4.312495e-13
     -2.923635e-13
     -2.201656e-13
     -2.453535e-13
     -3.981991e-13
     -6.558065e-13
     -8.965059e-13
     -9.611623e-13
     -7.966736e-13
     -5.278359e-13
     -3.496706e-13
     -3.290519e-13
     -3.295071e-13
     -1.611894e-13
      1.894010e-13
      5.032373e-13
      5.277235e-13
      2.339333e-13
     -1.405659e-13
     -3.141671e-13
     -2.197054e-13
     -3.848177e-14
      6.931739e-15
     -1.259921e-13
     -2.817405e-13
     -2.850764e-13
     -1.208942e-13
      5.634800e-14
      7.789862e-14
     -7.635181e-14
     -2.636034e-13
     -3.266008e-13
     -2.576729e-13
     -2.040019e-13
     -2.980549e-13
     -4.966666e-13
     -6.210990e-13
     -5.650260e-13
     -4.288392e-13
     -4.124248e-13
     -5.818642e-13
     -7.750450e-13
     -7.494521e-13
     -4.109336e-13
      9.867409e-14
      5.092850e-13
      6.085983e-13
      3.689415e-13
     -4.612365e-14
     -3.863521e-13
     -4.719002e-13
     -3.068798e-13
     -6.903300e-14
      3.708003e-14
      1.028668e-14
      1.163733e-13
      2.523188e-13
     -7.822389e-13
     -2.319922e-12
      4.620577e-12
      2.430001e-11
      8.760627e-13
     -1.706102e-10
     -2.878971e-10
      6.588201e-10
      3.258007e-09
      2.474962e-09
     -1.601673e-08
     -5.524022e-08
     -3.927163e-08
      2.463650e-07
      9.657463e-07
      1.413304e-06
     -1.458399e-06
     -1.368230e-05
     -3.958216e-05
     -6.312457e-05
     -2.947695e-06
      3.728906e-04
      1.584677e-03
      4.638784e-03
      1.128657e-02
      2.433946e-02
      4.803038e-02
      8.840777e-02
      1.537456e-01
      2.549496e-01
      4.059394e-01
      6.239822e-01
      9.299585e-01
      1.348536e+00
      1.908235e+00
      2.641372e+00
      3.583859e+00
      4.774872e+00
      6.256368e+00
      8.072457e+00
      1.026866e+01
      1.289101e+01
      1.598514e+01
      1.959516e+01
      2.376263e+01
      2.852545e+01
      3.391673e+01
      3.996374e+01
      4.668702e+01
      5.409941e+01
      6.220539e+01
      7.100047e+01
      8.047084e+01
      9.059308e+01
      1.013342e+02
      1.126518e+02
      1.244945e+02
      1.368023e+02
      1.495075e+02
      1.625354e+02
      1.758054e+02
      1.892321e+02
      2.027261e+02
      2.161955e+02
      2.295469e+02
      2.426866e+02
      2.555216e+02
      2.679606e+02
      2.799149e+02
      2.912990e+02
      3.020317e+02
      3.120361e+02
      3.212402e+02
      3.295773e+02
      3.369859e+02
      3.434102e+02
      3.487993e+02
      3.531079e+02
      3.562958e+02
      3.583279e+02
      3.591738e+02
      3.588080e+02
      3.572098e+02
      3.543630e+02
      3.502561e+02
      3.448825e+02
      3.382407e+02
      3.303341e+02
      3.211717e+02
      3.107684e+02
      2.991450e+02
      2.863289e+02
      2.723541e+02
      2.572616e+02
      2.410996e+02
      2.239235e+02
      2.057961e+02
      1.867872e+02
      1.669734e+02
      1.464378e+02
      1.252693e+02
      1.035618e+02
      8.141359e+01
      5.892616e+01
      3.620313e+01
      1.334910e+01
     -9.531595e+00
     -3.233616e+01
     -5.496459e+01
     -7.732093e+01
     -9.931441e+01
     -1.208605e+02
     -1.418820e+02
     -1.623095e+02
     -1.820824e+02
     -2.011490e+02
     -2.194671e+02
     -2.370038e+02
     -2.537353e+02
     -2.696468e+02
     -2.847321e+02
     -2.989924e+02
     -3.124363e+02
     -3.250784e+02
     -3.369385e+02
     -3.480407e+02
     -3.584123e+02
     -3.680831e+02
     -3.770840e+02
     -3.854469e+02
     -3.932030e+02
     -4.003831e+02
     -4.070163e+02
     -4.131301e+02
     -4.187499e+02
     -4.238989e+02
     -4.285980e+02
     -4.328657e+02
     -4.367186e+02
     -4.401711e+02
     -4.432358e+02
     -4.459241e+02
     -4.482455e+02
     -4.502088e+02
     -4.518215e+02
     -4.530901e+02
     -4.540203e+02
     -4.546168e+02
     -4.548831e+02
     -4.548212e+02
     -4.544318e+02
     -4.537134e+02
     -4.526623e+02
     -4.512724e+02
     -4.495342e+02
     -4.474351e+02
     -4.449590e+02
     -4.420860e+02
     -4.387923e+02
     -4.350503e+02
     -4.308286e+02
     -4.260927e+02
     -4.208049e+02
     -4.149253e+02
     -4.084122e+02
     -4.012231e+02
     -3.933157e+02
     -3.846486e+02
     -3.751828e+02
     -3.648824e+02
     -3.537163e+02
     -3.416583e+02
     -3.286893e+02
     -3.147971e+02
     -2.999781e+02
     -2.842372e+02
     -2.675889e+02
     -2.500572e+02
     -2.316758e+02
     -2.124882e+02
     -1.925470e+02
     -1.719139e+02
     -1.506587e+02
     -1.288588e+02
     -1.065979e+02
     -8.396535e+01
     -6.105484e+01
     -3.796331e+01
     -1.478976e+01
      8.365840e+00
      3.140370e+01
      5.422522e+01
      7.673389e+01
      9.883618e+01
      1.204422e+02
      1.414663e+02
      1.618275e+02
      1.814498e+02
      2.002624e+02
      2.182000e+02
      2.352025e+02
      2.512150e+02
      2.661878e+02
      2.800765e+02
      2.928413e+02
      3.044473e+02
      3.148643e+02
      3.240669e+02
      3.320342e+02
      3.387501e+02
      3.442033e+02
      3.483876e+02
      3.513024e+02
      3.529525e+02
      3.533486e+02
      3.525078e+02
      3.504539e+02
      3.472175e+02
      3.428363e+02
      3.373553e+02
      3.308269e+02
      3.233106e+02
      3.148730e+02
      3.055874e+02
      2.955331e+02
      2.847950e+02
      2.734628e+02
      2.616299e+02
      2.493923e+02
      2.368477e+02
      2.240943e+02
      2.112292e+02
      1.983475e+02
      1.855407e+02
      1.728959e+02
      1.604946e+02
      1.484112e+02
      1.367129e+02
      1.254586e+02
      1.146982e+02
      1.044729e+02
      9.481415e+01
      8.574463e+01
      7.727789e+01
      6.941899e+01
      6.216504e+01
      5.550591e+01
      4.942507e+01
      4.390049e+01
      3.890559e+01
      3.441024e+01
      3.038172e+01
      2.678567e+01
      2.358696e+01
      2.075050e+01
      1.824194e+01
      1.602824e+01
      1.407813e+01
      1.236248e+01
      1.085448e+01
      9.529792e+00
      8.366528e+00
      7.345183e+00
      6.448494e+00
      5.661256e+00
      4.970108e+00
      4.363325e+00
      3.830616e+00
      3.362943e+00
      2.952368e+00
      2.591922e+00
      2.275481e+00
      1.997674e+00
      1.753783e+00
      1.539667e+00
      1.351693e+00
      1.186668e+00
      1.041791e+00
      9.146012e-01
      8.029398e-01
      7.049108e-01
      6.188500e-01
      5.432961e-01
      4.769664e-01
      4.187348e-01
      3.676125e-01
      3.227316e-01
      2.833301e-01
      2.487390e-01
      2.183711e-01
      1.917107e-01
      1.683052e-01
      1.477572e-01
      1.297179e-01
      1.138810e-01
      9.997753e-02
      8.777152e-02
      7.705571e-02
      6.764817e-02
      5.938917e-02
      5.213849e-02
      4.577303e-02
      4.018471e-02
      3.527866e-02
      3.097158e-02
      2.719033e-02
      2.387073e-02
      2.095641e-02
      1.839790e-02
      1.615174e-02
      1.417982e-02
      1.244864e-02
      1.092881e-02
      9.594542e-03
      8.423168e-03
      7.394804e-03
      6.491991e-03
      5.699399e-03
      5.003574e-03
      4.392700e-03
      3.856406e-03
      3.385587e-03
      2.972249e-03
      2.609374e-03
      2.290802e-03
      2.011124e-03
      1.765591e-03
      1.550034e-03
      1.360794e-03
      1.194658e-03
      1.048805e-03
      9.207592e-04
      8.083460e-04
      7.096570e-04
      6.230168e-04
      5.469542e-04
      4.801779e-04
      4.215542e-04
      3.700876e-04
      3.249046e-04
      2.852378e-04
      2.504138e-04
      2.198414e-04
      1.930015e-04
      1.694384e-04
      1.487521e-04
      1.305913e-04
      1.146477e-04
      1.006507e-04
      8.836249e-05
      7.757453e-05
      6.810365e-05
      5.978904e-05
      5.248954e-05
      4.608122e-05
      4.045528e-05
      3.551620e-05
      3.118011e-05
      2.737341e-05
      2.403146e-05
      2.109751e-05
      1.852177e-05
      1.626049e-05
      1.427529e-05
      1.253246e-05
      1.100240e-05
      9.659143e-06
      8.479881e-06
      7.444594e-06
      6.535701e-06
      5.737774e-06
      5.037263e-06
      4.422276e-06
      3.882371e-06
      3.408382e-06
      2.992261e-06
      2.626943e-06
      2.306226e-06
      2.024664e-06
      1.777478e-06
      1.560470e-06
      1.369956e-06
      1.202701e-06
      1.055867e-06
      9.269584e-07
      8.137882e-07
      7.144347e-07
      6.272113e-07
      5.506369e-07
      4.834112e-07
      4.243927e-07
      3.725796e-07
      3.270922e-07
      2.871582e-07
      2.520998e-07
      2.213216e-07
      1.943010e-07
      1.705791e-07
      1.497533e-07
      1.314703e-07
      1.154196e-07
      1.013283e-07
      8.895729e-08
      7.809664e-08
      6.856214e-08
      6.019185e-08
      5.284343e-08
      4.639197e-08
      4.072794e-08
      3.575538e-08
      3.139006e-08
      2.755793e-08
      2.419370e-08
      2.123997e-08
      1.864657e-08
      1.636980e-08
      1.437123e-08
      1.261687e-08
      1.107665e-08
      9.724330e-09
      8.537035e-09
      7.494720e-09
      6.579673e-09
      5.776318e-09
      5.071086e-09
      4.452086e-09
      3.908733e-09
      3.431620e-09
      3.012563e-09
      2.644565e-09
      2.321578e-09
      2.038210e-09
      1.789556e-09
      1.571202e-09
      1.379359e-09
      1.210888e-09
      1.063086e-09
      9.334031e-10
      8.194420e-10
      7.192212e-10
      6.312376e-10
      5.541670e-10
      4.866231e-10
      4.272754e-10
      3.750663e-10
      3.291988e-10
      2.889733e-10
      2.537063e-10
      2.890586e-10
      3.292352e-10
      3.748916e-10
      4.268974e-10
      4.862677e-10
      5.541166e-10
      6.316222e-10
      7.199562e-10
      8.202743e-10
      9.339436e-10
      1.062920e-09
      1.209888e-09
      1.377971e-09
      1.570313e-09
      1.789879e-09
      2.039663e-09
      2.323256e-09
      2.645467e-09
      3.012443e-09
      3.431094e-09
      3.908466e-09
      4.452045e-09
      5.070796e-09
      5.775681e-09
      6.579118e-09
      7.494575e-09
      8.537157e-09
      9.724414e-09
      1.107657e-08
      1.261667e-08
      1.437103e-08
      1.636960e-08
      1.864622e-08
      2.123924e-08
      2.419262e-08
      2.755682e-08
      3.138939e-08
      3.575537e-08
      4.072835e-08
      4.639219e-08
      5.284303e-08
      6.019094e-08
      6.856117e-08
      7.809591e-08
      8.895683e-08
      1.013281e-07
      1.154196e-07
      1.314708e-07
      1.497541e-07
      1.705798e-07
      1.943013e-07
      2.213213e-07
      2.520991e-07
      2.871576e-07
      3.270920e-07
      3.725797e-07
      4.243926e-07
      4.834104e-07
      5.506359e-07
      6.272108e-07
      7.144350e-07
      8.137888e-07
      9.269590e-07
      1.055867e-06
      1.202702e-06
      1.369956e-06
      1.560470e-06
      1.777479e-06
      2.024665e-06
      2.306227e-06
      2.626944e-06
      2.992262e-06
      3.408383e-06
      3.882372e-06
      4.422277e-06
      5.037265e-06
      5.737776e-06
      6.535704e-06
      7.444597e-06
      8.479885e-06
      9.659145e-06
      1.100240e-05
      1.253246e-05
      1.427529e-05
      1.626050e-05
      1.852178e-05
      2.109752e-05
      2.403146e-05
      2.737341e-05
      3.118012e-05
      3.551621e-05
      4.045529e-05
      4.608124e-05
      5.248956e-05
      5.978906e-05
      6.810367e-05
      7.757455e-05
      8.836251e-05
      1.006507e-04
      1.146478e-04
      1.305914e-04
      1.487521e-04
      1.694385e-04
      1.930015e-04
      2.198414e-04
      2.504139e-04
      2.852378e-04
      3.249046e-04
      3.700877e-04
      4.215543e-04
      4.801780e-04
      5.469543e-04
      6.230169e-04
      7.096572e-04
      8.083462e-04
      9.207595e-04
      1.048806e-03
      1.194659e-03
      1.360795e-03
      1.550034e-03
      1.765591e-03
      2.011124e-03
      2.290803e-03
      2.609375e-03
      2.972250e-03
      3.385588e-03
      3.856407e-03
      4.392701e-03
      5.003575e-03
      5.699401e-03
      6.491992e-03
      7.394806e-03
      8.423170e-03
      9.594544e-03
      1.092882e-02
      1.244864e-02
      1.417982e-02
      1.615175e-02
      1.839790e-02
      2.095642e-02
      2.387074e-02
      2.719034e-02
      3.097159e-02
      3.527867e-02
      4.018473e-02
      4.577304e-02
      5.213851e-02
      5.938918e-02
      6.764819e-02
      7.705573e-02
      8.777154e-02
      9.997755e-02
      1.138810e-01
      1.297180e-01
      1.477573e-01
      1.683052e-01
      1.917107e-01
      2.183711e-01
      2.487391e-01
      2.833302e-01
      3.227317e-01
      3.676126e-01
      4.187349e-01
      4.769666e-01
      5.432963e-01
      6.188502e-01
      7.049110e-01
      8.029400e-01
      9.146014e-01
      1.041791e+00
      1.186669e+00
      1.351694e+00
      1.539668e+00
      1.753783e+00
      1.997674e+00
      2.275482e+00
      2.591923e+00
      2.952371e+00
      3.362944e+00
      3.830615e+00
      4.363322e+00
      4.970111e+00
      5.661282e+00
      6.448565e+00
      7.345325e+00
      8.366781e+00
      9.530264e+00
      1.085550e+01
      1.236490e+01
      1.408390e+01
      1.604125e+01
      1.826936e+01
      2.080455e+01
      2.368736e+01
      2.696271e+01
      3.068004e+01
      3.489338e+01
      3.966130e+01
      4.504673e+01
      5.111671e+01
      5.794199e+01
      6.559648e+01
      7.415663e+01
      8.370061e+01
      9.430747e+01
      1.060561e+02
      1.190242e+02
      1.332872e+02
      1.489168e+02
      1.659802e+02
      1.845384e+02
      2.046456e+02
      2.263477e+02
      2.496812e+02
      2.746726e+02
      3.013375e+02
      3.296795e+02
      3.596905e+02
      3.913496e+02
      4.246231e+02
      4.594648e+02
      4.958156e+02
      5.336043e+02
      5.727477e+02
      6.131510e+02
      6.547091e+02
      6.973065e+02
      7.408190e+02
      7.851140e+02
      8.300515e+02
      8.754855e+02
      9.212642e+02
      9.672317e+02
      1.013228e+03
      1.059092e+03
      1.104658e+03
      1.149763e+03
      1.194240e+03
      1.237924e+03
      1.280653e+03
      1.322263e+03
      1.362596e+03
      1.401495e+03
      1.438806e+03
      1.474382e+03
      1.508079e+03
      1.539758e+03
      1.569287e+03
      1.596540e+03
      1.621400e+03
      1.643757e+03
      1.663511e+03
      1.680569e+03
      1.694851e+03
      1.706286e+03
      1.714816e+03
      1.720393e+03
      1.722984e+03
      1.722567e+03
      1.719132e+03
      1.712684e+03
      1.703240e+03
      1.690830e+03
      1.675497e+03
      1.657293e+03
      1.636286e+03
      1.612551e+03
      1.586174e+03
      1.557248e+03
      1.525877e+03
      1.492166e+03
      1.456230e+03
      1.418186e+03
      1.378151e+03
      1.336247e+03
      1.292595e+03
      1.247313e+03
      1.200520e+03
      1.152330e+03
      1.102852e+03
      1.052195e+03
      1.000459e+03
      9.477413e+02
      8.941315e+02
      8.397153e+02
      7.845725e+02
      7.287776e+02
      6.723999e+02
      6.155041e+02
      5.581505e+02
      5.003958e+02
      4.422930e+02
      3.838926e+02
      3.252425e+02
      2.663888e+02
      2.073764e+02
      1.482487e+02
      8.904902e+01
      2.981993e+01
     -2.939587e+01
     -8.855554e+01
     -1.476158e+02
     -2.065331e+02
     -2.652628e+02
     -3.237597e+02
     -3.819778e+02
     -4.398699e+02
     -4.973875e+02
     -5.544809e+02
     -6.110989e+02
     -6.671884e+02
     -7.226942e+02
     -7.775592e+02
     -8.317233e+02
     -8.851237e+02
     -9.376946e+02
     -9.893664e+02
     -1.040066e+03
     -1.089717e+03
     -1.138237e+03
     -1.185543e+03
     -1.231544e+03
     -1.276147e+03
     -1.319255e+03
     -1.360769e+03
     -1.400584e+03
     -1.438596e+03
     -1.474697e+03
     -1.508780e+03
     -1.540738e+03
     -1.570465e+03
     -1.597857e+03
     -1.622815e+03
     -1.645244e+03
     -1.665055e+03
     -1.682167e+03
     -1.696506e+03
     -1.708010e+03
     -1.716626e+03
     -1.722312e+03
     -1.725039e+03
     -1.724791e+03
     -1.721564e+03
     -1.715369e+03
     -1.706229e+03
     -1.694182e+03
     -1.679279e+03
     -1.661583e+03
     -1.641172e+03
     -1.618132e+03
     -1.592564e+03
     -1.564578e+03
     -1.534292e+03
     -1.501835e+03
     -1.467343e+03
     -1.430958e+03
     -1.392829e+03
     -1.353108e+03
     -1.311952e+03
     -1.269523e+03
     -1.225982e+03
     -1.181494e+03
     -1.136224e+03
     -1.090337e+03
     -1.043997e+03
     -9.973677e+02
     -9.506108e+02
     -9.038854e+02
     -8.573477e+02
     -8.111502e+02
     -7.654412e+02
     -7.203640e+02
     -6.760564e+02
     -6.326500e+02
     -5.902693e+02
     -5.490313e+02
     -5.090446e+02
     -4.704088e+02
     -4.332138e+02
     -3.975391e+02
     -3.634534e+02
     -3.310142e+02
     -3.002670e+02
     -2.712455e+02
     -2.439712e+02
     -2.184534e+02
     -1.946891e+02
     -1.726639e+02
     -1.523517e+02
     -1.337156e+02
     -1.167088e+02
     -1.012750e+02
     -8.734960e+01
     -7.486084e+01
     -6.373077e+01
     -5.387658e+01
     -4.521174e+01
     -3.764733e+01
     -3.109323e+01
     -2.545933e+01
     -2.065664e+01
     -1.659837e+01
     -1.320085e+01
     -1.038434e+01
     -8.073742e+00
     -6.199146e+00
     -4.696227e+00
     -3.506518e+00
     -2.577527e+00
     -1.862735e+00
     -1.321466e+00
     -9.186562e-01
     -6.245283e-01
     -4.141988e-01
     -2.672290e-01
     -1.671422e-01
     -1.009243e-01
     -5.852546e-02
     -3.237682e-02
     -1.693667e-02
     -8.275649e-03
     -3.708719e-03
     -1.478849e-03
     -4.939756e-04
     -1.165312e-04
     -2.326235e-06
      1.640601e-05
      1.051694e-05
      3.703104e-06
      4.696218e-07
     -3.211458e-07
     -2.380168e-07
     -6.614777e-08
      6.348632e-09
      1.291477e-08
      4.263958e-09
     -3.483612e-10
     -7.657993e-10
     -1.973953e-10
      5.435881e-11
      4.394945e-11
      3.078354e-12
     -5.634772e-12
     -1.576070e-12
      5.125672e-13
      2.993293e-13
     -3.067030e-14
     -4.413884e-14
      1.517752e-16
      5.871073e-15
      2.645284e-16
     -7.529680e-16
     -4.036428e-17
      9.554790e-17
      2.219149e-18
     -1.187720e-17
      5.147963e-19
      1.383735e-18
     -2.011319e-19
     -1.383391e-19
      4.194776e-20
      9.459625e-21
     -6.318986e-21
      1.032602e-22
      6.753375e-22
     -1.556894e-22
     -3.694321e-23
      2.551893e-23
     -2.704651e-24
     -1.908157e-24
      8.219579e-25
     -5.307877e-26
     -6.550404e-26
      2.657003e-26
     -2.608683e-27
     -1.642663e-27
      8.450859e-28
     -1.629897e-28
     -1.528812e-29
      2.103545e-29
     -7.246703e-30
      1.174047e-30
      1.317059e-31
     -1.604866e-31
      6.138138e-32
     -1.481993e-32
      1.876805e-33
      3.153420e-34
     -3.067892e-34
      1.279243e-34
     -4.077697e-35
      1.111003e-35
     -2.703808e-36
      6.012953e-37
     -1.238741e-37
      2.385262e-38
     -4.319448e-39
      7.388171e-40
     -1.197186e-40
      1.841307e-41
     -2.690360e-42
      3.733470e-43
     -4.912790e-44
      6.107754e-45
     -7.124686e-46
      7.696276e-47
     -7.494640e-48
      6.159735e-49
     -3.341923e-50
     -1.245885e-51
      7.774068e-52
     -1.624949e-52
      2.648538e-53
     -3.809523e-54
      5.051422e-55
     -6.304686e-56
      7.493489e-57
     -8.543578e-58
      9.390012e-59
     -9.983694e-60
      1.029579e-60
     -1.031955e-61
      1.006947e-62
     -9.578192e-64
      8.891643e-65
     -8.063467e-66
      7.149355e-67
     -6.202077e-68
      5.267652e-69
     -4.382904e-70
      3.574397e-71
     -2.858581e-72
      2.242842e-73
     -1.727135e-74
      1.305866e-75
     -9.697752e-77
      7.076003e-78
     -5.074409e-79
      3.577600e-80
     -2.480435e-81
      1.691644e-82
     -1.135125e-83
      7.496108e-85
     -4.872869e-86
      3.118781e-87
     -1.965743e-88
      1.220386e-89
     -7.464131e-91
      4.498351e-92
     -2.671753e-93
      1.564164e-94
     -9.027825e-96
      5.137686e-97
     -2.883383e-98
      1.596071e-99
    -8.715235e-101
     4.695089e-102
    -2.495771e-103
     1.309239e-104
    -6.778616e-106
     3.464374e-107
    -1.747922e-108
     8.707298e-110
    -4.283096e-111
     2.080621e-112
    -9.982412e-114
     4.730755e-115
    -2.214736e-116
     1.024361e-117
    -4.681288e-119
     2.113975e-120
    -9.434007e-122
     4.160958e-123
    -1.813966e-124
     7.817006e-126
    -3.330148e-127
     1.402600e-128
    -5.840977e-130
     2.405207e-131
    -9.794171e-133
     3.944239e-134
    -1.570980e-135
     6.189008e-137
    -2.411816e-138
     9.297575e-140
    -3.545901e-141
     1.337960e-142
    -4.995128e-144
     1.845290e-145
    -6.745648e-147
     2.440336e-148
    -8.737112e-150
     3.096019e-151
    -1.085879e-152
     3.769856e-154
    -1.295560e-155
     4.407607e-157
    -1.484510e-158
     4.950176e-160
    -1.634320e-161
     5.342613e-163
    -1.729384e-164
     5.543333e-166
    -1.759593e-167
     5.531399e-169
    -1.722101e-170
     5.310094e-172
    -1.621751e-173
     4.905950e-175
    -1.470066e-176
     4.363580e-178
    -1.283095e-179
     3.737673e-181
    -1.078666e-182
     3.084130e-184
    -8.736833e-186
     2.452262e-187
    -6.820038e-189
     1.879442e-190
    -5.132252e-192
     1.388797e-193
    -3.724224e-195
     9.897215e-197
    -2.606659e-198
     6.803979e-200
    -1.760203e-201
     4.513325e-203
    -1.147037e-204
     2.889465e-206
    -7.214886e-208
     1.785770e-209
    -4.381446e-211
     1.065656e-212
    -2.569423e-214
     6.141644e-216
    -1.455375e-217
     3.419144e-219
    -7.963841e-221
     1.839082e-222
    -4.210783e-224
     9.559123e-226
    -2.151674e-227
     4.802282e-229
    -1.062774e-230
     2.332200e-232
    -5.074942e-234
     1.095080e-235
    -2.343248e-237
     4.972298e-239
    -1.046335e-240
     2.183570e-242
    -4.519125e-244
     9.275557e-246
    -1.888129e-247
     3.811859e-249
    -7.632427e-251
     1.515710e-252
    -2.985412e-254
     5.832218e-256
    -1.130085e-257
     2.171913e-259
    -4.140323e-261
     7.828751e-263
    -1.468328e-264
     2.731690e-266
    -5.041077e-268
     9.227925e-270
    -1.675632e-271
     3.018231e-273
    -5.392996e-275
     9.559082e-277
    -1.680797e-278
     2.931783e-280
    -5.073058e-282
     8.708300e-284
    -1.482949e-285
     2.505256e-287
    -4.198696e-289
     6.980981e-291
    -1.151493e-292
     1.884308e-294
    -3.059081e-296
     4.926982e-298
    -7.872714e-300
     1.248026e-301
    -1.962818e-303
     3.062639e-305
    -4.741027e-307
     7.281338e-309
    -1.109464e-310
     1.677189e-312
    -2.515088e-314
     3.550034e-316
    -2.939952e-318
     6.847750e-321
    -9.881313e-324
     -0.000000e+00
     -0.000000e+00
     -0.000000e+00
     -0.000000e+00
     -0.000000e+00
     -0.000000e+00
     -0.000000e+00
     -0.000000e+00
     -0.000000e+00
     -0.000000e+00
     -0.000000e+00
     -0.000000e+00
     -0.000000e+00
     -0.000000e+00
     -0.000000e+00
     -0.000000e+00
     -0.000000e+00
     -0.000000e+00
     -0.000000e+00
     -0.000000e+00
     -0.000000e+00
     -0.000000e+00
     -0.000000e+00
     -0.000000e+00
     -0.000000e+00
     -0.000000e+00
     -0.000000e+00
     -0.000000e+00
     -0.000000e+00
     -0.000000e+00
     -0.000000e+00
     -0.000000e+00
     -0.000000e+00
     -0.000000e+00
     -0.000000e+00
     -0.000000e+00
     -0.000000e+00
     -0.000000e+00
     -0.000000e+00
     -0.000000e+00
     -0.000000e+00
     -0.000000e+00
     -0.000000e+00
     -0.000000e+00
     -0.000000e+00
     -0.000000e+00
     -0.000000e+00
     -0.000000e+00
     -0.000000e+00
     -0.000000e+00
     -0.000000e+00
     -0.000000e+00
     -0.000000e+00
     -0.000000e+00
     -0.000000e+00
     -0.000000e+00
     -0.000000e+00
     -0.000000e+00
     -0.000000e+00
     -0.000000e+00
     -0.000000e+00
     -0.000000e+00
     -0.000000e+00
     -0.000000e+00
     -0.000000e+00
     -0.000000e+00
     -0.000000e+00
     -0.000000e+00
     -0.000000e+00
     -0.000000e+00
     -0.000000e+00
     -0.000000e+00
     -0.000000e+00
     -0.000000e+00
     -0.000000e+00
     -0.000000e+00
     -0.000000e+00
     -0.000000e+00
     -0.000000e+00
     -0.000000e+00
     -0.000000e+00
     -0.000000e+00
     -0.000000e+00
     -0.000000e+00
     -0.000000e+00
     -0.000000e+00
     -0.000000e+00
     -0.000000e+00
     -0.000000e+00
     -0.000000e+00
     -0.000000e+00
     -0.000000e+00
     -0.000000e+00
     -0.000000e+00
     -0.000000e+00
     -0.000000e+00
     -0.000000e+00
     -0.000000e+00
     -0.000000e+00
     -0.000000e+00
     -0.000000e+00
     -0.000000e+00
      0.000000e+00
      0.000000e+00
