      0.000000e+00
      0.000000e+00
     -4.418133e-16
      1.830544e-18
     -1.766966e-16
     -2.504733e-15
     -3.110256e-15
      3.030999e-15
      4.502418e-15
     -2.659148e-14
     -9.521958e-14
     -1.530844e-13
     -1.416697e-13
     -6.982837e-14
     -1.532509e-14
     -3.587497e-14
     -1.013430e-13
     -1.240477e-13
     -4.277851e-14
      1.178566e-13
      2.510667e-13
      2.459724e-13
      1.005849e-13
     -5.567756e-14
     -1.002659e-13
     -6.197407e-14
     -6.978291e-14
     -1.746095e-13
     -2.855719e-13
     -2.862918e-13
     -1.716483e-13
     -4.720038e-14
     -6.893933e-15
     -4.991556e-14
     -1.271390e-13
     -2.077260e-13
     -2.597050e-13
     -2.317850e-13
     -1.174008e-13
      1.482824e-14
      1.003104e-13
      1.242885e-13
      6.499178e-14
     -1.074955e-13
     -3.374861e-13
     -4.838589e-13
     -4.484387e-13
     -2.437856e-13
      4.643805e-14
      2.981434e-13
      3.845231e-13
      2.880763e-13
      1.511246e-13
      1.332035e-13
      2.349742e-13
      3.064768e-13
      2.136056e-13
     -1.501592e-14
     -2.112357e-13
     -2.517282e-13
     -1.733032e-13
     -7.247800e-14
      1.342825e-14
      7.800978e-14
      1.152674e-13
      1.527265e-13
      2.053261e-13
      2.026914e-13
      7.836294e-14
     -9.838308e-14
     -2.094976e-13
     -2.717853e-13
     -3.605352e-13
     -3.733491e-13
     -1.269415e-13
      2.661508e-13
      4.144444e-13
      9.307228e-13
     -7.072374e-12
      5.350142e-11
     -3.004681e-10
      1.126238e-09
     -1.458063e-09
     -1.223334e-08
      8.109111e-08
     -1.096400e-07
     -9.190346e-07
      3.662237e-06
      7.595461e-06
     -5.604896e-05
     -9.658962e-05
      6.623255e-04
      2.053436e-03
     -4.109503e-03
     -3.503054e-02
     -6.434282e-02
      1.549538e-01
      1.412641e+00
      5.391757e+00
      1.479599e+01
      3.300746e+01
      6.322579e+01
      1.073301e+02
      1.649052e+02
      2.328479e+02
      3.057202e+02
      3.766915e+02
      4.386762e+02
      4.852676e+02
      5.112649e+02
      5.128635e+02
      4.877540e+02
      4.353466e+02
      3.571393e+02
      2.570072e+02
      1.410948e+02
      1.710527e+01
     -1.069328e+02
     -2.240542e+02
     -3.294145e+02
     -4.206566e+02
     -4.975367e+02
     -5.610816e+02
     -6.127053e+02
     -6.536269e+02
     -6.846814e+02
     -7.063506e+02
     -7.187458e+02
     -7.213836e+02
     -7.128422e+02
     -6.905857e+02
     -6.512608e+02
     -5.915648e+02
     -5.094712e+02
     -4.053606e+02
     -2.825896e+02
     -1.472584e+02
     -7.286435e+00
      1.288195e+02
      2.530610e+02
      3.586403e+02
      4.402686e+02
      4.943174e+02
      5.190553e+02
      5.150209e+02
      4.853402e+02
      4.356607e+02
      3.734657e+02
      3.068144e+02
      2.428570e+02
      1.866354e+02
      1.405763e+02
      1.047782e+02
      7.784745e+01
      5.784946e+01
      4.299467e+01
      3.191861e+01
      2.365720e+01
      1.751458e+01
      1.296087e+01
      9.587211e+00
      7.086254e+00
      5.232329e+00
      3.859487e+00
      2.844087e+00
      2.093657e+00
      1.539432e+00
      1.130493e+00
      8.290930e-01
      6.072092e-01
      4.440540e-01
      3.242336e-01
      2.363579e-01
      1.720034e-01
      1.249458e-01
      9.059111e-02
      6.555266e-02
      4.733656e-02
      3.410865e-02
      2.452180e-02
      1.758808e-02
      1.258401e-02
      8.980712e-03
      6.392162e-03
      4.537156e-03
      3.211228e-03
      2.266005e-03
      1.594054e-03
      1.117753e-03
      7.811528e-04
      5.440256e-04
      3.775197e-04
      2.609991e-04
      1.797455e-04
      1.232922e-04
      8.421866e-05
      5.728107e-05
      3.878616e-05
      2.614183e-05
      1.753547e-05
      1.170434e-05
      1.753838e-05
      2.614583e-05
      3.879174e-05
      5.728880e-05
      8.422936e-05
      1.233070e-04
      1.797659e-04
      2.610271e-04
      3.775580e-04
      5.440781e-04
      7.812245e-04
      1.117850e-03
      1.594187e-03
      2.266186e-03
      3.211474e-03
      4.537490e-03
      6.392613e-03
      8.981323e-03
      1.258484e-02
      1.758919e-02
      2.452331e-02
      3.411068e-02
      4.733931e-02
      6.555635e-02
      9.059607e-02
      1.249525e-01
      1.720125e-01
      2.363701e-01
      3.242495e-01
      4.440755e-01
      6.072402e-01
      8.291352e-01
      1.130540e+00
      1.539488e+00
      2.093766e+00
      2.844293e+00
      3.859669e+00
      5.232261e+00
      7.086268e+00
      9.588573e+00
      1.296380e+01
      1.751504e+01
      2.365048e+01
      3.191567e+01
      4.303546e+01
      5.797845e+01
      7.805813e+01
      1.050603e+02
      1.413350e+02
      1.897453e+02
      2.533682e+02
      3.349233e+02
      4.360292e+02
      5.564907e+02
      6.938423e+02
      8.432964e+02
      9.981026e+02
      1.150196e+03
      1.290953e+03
      1.411902e+03
      1.505327e+03
      1.564788e+03
      1.585582e+03
      1.565165e+03
      1.503423e+03
      1.402692e+03
      1.267420e+03
      1.103499e+03
      9.174086e+02
      7.154000e+02
      5.029367e+02
      2.844916e+02
      6.366973e+01
     -1.564871e+02
     -3.731770e+02
     -5.835967e+02
     -7.847876e+02
     -9.735159e+02
     -1.146142e+03
     -1.298502e+03
     -1.425912e+03
     -1.523405e+03
     -1.586270e+03
     -1.610812e+03
     -1.595155e+03
     -1.539831e+03
     -1.447993e+03
     -1.325178e+03
     -1.178750e+03
     -1.017173e+03
     -8.492970e+02
     -6.837383e+02
     -5.283255e+02
     -3.895768e+02
     -2.721891e+02
     -1.786182e+02
     -1.088971e+02
     -6.082263e+01
     -3.054164e+01
     -1.341603e+01
     -4.930043e+00
     -1.385458e+00
     -2.245621e-01
      2.146996e-02
      2.407260e-02
      4.393257e-03
     -1.193712e-03
     -6.034924e-04
      3.580643e-05
      5.912864e-05
     -1.051414e-06
     -5.246382e-06
      3.674428e-07
      3.973163e-07
     -8.507313e-08
     -1.452072e-08
      9.372575e-09
     -1.443760e-09
     -1.815534e-10
      1.470256e-10
     -4.158343e-11
      7.910684e-12
     -1.125513e-12
      1.195335e-13
     -8.084056e-15
     -7.847940e-17
      1.311353e-16
     -2.593579e-17
      3.609756e-18
     -4.147287e-19
      4.156245e-20
     -3.732788e-21
      3.052836e-22
     -2.297863e-23
      1.604029e-24
     -1.044454e-25
      6.373136e-27
     -3.657931e-28
      1.981077e-29
     -1.015112e-30
      4.932633e-32
     -2.277594e-33
      1.001115e-34
     -4.195600e-36
      1.678912e-37
     -6.423101e-39
      2.352077e-40
     -8.252941e-42
      2.777385e-43
     -8.972572e-45
      2.784854e-46
     -8.310255e-48
      2.385873e-49
     -6.594349e-51
      1.755641e-52
     -4.504697e-54
      1.114469e-55
     -2.659693e-57
      6.125280e-59
     -1.361773e-60
      2.923506e-62
     -6.062390e-64
      1.214585e-65
     -2.351489e-67
      4.400069e-69
     -7.958479e-71
      1.391519e-72
     -2.352072e-74
      3.843327e-76
     -6.070541e-78
      9.267255e-80
     -1.367057e-81
      1.948064e-83
     -2.680550e-85
      3.559690e-87
     -4.558869e-89
      5.625344e-91
     -6.679511e-93
      7.619271e-95
     -8.330144e-97
      8.700514e-99
    -8.639873e-101
     8.096704e-103
    -7.072032e-105
     5.625109e-107
    -3.869089e-109
     1.956777e-111
    -5.886161e-115
    -1.661116e-115
     3.069972e-117
    -4.081729e-119
     4.665163e-121
    -4.841431e-123
     4.673357e-125
    -4.249600e-127
     3.667533e-129
    -3.018251e-131
     2.376019e-133
      0.000000e+00
      0.000000e+00
