      0.000000e+00
      0.000000e+00
     -7.418330e-15
     -7.565615e-15
     -6.366989e-16
     -2.066074e-14
     -7.125822e-14
     -9.499918e-14
     -9.554307e-14
     -1.329427e-13
     -1.583289e-13
     -9.958549e-14
     -3.404611e-14
     -5.162388e-14
     -1.016299e-13
     -9.487712e-14
     -3.220453e-14
      3.080188e-14
      8.215887e-14
      1.131701e-13
      3.610239e-14
     -1.737420e-13
     -3.413253e-13
     -3.070345e-13
     -1.697097e-13
     -1.279749e-13
     -1.505194e-13
     -8.310734e-14
      5.011893e-15
     -3.079808e-14
     -1.262328e-13
     -2.246021e-13
     -3.776635e-13
     -1.423155e-13
     -4.508556e-12
      6.530537e-11
     -8.201443e-10
      8.330809e-09
     -6.160577e-08
      2.179436e-07
      1.740708e-06
     -3.542597e-05
      2.747396e-04
     -8.645161e-04
     -2.677048e-03
      2.738793e-02
      1.382927e-02
     -5.070349e-01
     -9.473721e-01
      5.504398e+00
      3.603024e+01
      1.105704e+02
      2.320693e+02
      3.726927e+02
      4.821896e+02
      5.116715e+02
      4.347692e+02
      2.582916e+02
      2.142742e+01
     -2.202024e+02
     -4.212164e+02
     -5.643083e+02
     -6.556121e+02
     -7.069838e+02
     -7.217197e+02
     -6.889190e+02
     -5.875340e+02
     -4.032378e+02
     -1.499751e+02
      1.243339e+02
      3.560692e+02
      4.932395e+02
      5.149792e+02
      4.386098e+02
      3.119204e+02
      1.889660e+02
      1.024467e+02
      5.463724e+01
      3.099526e+01
      1.810863e+01
      1.008821e+01
      5.324637e+00
      2.827315e+00
      1.556193e+00
      8.537282e-01
      4.533097e-01
      2.376330e-01
      1.256935e-01
      6.632604e-02
      3.439616e-02
      1.761949e-02
      8.980804e-03
      4.534073e-03
      2.255432e-03
      1.107217e-03
      5.370506e-04
      2.566322e-04
      1.205291e-04
      5.562522e-05
      2.520315e-05
      1.118448e-05
      2.552330e-05
      5.625533e-05
      1.217094e-04
      2.587528e-04
      5.412454e-04
      1.115449e-03
      2.268391e-03
      4.556872e-03
      9.044630e-03
      1.774330e-02
      3.445391e-02
      6.633601e-02
      1.267413e-01
      2.404588e-01
      4.532087e-01
      8.468958e-01
      1.566279e+00
      2.883866e+00
      5.341006e+00
      9.920579e+00
      1.812320e+01
      3.220821e+01
      5.673336e+01
      1.020962e+02
      1.872547e+02
      3.353446e+02
      5.595351e+02
      8.468547e+02
      1.152979e+03
      1.413268e+03
      1.563724e+03
      1.561855e+03
      1.399645e+03
      1.102913e+03
      7.166771e+02
      2.858750e+02
     -1.556867e+02
     -5.838331e+02
     -9.756688e+02
     -1.301873e+03
     -1.525205e+03
     -1.609361e+03
     -1.536423e+03
     -1.321750e+03
     -1.014514e+03
     -6.827845e+02
     -3.915017e+02
     -1.823652e+02
     -6.325610e+01
     -1.311501e+01
      7.824178e-03
      7.386595e-01
      4.297258e-02
     -5.779027e-02
     -1.778577e-03
      4.295759e-03
     -4.560149e-04
     -1.611277e-04
      6.044138e-05
     -9.556543e-06
      7.386634e-07
      1.963100e-08
     -1.477706e-08
      2.503414e-09
     -2.881540e-10
      2.618210e-11
     -1.989249e-12
      1.302945e-13
     -7.498962e-15
      3.842720e-16
     -1.770328e-17
      7.387284e-19
     -2.808624e-20
      9.775656e-22
     -3.126992e-23
      9.221836e-25
     -2.513889e-26
      6.347798e-28
     -1.487171e-29
      3.236564e-31
     -6.548324e-33
      1.232064e-34
     -2.155239e-36
      3.502120e-38
     -5.276764e-40
      7.349752e-42
     -9.415178e-44
      1.099715e-45
     -1.153098e-47
      1.051713e-49
     -7.707497e-52
      3.252281e-54
      2.265868e-56
     -7.946608e-58
      1.280882e-59
     -1.606518e-61
      1.732971e-63
     -1.668346e-65
      0.000000e+00
      0.000000e+00
