      0.000000e+00
      0.000000e+00
     -3.118733e-15
     -2.899030e-15
     -2.320121e-15
     -1.609222e-15
     -9.848070e-16
     -4.162240e-16
      3.203695e-16
      1.406383e-15
      2.720506e-15
      3.766748e-15
      3.895837e-15
      2.718948e-15
      4.467514e-16
     -2.106163e-15
     -3.908025e-15
     -4.274062e-15
     -3.260325e-15
     -1.653771e-15
     -5.967076e-16
     -1.085951e-15
     -3.573175e-15
     -7.744862e-15
     -1.249157e-14
     -1.616172e-14
     -1.723858e-14
     -1.532944e-14
     -1.188901e-14
     -9.902180e-15
     -1.228123e-14
     -1.980851e-14
     -3.017952e-14
     -3.919470e-14
     -4.351677e-14
     -4.293357e-14
     -4.019053e-14
     -3.837368e-14
     -3.802228e-14
     -3.659928e-14
     -3.099481e-14
     -2.094642e-14
     -1.017799e-14
     -3.882976e-15
     -4.458257e-15
     -9.191146e-15
     -1.215900e-14
     -9.075222e-15
     -1.290766e-15
      4.195029e-15
     -1.234702e-15
     -2.246438e-14
     -5.707685e-14
     -9.506310e-14
     -1.216854e-13
     -1.227796e-13
     -9.138234e-14
     -3.325718e-14
      3.249269e-14
      8.050696e-14
      9.218179e-14
      6.745337e-14
      2.686801e-14
      7.301951e-16
      1.095647e-14
      5.699155e-14
      1.150579e-13
      1.514249e-13
      1.414893e-13
      8.328458e-14
     -1.882832e-15
     -8.100724e-14
     -1.259149e-13
     -1.258897e-13
     -9.096158e-14
     -4.596459e-14
     -1.944490e-14
     -3.212170e-14
     -8.807821e-14
     -1.707520e-13
     -2.459592e-13
     -2.735392e-13
     -2.253232e-13
     -1.012944e-13
      6.651778e-14
      2.271864e-13
      3.345721e-13
      3.671048e-13
      3.321767e-13
      2.555168e-13
      1.661405e-13
      8.709887e-14
      3.312102e-14
      8.999174e-15
      5.171637e-15
     -4.228929e-15
     -5.204287e-14
     -1.569155e-13
     -3.033196e-13
     -4.406648e-13
     -5.080509e-13
     -4.711253e-13
     -3.453900e-13
     -1.876269e-13
     -5.969323e-14
      1.018051e-14
      4.071754e-14
      7.594935e-14
      1.450727e-13
      2.345632e-13
      2.946428e-13
      2.765798e-13
      1.736265e-13
      3.442174e-14
     -6.328266e-14
     -6.221723e-14
      3.533598e-14
      1.666360e-13
      2.474363e-13
      2.248363e-13
      1.083186e-13
     -4.126883e-14
     -1.552582e-13
     -2.013709e-13
     -1.981397e-13
     -1.923438e-13
     -2.189918e-13
     -2.738841e-13
     -3.172590e-13
     -3.042456e-13
     -2.205038e-13
     -9.954246e-14
     -1.048227e-14
     -2.278183e-14
     -1.677316e-13
     -4.184228e-13
     -6.993514e-13
     -9.198075e-13
     -1.012214e-12
     -9.557476e-13
     -7.764923e-13
     -5.294834e-13
     -2.757382e-13
     -6.525389e-14
      7.087578e-14
      1.224724e-13
      1.001500e-13
      3.257995e-14
     -4.262935e-14
     -9.540753e-14
     -1.198727e-13
     -1.382672e-13
     -1.844119e-13
     -2.743023e-13
     -3.849953e-13
     -4.606276e-13
     -4.449087e-13
     -3.179284e-13
     -1.107121e-13
      1.116451e-13
      2.832633e-13
      3.623437e-13
      3.347271e-13
      2.042391e-13
     -1.232823e-14
     -2.777761e-13
     -5.259443e-13
     -6.720628e-13
     -6.496147e-13
     -4.560800e-13
     -1.731378e-13
      6.392125e-14
      1.391011e-13
      2.681362e-14
     -1.909684e-13
     -3.810676e-13
     -4.538063e-13
     -4.258669e-13
     -3.990825e-13
     -4.670507e-13
     -6.230225e-13
     -7.477347e-13
     -6.940980e-13
     -4.046946e-13
      3.281984e-14
      4.384066e-13
      6.575727e-13
      6.498925e-13
      4.840559e-13
      2.593111e-13
      3.288922e-14
     -1.851167e-13
     -3.822988e-13
     -5.077757e-13
     -4.982140e-13
     -3.433910e-13
     -1.203071e-13
      4.861810e-14
      8.281027e-14
     -4.102436e-16
     -1.085403e-13
     -1.501394e-13
     -9.681059e-14
      1.232283e-14
      1.096702e-13
      1.391025e-13
      7.350054e-14
     -8.148827e-14
     -2.847588e-13
     -4.650465e-13
     -5.482130e-13
     -4.984127e-13
     -3.406060e-13
     -1.407974e-13
      4.074759e-14
      1.811731e-13
      2.859559e-13
      3.562460e-13
      3.724094e-13
      3.126191e-13
      1.854205e-13
      3.953478e-14
     -6.244132e-14
     -8.381434e-14
     -3.250360e-14
      5.455612e-14
      1.436174e-13
      2.240579e-13
      3.028517e-13
      3.847575e-13
      4.595234e-13
      5.067259e-13
      5.105600e-13
      4.691527e-13
      3.914513e-13
      2.885806e-13
      1.706822e-13
      5.124310e-14
     -4.978207e-14
     -1.120363e-13
     -1.262654e-13
     -9.882556e-14
     -4.266759e-14
      3.639424e-14
      1.419733e-13
      2.726082e-13
      4.043051e-13
      4.909581e-13
      4.887605e-13
      3.870351e-13
      2.184858e-13
      3.753871e-14
     -1.166230e-13
     -2.408551e-13
     -3.542175e-13
     -4.621605e-13
     -5.333813e-13
     -5.154432e-13
     -3.805597e-13
     -1.616134e-13
      5.907768e-14
      2.067394e-13
      2.716906e-13
      3.150301e-13
      4.111143e-13
      5.720634e-13
      7.202798e-13
      7.375565e-13
      5.544980e-13
      2.092558e-13
     -1.692885e-13
     -4.370664e-13
     -5.108978e-13
     -3.978245e-13
     -1.742006e-13
      5.724206e-14
      2.066565e-13
      2.260694e-13
      1.283854e-13
     -1.224641e-14
     -9.030957e-14
     -2.294004e-14
      2.017154e-13
      5.138395e-13
      7.955282e-13
      9.355868e-13
      8.752431e-13
      6.296019e-13
      2.849668e-13
     -2.667163e-14
     -1.771119e-13
     -1.047482e-13
      1.418409e-13
      4.167875e-13
      5.523926e-13
      4.547005e-13
      1.549827e-13
     -2.166275e-13
     -5.097197e-13
     -6.233876e-13
     -5.259024e-13
     -2.354898e-13
      1.953113e-13
      6.704029e-13
      1.043520e-12
      1.160677e-12
      9.558923e-13
      5.346002e-13
      1.550106e-13
      8.166644e-14
      3.971390e-13
      9.180564e-13
      1.301000e-12
      1.276907e-12
      8.407763e-13
      2.495260e-13
     -1.692314e-13
     -2.462942e-13
     -6.506672e-14
      1.342314e-13
      1.458464e-13
     -6.609154e-14
     -3.717831e-13
     -5.869636e-13
     -5.934482e-13
     -3.932266e-13
     -8.615375e-14
      1.919205e-13
      3.301639e-13
      2.819960e-13
      7.640262e-14
     -2.004437e-13
     -4.491491e-13
     -6.085286e-13
     -6.843771e-13
     -7.320096e-13
     -7.984322e-13
     -8.652262e-13
     -8.442841e-13
     -6.459204e-13
     -2.770031e-13
      1.155373e-13
      3.151947e-13
      1.900882e-13
     -1.844181e-13
     -5.469310e-13
     -6.206805e-13
     -3.117447e-13
      2.202919e-13
      6.756864e-13
      8.204222e-13
      6.255989e-13
      2.485905e-13
     -1.022762e-13
     -2.982815e-13
     -3.267441e-13
     -2.392132e-13
     -8.330124e-14
      1.204846e-13
      3.541641e-13
      5.728710e-13
      7.111254e-13
      7.258888e-13
      6.381678e-13
      5.286522e-13
      4.777140e-13
      4.920286e-13
      4.844488e-13
      3.393900e-13
      2.114294e-14
     -3.677799e-13
     -6.408184e-13
     -6.604266e-13
     -4.393215e-13
     -1.194850e-13
      1.541462e-13
      3.515060e-13
      5.601131e-13
      8.733297e-13
      1.271440e-12
      1.608043e-12
      1.714908e-12
      1.530447e-12
      1.140684e-12
      7.062208e-13
      3.489359e-13
      9.532174e-14
     -9.216168e-14
     -2.464082e-13
     -3.607959e-13
     -4.097068e-13
     -3.866790e-13
     -3.134264e-13
     -2.142856e-13
     -9.080168e-14
      7.247127e-14
      2.775858e-13
      4.917500e-13
      6.568054e-13
      7.189049e-13
      6.512322e-13
      4.567055e-13
      1.609280e-13
     -1.897130e-13
     -5.258363e-13
     -7.635195e-13
     -8.317748e-13
     -7.078674e-13
     -4.377364e-13
     -1.257540e-13
      1.045667e-13
      1.628083e-13
      3.402514e-14
     -2.111194e-13
     -4.505227e-13
     -5.777666e-13
     -5.639421e-13
     -4.694755e-13
     -3.916959e-13
     -3.851986e-13
     -4.202946e-13
     -4.174276e-13
     -3.291074e-13
     -1.944818e-13
     -1.124177e-13
     -1.527201e-13
     -2.843976e-13
     -3.876953e-13
     -3.433290e-13
     -1.259161e-13
      1.723619e-13
      4.024359e-13
      4.548256e-13
      3.257154e-13
      1.157960e-13
     -3.100971e-14
     -1.155812e-14
      1.760251e-13
      4.303572e-13
      6.079715e-13
      6.130533e-13
      4.582573e-13
      2.549736e-13
      1.390688e-13
      1.819787e-13
      3.445828e-13
      5.011098e-13
      5.170225e-13
      3.339537e-13
      9.188384e-15
     -3.193551e-13
     -5.248788e-13
     -5.771048e-13
     -5.531958e-13
     -5.593818e-13
     -6.253861e-13
     -6.653308e-13
     -5.473545e-13
     -2.188734e-13
      2.191116e-13
      5.566092e-13
      6.091271e-13
      3.421439e-13
     -1.033343e-13
     -4.972482e-13
     -6.559981e-13
     -5.399021e-13
     -2.589133e-13
      7.373070e-15
      1.209696e-13
      5.999093e-14
     -8.574129e-14
     -1.890479e-13
     -1.747795e-13
     -6.087336e-14
      7.351817e-14
      1.595506e-13
      1.879568e-13
      2.002583e-13
      2.417561e-13
      3.270199e-13
      4.459786e-13
      5.901620e-13
      7.585084e-13
      9.318420e-13
      1.049628e-12
      1.029840e-12
      8.313374e-13
      5.092618e-13
      2.075886e-13
      7.825900e-14
      1.762467e-13
      4.067126e-13
      5.725485e-13
      5.038969e-13
      1.874589e-13
     -2.013496e-13
     -4.040788e-13
     -2.633783e-13
      1.457702e-13
      5.460574e-13
      6.418053e-13
      3.273113e-13
     -2.351884e-13
     -7.239468e-13
     -8.666940e-13
     -5.975771e-13
     -6.595535e-14
      4.798206e-13
      8.331667e-13
      9.086518e-13
      7.425318e-13
      4.477204e-13
      1.587452e-13
     -1.836973e-14
     -4.373122e-14
      4.634888e-14
      1.684374e-13
      2.459694e-13
      2.493061e-13
      1.917550e-13
      9.233474e-14
     -5.074066e-14
     -2.441155e-13
     -4.583242e-13
     -6.138556e-13
     -6.243793e-13
     -4.656090e-13
     -2.019946e-13
      6.156194e-14
      2.588663e-13
      3.919376e-13
      4.816123e-13
      5.002741e-13
      3.756905e-13
      7.912030e-14
     -2.930270e-13
     -5.479984e-13
     -5.349265e-13
     -2.726334e-13
      5.634658e-14
      2.463859e-13
      2.194535e-13
      5.809999e-14
     -9.189534e-14
     -1.484191e-13
     -1.406899e-13
     -1.549427e-13
     -2.415568e-13
     -3.631853e-13
     -4.179199e-13
     -3.154385e-13
     -5.265010e-14
      2.648171e-13
      4.792161e-13
      4.861533e-13
      3.129588e-13
      1.000556e-13
     -1.127824e-14
      5.256561e-15
      4.613615e-14
     -1.689966e-14
     -2.058888e-13
     -4.029948e-13
     -4.475488e-13
     -2.733068e-13
      3.986112e-14
      3.384806e-13
      5.119688e-13
      5.425275e-13
      4.600255e-13
      2.747633e-13
     -2.630798e-14
     -4.178941e-13
     -7.906901e-13
     -9.933208e-13
     -9.395178e-13
     -6.806569e-13
     -3.672181e-13
     -1.272099e-13
      2.861491e-14
      1.880767e-13
      4.255046e-13
      7.040428e-13
      8.858344e-13
      8.431391e-13
      5.721125e-13
      2.107036e-13
     -5.271583e-14
     -1.033210e-13
      3.894754e-14
      2.571336e-13
      4.316409e-13
      5.147863e-13
      5.368833e-13
      5.529828e-13
      5.808916e-13
      5.804727e-13
      4.875399e-13
      2.718502e-13
     -2.917373e-14
     -3.268407e-13
     -5.296787e-13
     -5.817263e-13
     -4.679160e-13
     -2.046784e-13
      1.537506e-13
      4.977472e-13
      6.775195e-13
      5.799802e-13
      2.258541e-13
     -2.051908e-13
     -4.735427e-13
     -4.448482e-13
     -1.888832e-13
      7.644400e-14
      1.538124e-13
      9.251664e-15
     -2.226904e-13
     -3.617339e-13
     -3.215393e-13
     -1.584780e-13
     -1.076400e-14
      5.823224e-15
     -1.342303e-13
     -3.668305e-13
     -5.875376e-13
     -7.116963e-13
     -7.158546e-13
     -6.416366e-13
     -5.550891e-13
     -4.807668e-13
     -3.615351e-13
     -9.404366e-14
      3.666102e-13
      9.139439e-13
      1.306190e-12
      1.311206e-12
      8.842429e-13
      2.346343e-13
     -2.878768e-13
     -4.142384e-13
     -1.221962e-13
      3.741204e-13
      7.948630e-13
      9.882952e-13
      1.002556e-12
      9.947492e-13
      1.065432e-12
      1.159011e-12
      1.112127e-12
      8.121833e-13
      3.364778e-13
     -5.341863e-14
     -8.364955e-14
      3.082938e-13
      8.781686e-13
      1.211771e-12
      1.016817e-12
      3.483781e-13
     -4.219550e-13
     -8.786387e-13
     -8.561379e-13
     -5.177721e-13
     -1.764158e-13
     -3.578461e-14
     -7.560132e-14
     -1.458069e-13
     -1.433849e-13
     -1.003764e-13
     -1.274752e-13
     -2.954763e-13
     -5.684695e-13
     -8.300978e-13
     -9.622015e-13
     -9.128078e-13
     -7.175384e-13
     -4.720074e-13
     -2.747615e-13
     -1.750339e-13
     -1.603034e-13
     -1.909641e-13
     -2.466681e-13
     -3.349626e-13
     -4.517386e-13
     -5.392997e-13
     -4.988148e-13
     -2.619042e-13
      1.373320e-13
      5.580573e-13
      8.299825e-13
      8.585465e-13
      6.811842e-13
      4.332751e-13
      2.468809e-13
      1.549354e-13
      7.466219e-14
     -1.104023e-13
     -4.292619e-13
     -7.650478e-13
     -9.208569e-13
     -7.689298e-13
     -3.632924e-13
      8.263064e-14
      3.410813e-13
      3.215879e-13
      1.094272e-13
     -1.304030e-13
     -2.935559e-13
     -4.016738e-13
     -5.452647e-13
     -7.635278e-13
     -9.727576e-13
     -1.012412e-12
     -7.776203e-13
     -3.313133e-13
      9.963939e-14
      2.532707e-13
      8.916148e-15
     -4.924322e-13
     -8.837047e-13
     -8.795750e-13
     -8.493866e-13
     -1.995140e-12
     -4.480456e-12
     -2.700417e-12
      1.677449e-11
      5.839688e-11
      6.791013e-11
     -1.160401e-10
     -6.668743e-10
     -1.311120e-09
     -4.924774e-10
      5.033994e-09
      1.794470e-08
      3.215866e-08
      1.727762e-08
     -9.746146e-08
     -4.147993e-07
     -9.835004e-07
     -1.547438e-06
     -1.010344e-06
      3.523359e-06
      1.827347e-05
      5.500108e-05
      1.340175e-04
      2.880562e-04
      5.670532e-04
      1.043866e-03
      1.820939e-03
      3.037922e-03
      4.880204e-03
      7.588341e-03
      1.146830e-02
      1.690243e-02
      2.436110e-02
      3.441489e-02
      4.774708e-02
      6.516654e-02
      8.762069e-02
      1.162084e-01
      1.521925e-01
      1.970126e-01
      2.522964e-01
      3.198706e-01
      4.017718e-01
      5.002546e-01
      6.178000e-01
      7.571218e-01
      9.211709e-01
      1.113139e+00
      1.336460e+00
      1.594807e+00
      1.892095e+00
      2.232470e+00
      2.620305e+00
      3.060190e+00
      3.556922e+00
      4.115488e+00
      4.741053e+00
      5.438936e+00
      6.214595e+00
      7.073604e+00
      8.021624e+00
      9.064381e+00
      1.020764e+01
      1.145715e+01
      1.281868e+01
      1.429790e+01
      1.590040e+01
      1.763165e+01
      1.949697e+01
      2.150147e+01
      2.365004e+01
      2.594730e+01
      2.839759e+01
      3.100490e+01
      3.377287e+01
      3.670474e+01
      3.980333e+01
      4.307101e+01
      4.650966e+01
      5.012067e+01
      5.390490e+01
      5.786268e+01
      6.199376e+01
      6.629732e+01
      7.077197e+01
      7.541570e+01
      8.022592e+01
      8.519944e+01
      9.033246e+01
      9.562059e+01
      1.010588e+02
      1.066416e+02
      1.123628e+02
      1.182158e+02
      1.241933e+02
      1.302876e+02
      1.364904e+02
      1.427932e+02
      1.491867e+02
      1.556615e+02
      1.622076e+02
      1.688149e+02
      1.754727e+02
      1.821703e+02
      1.888966e+02
      1.956403e+02
      2.023900e+02
      2.091342e+02
      2.158611e+02
      2.225592e+02
      2.292166e+02
      2.358216e+02
      2.423627e+02
      2.488280e+02
      2.552063e+02
      2.614861e+02
      2.676562e+02
      2.737056e+02
      2.796235e+02
      2.853993e+02
      2.910227e+02
      2.964837e+02
      3.017725e+02
      3.068796e+02
      3.117958e+02
      3.165123e+02
      3.210206e+02
      3.253124e+02
      3.293800e+02
      3.332158e+02
      3.368125e+02
      3.401634e+02
      3.432619e+02
      3.461018e+02
      3.486774e+02
      3.509830e+02
      3.530135e+02
      3.547640e+02
      3.562299e+02
      3.574070e+02
      3.582913e+02
      3.588791e+02
      3.591672e+02
      3.591525e+02
      3.588321e+02
      3.582036e+02
      3.572649e+02
      3.560141e+02
      3.544495e+02
      3.525699e+02
      3.503743e+02
      3.478620e+02
      3.450326e+02
      3.418860e+02
      3.384225e+02
      3.346426e+02
      3.305474e+02
      3.261381e+02
      3.214163e+02
      3.163841e+02
      3.110438e+02
      3.053983e+02
      2.994507e+02
      2.932045e+02
      2.866639e+02
      2.798333e+02
      2.727175e+02
      2.653219e+02
      2.576523e+02
      2.497149e+02
      2.415163e+02
      2.330637e+02
      2.243647e+02
      2.154273e+02
      2.062601e+02
      1.968719e+02
      1.872721e+02
      1.774705e+02
      1.674773e+02
      1.573030e+02
      1.469585e+02
      1.364551e+02
      1.258045e+02
      1.150184e+02
      1.041091e+02
      9.308899e+01
      8.197060e+01
      7.076673e+01
      5.949029e+01
      4.815428e+01
      3.677179e+01
      2.535591e+01
      1.391971e+01
      2.476237e+00
     -8.961587e+00
     -2.038096e+01
     -3.176925e+01
     -4.311406e+01
     -5.440321e+01
     -6.562483e+01
     -7.676738e+01
     -8.781965e+01
     -9.877085e+01
     -1.096106e+02
     -1.203290e+02
     -1.309165e+02
     -1.413642e+02
     -1.516637e+02
     -1.618072e+02
     -1.717871e+02
     -1.815968e+02
     -1.912302e+02
     -2.006815e+02
     -2.099457e+02
     -2.190185e+02
     -2.278959e+02
     -2.365748e+02
     -2.450523e+02
     -2.533264e+02
     -2.613955e+02
     -2.692584e+02
     -2.769146e+02
     -2.843641e+02
     -2.916073e+02
     -2.986449e+02
     -3.054783e+02
     -3.121090e+02
     -3.185391e+02
     -3.247709e+02
     -3.308069e+02
     -3.366502e+02
     -3.423038e+02
     -3.477710e+02
     -3.530554e+02
     -3.581606e+02
     -3.630903e+02
     -3.678486e+02
     -3.724391e+02
     -3.768660e+02
     -3.811331e+02
     -3.852445e+02
     -3.892040e+02
     -3.930156e+02
     -3.966829e+02
     -4.002098e+02
     -4.035999e+02
     -4.068565e+02
     -4.099832e+02
     -4.129831e+02
     -4.158595e+02
     -4.186152e+02
     -4.212530e+02
     -4.237758e+02
     -4.261860e+02
     -4.284860e+02
     -4.306780e+02
     -4.327643e+02
     -4.347468e+02
     -4.366274e+02
     -4.384079e+02
     -4.400898e+02
     -4.416747e+02
     -4.431641e+02
     -4.445593e+02
     -4.458616e+02
     -4.470722e+02
     -4.481921e+02
     -4.492224e+02
     -4.501642e+02
     -4.510182e+02
     -4.517854e+02
     -4.524666e+02
     -4.530625e+02
     -4.535738e+02
     -4.540010e+02
     -4.543449e+02
     -4.546057e+02
     -4.547840e+02
     -4.548801e+02
     -4.548942e+02
     -4.548264e+02
     -4.546767e+02
     -4.544451e+02
     -4.541313e+02
     -4.537349e+02
     -4.532555e+02
     -4.526923e+02
     -4.520445e+02
     -4.513109e+02
     -4.504905e+02
     -4.495816e+02
     -4.485827e+02
     -4.474918e+02
     -4.463069e+02
     -4.450255e+02
     -4.436451e+02
     -4.421629e+02
     -4.405756e+02
     -4.388801e+02
     -4.370728e+02
     -4.351498e+02
     -4.331072e+02
     -4.309407e+02
     -4.286460e+02
     -4.262183e+02
     -4.236529e+02
     -4.209450e+02
     -4.180893e+02
     -4.150808e+02
     -4.119142e+02
     -4.085842e+02
     -4.050854e+02
     -4.014126e+02
     -3.975605e+02
     -3.935237e+02
     -3.892973e+02
     -3.848761e+02
     -3.802555e+02
     -3.754308e+02
     -3.703975e+02
     -3.651517e+02
     -3.596895e+02
     -3.540074e+02
     -3.481025e+02
     -3.419720e+02
     -3.356136e+02
     -3.290257e+02
     -3.222070e+02
     -3.151565e+02
     -3.078743e+02
     -3.003605e+02
     -2.926160e+02
     -2.846423e+02
     -2.764415e+02
     -2.680162e+02
     -2.593697e+02
     -2.505060e+02
     -2.414294e+02
     -2.321451e+02
     -2.226588e+02
     -2.129768e+02
     -2.031059e+02
     -1.930535e+02
     -1.828277e+02
     -1.724367e+02
     -1.618897e+02
     -1.511960e+02
     -1.403656e+02
     -1.294086e+02
     -1.183357e+02
     -1.071580e+02
     -9.588680e+01
     -8.453360e+01
     -7.311027e+01
     -6.162884e+01
     -5.010152e+01
     -3.854064e+01
     -2.695863e+01
     -1.536798e+01
     -3.781192e+00
      7.789218e+00
      1.933079e+01
      3.083113e+01
      4.227796e+01
      5.365912e+01
      6.496261e+01
      7.617663e+01
      8.728956e+01
      9.829004e+01
      1.091669e+02
      1.199094e+02
      1.305068e+02
      1.409489e+02
      1.512256e+02
      1.613274e+02
      1.712449e+02
      1.809689e+02
      1.904910e+02
      1.998026e+02
      2.088957e+02
      2.177627e+02
      2.263962e+02
      2.347892e+02
      2.429349e+02
      2.508270e+02
      2.584594e+02
      2.658264e+02
      2.729225e+02
      2.797427e+02
      2.862820e+02
      2.925360e+02
      2.985005e+02
      3.041714e+02
      3.095453e+02
      3.146186e+02
      3.193884e+02
      3.238519e+02
      3.280066e+02
      3.318504e+02
      3.353813e+02
      3.385977e+02
      3.414985e+02
      3.440827e+02
      3.463495e+02
      3.482989e+02
      3.499307e+02
      3.512454e+02
      3.522438e+02
      3.529270e+02
      3.532965e+02
      3.533542e+02
      3.531025e+02
      3.525441e+02
      3.516821e+02
      3.505201e+02
      3.490621e+02
      3.473127e+02
      3.452767e+02
      3.429595e+02
      3.403669e+02
      3.375053e+02
      3.343813e+02
      3.310022e+02
      3.273757e+02
      3.235097e+02
      3.194129e+02
      3.150941e+02
      3.105627e+02
      3.058285e+02
      3.009016e+02
      2.957923e+02
      2.905114e+02
      2.850700e+02
      2.794795e+02
      2.737514e+02
      2.678975e+02
      2.619297e+02
      2.558601e+02
      2.497009e+02
      2.434644e+02
      2.371628e+02
      2.308084e+02
      2.244134e+02
      2.179899e+02
      2.115499e+02
      2.051053e+02
      1.986675e+02
      1.922480e+02
      1.858579e+02
      1.795078e+02
      1.732082e+02
      1.669690e+02
      1.607999e+02
      1.547100e+02
      1.487080e+02
      1.428019e+02
      1.369995e+02
      1.313079e+02
      1.257336e+02
      1.202827e+02
      1.149606e+02
      1.097722e+02
      1.047217e+02
      9.981283e+01
      9.504873e+01
      9.043196e+01
      8.596450e+01
      8.164780e+01
      7.748279e+01
      7.346984e+01
      6.960887e+01
      6.589927e+01
      6.234002e+01
      5.892966e+01
      5.566631e+01
      5.254773e+01
      4.957134e+01
      4.673422e+01
      4.403319e+01
      4.146481e+01
      3.902541e+01
      3.671112e+01
      3.451793e+01
      3.244167e+01
      3.047809e+01
      2.862284e+01
      2.687156e+01
      2.521982e+01
      2.366323e+01
      2.219740e+01
      2.081801e+01
      1.952078e+01
      1.830152e+01
      1.715615e+01
      1.608069e+01
      1.507129e+01
      1.412421e+01
      1.323590e+01
      1.240290e+01
      1.162194e+01
      1.088989e+01
      1.020378e+01
      9.560792e+00
      8.958255e+00
      8.393654e+00
      7.864619e+00
      7.368919e+00
      6.904458e+00
      6.469271e+00
      6.061514e+00
      5.679456e+00
      5.321480e+00
      4.986067e+00
      4.671794e+00
      4.377330e+00
      4.101426e+00
      3.842913e+00
      3.600694e+00
      3.373741e+00
      3.161094e+00
      2.961850e+00
      2.775164e+00
      2.600245e+00
      2.436351e+00
      2.282788e+00
      2.138903e+00
      2.004088e+00
      1.877770e+00
      1.759414e+00
      1.648518e+00
      1.544611e+00
      1.447254e+00
      1.356034e+00
      1.270563e+00
      1.190479e+00
      1.115443e+00
      1.045136e+00
      9.792612e-01
      9.175382e-01
      8.597057e-01
      8.055183e-01
      7.547464e-01
      7.071746e-01
      6.626013e-01
      6.208374e-01
      5.817059e-01
      5.450409e-01
      5.106869e-01
      4.784983e-01
      4.483384e-01
      4.200796e-01
      3.936019e-01
      3.687931e-01
      3.455481e-01
      3.237681e-01
      3.033610e-01
      2.842401e-01
      2.663244e-01
      2.495379e-01
      2.338095e-01
      2.190725e-01
      2.052643e-01
      1.923265e-01
      1.802041e-01
      1.688458e-01
      1.582034e-01
      1.482318e-01
      1.388888e-01
      1.301346e-01
      1.219322e-01
      1.142468e-01
      1.070458e-01
      1.002987e-01
      9.397684e-02
      8.805347e-02
      8.250344e-02
      7.730324e-02
      7.243081e-02
      6.786548e-02
      6.358791e-02
      5.957996e-02
      5.582462e-02
      5.230599e-02
      4.900913e-02
      4.592008e-02
      4.302573e-02
      4.031381e-02
      3.777283e-02
      3.539200e-02
      3.316124e-02
      3.107108e-02
      2.911267e-02
      2.727769e-02
      2.555837e-02
      2.394743e-02
      2.243802e-02
      2.102375e-02
      1.969862e-02
      1.845701e-02
      1.729366e-02
      1.620364e-02
      1.518232e-02
      1.422538e-02
      1.332875e-02
      1.248864e-02
      1.170148e-02
      1.096393e-02
      1.027287e-02
      9.625372e-03
      9.018683e-03
      8.450234e-03
      7.917615e-03
      7.418567e-03
      6.950973e-03
      6.512852e-03
      6.102346e-03
      5.717715e-03
      5.357326e-03
      5.019653e-03
      4.703264e-03
      4.406816e-03
      4.129054e-03
      3.868799e-03
      3.624948e-03
      3.396467e-03
      3.182387e-03
      2.981801e-03
      2.793858e-03
      2.617760e-03
      2.452763e-03
      2.298165e-03
      2.153311e-03
      2.017588e-03
      1.890419e-03
      1.771265e-03
      1.659622e-03
      1.555016e-03
      1.457003e-03
      1.365168e-03
      1.279121e-03
      1.198498e-03
      1.122957e-03
      1.052176e-03
      9.858576e-04
      9.237189e-04
      8.654967e-04
      8.109444e-04
      7.598304e-04
      7.119382e-04
      6.670646e-04
      6.250195e-04
      5.856244e-04
      5.487124e-04
      5.141270e-04
      4.817215e-04
      4.513585e-04
      4.229093e-04
      3.962533e-04
      3.712774e-04
      3.478757e-04
      3.259491e-04
      3.054044e-04
      2.861548e-04
      2.681184e-04
      2.512188e-04
      2.353845e-04
      2.205482e-04
      2.066470e-04
      1.936220e-04
      1.814180e-04
      1.699832e-04
      1.592691e-04
      1.492304e-04
      1.398243e-04
      1.310112e-04
      1.227535e-04
      1.150164e-04
      1.077669e-04
      1.009743e-04
      9.460988e-05
      8.864661e-05
      8.305920e-05
      7.782396e-05
      7.291871e-05
      6.832263e-05
      6.401625e-05
      5.998129e-05
      5.620066e-05
      5.265833e-05
      4.933927e-05
      4.622941e-05
      4.331556e-05
      4.058537e-05
      3.802727e-05
      3.563041e-05
      3.338462e-05
      3.128038e-05
      2.930877e-05
      2.746144e-05
      2.573054e-05
      2.410874e-05
      2.258916e-05
      2.116536e-05
      1.983131e-05
      1.858134e-05
      1.741015e-05
      1.631279e-05
      1.528459e-05
      1.432120e-05
      1.341853e-05
      1.257276e-05
      1.178030e-05
      1.103779e-05
      1.034207e-05
      9.690210e-06
      9.079434e-06
      8.507156e-06
      7.970949e-06
      7.468539e-06
      6.997796e-06
      6.556724e-06
      6.143453e-06
      5.756230e-06
      5.393414e-06
      5.053466e-06
      4.734946e-06
      4.436501e-06
      4.156868e-06
      3.894860e-06
      3.649367e-06
      3.419347e-06
      3.203825e-06
      3.001887e-06
      2.812678e-06
      2.635395e-06
      2.469285e-06
      2.313646e-06
      2.167817e-06
      2.031179e-06
      1.903153e-06
      1.783197e-06
      1.670802e-06
      1.565491e-06
      1.466817e-06
      1.374363e-06
      1.287737e-06
      1.206571e-06
      1.130521e-06
      1.059264e-06
      9.924986e-07
      9.299413e-07
      8.713270e-07
      8.164071e-07
      7.649487e-07
      7.167337e-07
      6.715579e-07
      6.292296e-07
      5.895693e-07
      5.524087e-07
      5.175902e-07
      4.849663e-07
      4.543988e-07
      4.257580e-07
      3.989225e-07
      3.737786e-07
      3.502194e-07
      3.281451e-07
      3.074621e-07
      2.880827e-07
      2.699248e-07
      2.529114e-07
      2.369703e-07
      2.220339e-07
      2.080391e-07
      1.949265e-07
      1.826404e-07
      1.711285e-07
      1.603421e-07
      1.502356e-07
      1.407661e-07
      1.318936e-07
      1.235803e-07
      1.157910e-07
      1.084927e-07
      1.016545e-07
      9.524728e-08
      8.924393e-08
      8.361892e-08
      7.834840e-08
      7.341005e-08
      6.878299e-08
      6.444767e-08
      6.038570e-08
      5.657974e-08
      5.301352e-08
      4.967191e-08
      4.654084e-08
      4.360716e-08
      4.085848e-08
      3.828312e-08
      3.587016e-08
      3.360934e-08
      3.149108e-08
      2.950632e-08
      2.764657e-08
      2.590394e-08
      2.427112e-08
      2.274129e-08
      2.130799e-08
      1.996508e-08
      1.870677e-08
      1.752771e-08
      1.642296e-08
      1.538787e-08
      1.441802e-08
      1.350923e-08
      1.265765e-08
      1.185975e-08
      1.111222e-08
      1.041187e-08
      9.755633e-09
      9.140657e-09
      8.564403e-09
      8.024538e-09
      7.518779e-09
      7.044856e-09
      6.600654e-09
      6.184333e-09
      5.794301e-09
      5.429042e-09
      5.086992e-09
      4.766553e-09
      4.466244e-09
      4.184790e-09
      3.921064e-09
      3.673963e-09
      3.442390e-09
      3.225372e-09
      3.022099e-09
      2.831787e-09
      2.653529e-09
      2.486363e-09
      2.329511e-09
      2.182479e-09
      2.044861e-09
      1.916075e-09
      1.795377e-09
      1.682116e-09
      1.575897e-09
      1.476442e-09
      1.383374e-09
      1.296197e-09
      1.214474e-09
      1.137914e-09
      1.066271e-09
      9.992114e-10
      9.363420e-10
      8.773329e-10
      8.219750e-10
      7.701087e-10
      7.215319e-10
      6.759991e-10
      6.333025e-10
      5.933192e-10
      5.559537e-10
      5.210386e-10
      4.883255e-10
      4.575842e-10
      4.286885e-10
      4.015866e-10
      3.762153e-10
      3.524798e-10
      3.302962e-10
      3.095935e-10
      2.902468e-10
      2.720489e-10
      2.548060e-10
      2.384737e-10
      2.547769e-10
      2.723889e-10
      2.911496e-10
      3.106280e-10
      3.308698e-10
      3.525736e-10
      3.763726e-10
      4.021192e-10
      4.291510e-10
      4.572742e-10
      4.872418e-10
      5.200868e-10
      5.560838e-10
      5.945694e-10
      6.348059e-10
      6.768368e-10
      7.214079e-10
      7.692481e-10
      8.206792e-10
      8.758708e-10
      9.351385e-10
      9.987889e-10
      1.066822e-09
      1.139044e-09
      1.215527e-09
      1.296826e-09
      1.383692e-09
      1.476674e-09
      1.576071e-09
      1.682155e-09
      1.795295e-09
      1.915897e-09
      2.044453e-09
      2.181695e-09
      2.328530e-09
      2.485624e-09
      2.653196e-09
      2.831427e-09
      3.021113e-09
      3.223720e-09
      3.440731e-09
      3.673050e-09
      3.921085e-09
      4.185343e-09
      4.466873e-09
      4.767204e-09
      5.087958e-09
      5.430522e-09
      5.796068e-09
      6.185872e-09
      6.601613e-09
      7.045332e-09
      7.519109e-09
      8.024878e-09
      8.564618e-09
      9.140663e-09
      9.755668e-09
      1.041226e-08
      1.111289e-08
      1.186017e-08
      1.265739e-08
      1.350848e-08
      1.441741e-08
      1.538779e-08
      1.642322e-08
      1.752789e-08
      1.870673e-08
      1.996497e-08
      2.130782e-08
      2.274079e-08
      2.427008e-08
      2.590264e-08
      2.764575e-08
      2.950657e-08
      3.149236e-08
      3.361101e-08
      3.587152e-08
      3.828395e-08
      4.085897e-08
      4.360766e-08
      4.654149e-08
      4.967264e-08
      5.301418e-08
      5.658012e-08
      6.038562e-08
      6.444707e-08
      6.878208e-08
      7.340920e-08
      7.834788e-08
      8.361867e-08
      8.924371e-08
      9.524701e-08
      1.016544e-07
      1.084931e-07
      1.157919e-07
      1.235812e-07
      1.318941e-07
      1.407663e-07
      1.502357e-07
      1.603425e-07
      1.711289e-07
      1.826403e-07
      1.949261e-07
      2.080389e-07
      2.220342e-07
      2.369710e-07
      2.529119e-07
      2.699250e-07
      2.880828e-07
      3.074622e-07
      3.281451e-07
      3.502189e-07
      3.737775e-07
      3.989212e-07
      4.257568e-07
      4.543979e-07
      4.849657e-07
      5.175896e-07
      5.524081e-07
      5.895689e-07
      6.292296e-07
      6.715587e-07
      7.167351e-07
      7.649500e-07
      8.164075e-07
      8.713262e-07
      9.299398e-07
      9.924973e-07
      1.059264e-06
      1.130522e-06
      1.206573e-06
      1.287739e-06
      1.374365e-06
      1.466819e-06
      1.565492e-06
      1.670803e-06
      1.783197e-06
      1.903153e-06
      2.031178e-06
      2.167816e-06
      2.313646e-06
      2.469286e-06
      2.635395e-06
      2.812678e-06
      3.001887e-06
      3.203824e-06
      3.419346e-06
      3.649366e-06
      3.894860e-06
      4.156868e-06
      4.436502e-06
      4.734947e-06
      5.053467e-06
      5.393415e-06
      5.756230e-06
      6.143452e-06
      6.556723e-06
      6.997795e-06
      7.468539e-06
      7.970950e-06
      8.507158e-06
      9.079436e-06
      9.690211e-06
      1.034207e-05
      1.103779e-05
      1.178030e-05
      1.257276e-05
      1.341853e-05
      1.432120e-05
      1.528459e-05
      1.631279e-05
      1.741015e-05
      1.858134e-05
      1.983131e-05
      2.116536e-05
      2.258916e-05
      2.410874e-05
      2.573054e-05
      2.746144e-05
      2.930877e-05
      3.128038e-05
      3.338462e-05
      3.563041e-05
      3.802727e-05
      4.058537e-05
      4.331556e-05
      4.622941e-05
      4.933927e-05
      5.265833e-05
      5.620067e-05
      5.998129e-05
      6.401625e-05
      6.832263e-05
      7.291871e-05
      7.782397e-05
      8.305920e-05
      8.864661e-05
      9.460988e-05
      1.009743e-04
      1.077669e-04
      1.150164e-04
      1.227535e-04
      1.310112e-04
      1.398243e-04
      1.492304e-04
      1.592691e-04
      1.699832e-04
      1.814180e-04
      1.936220e-04
      2.066470e-04
      2.205482e-04
      2.353845e-04
      2.512188e-04
      2.681184e-04
      2.861548e-04
      3.054044e-04
      3.259491e-04
      3.478757e-04
      3.712774e-04
      3.962533e-04
      4.229093e-04
      4.513585e-04
      4.817215e-04
      5.141270e-04
      5.487124e-04
      5.856244e-04
      6.250195e-04
      6.670646e-04
      7.119382e-04
      7.598304e-04
      8.109444e-04
      8.654967e-04
      9.237189e-04
      9.858576e-04
      1.052176e-03
      1.122957e-03
      1.198498e-03
      1.279121e-03
      1.365168e-03
      1.457003e-03
      1.555016e-03
      1.659622e-03
      1.771265e-03
      1.890419e-03
      2.017588e-03
      2.153311e-03
      2.298165e-03
      2.452763e-03
      2.617760e-03
      2.793858e-03
      2.981801e-03
      3.182387e-03
      3.396467e-03
      3.624948e-03
      3.868799e-03
      4.129054e-03
      4.406816e-03
      4.703264e-03
      5.019653e-03
      5.357326e-03
      5.717715e-03
      6.102346e-03
      6.512852e-03
      6.950973e-03
      7.418567e-03
      7.917615e-03
      8.450235e-03
      9.018683e-03
      9.625372e-03
      1.027287e-02
      1.096393e-02
      1.170148e-02
      1.248864e-02
      1.332875e-02
      1.422538e-02
      1.518232e-02
      1.620364e-02
      1.729366e-02
      1.845701e-02
      1.969862e-02
      2.102375e-02
      2.243802e-02
      2.394743e-02
      2.555837e-02
      2.727769e-02
      2.911267e-02
      3.107108e-02
      3.316124e-02
      3.539200e-02
      3.777283e-02
      4.031381e-02
      4.302573e-02
      4.592008e-02
      4.900914e-02
      5.230599e-02
      5.582462e-02
      5.957996e-02
      6.358791e-02
      6.786548e-02
      7.243081e-02
      7.730324e-02
      8.250345e-02
      8.805347e-02
      9.397684e-02
      1.002987e-01
      1.070458e-01
      1.142468e-01
      1.219322e-01
      1.301346e-01
      1.388888e-01
      1.482318e-01
      1.582034e-01
      1.688458e-01
      1.802041e-01
      1.923265e-01
      2.052643e-01
      2.190725e-01
      2.338095e-01
      2.495379e-01
      2.663244e-01
      2.842401e-01
      3.033610e-01
      3.237681e-01
      3.455481e-01
      3.687931e-01
      3.936019e-01
      4.200796e-01
      4.483384e-01
      4.784983e-01
      5.106869e-01
      5.450409e-01
      5.817059e-01
      6.208374e-01
      6.626013e-01
      7.071746e-01
      7.547464e-01
      8.055183e-01
      8.597057e-01
      9.175382e-01
      9.792612e-01
      1.045136e+00
      1.115443e+00
      1.190479e+00
      1.270563e+00
      1.356034e+00
      1.447254e+00
      1.544611e+00
      1.648518e+00
      1.759414e+00
      1.877770e+00
      2.004088e+00
      2.138903e+00
      2.282788e+00
      2.436351e+00
      2.600245e+00
      2.775164e+00
      2.961850e+00
      3.161094e+00
      3.373741e+00
      3.600694e+00
      3.842913e+00
      4.101426e+00
      4.377330e+00
      4.671794e+00
      4.986066e+00
      5.321480e+00
      5.679457e+00
      6.061515e+00
      6.469274e+00
      6.904463e+00
      7.368928e+00
      7.864636e+00
      8.393690e+00
      8.958331e+00
      9.560952e+00
      1.020410e+01
      1.089051e+01
      1.162306e+01
      1.240484e+01
      1.323915e+01
      1.412946e+01
      1.507951e+01
      1.609322e+01
      1.717478e+01
      1.832862e+01
      1.955940e+01
      2.087208e+01
      2.227186e+01
      2.376424e+01
      2.535498e+01
      2.705013e+01
      2.885604e+01
      3.077932e+01
      3.282689e+01
      3.500594e+01
      3.732395e+01
      3.978867e+01
      4.240810e+01
      4.519053e+01
      4.814447e+01
      5.127867e+01
      5.460209e+01
      5.812391e+01
      6.185345e+01
      6.580023e+01
      6.997387e+01
      7.438413e+01
      7.904081e+01
      8.395381e+01
      8.913302e+01
      9.458833e+01
      1.003296e+02
      1.063666e+02
      1.127089e+02
      1.193662e+02
      1.263476e+02
      1.336624e+02
      1.413194e+02
      1.493270e+02
      1.576936e+02
      1.664270e+02
      1.755345e+02
      1.850232e+02
      1.948996e+02
      2.051696e+02
      2.158388e+02
      2.269119e+02
      2.383933e+02
      2.502864e+02
      2.625944e+02
      2.753194e+02
      2.884629e+02
      3.020259e+02
      3.160084e+02
      3.304097e+02
      3.452283e+02
      3.604620e+02
      3.761077e+02
      3.921617e+02
      4.086192e+02
      4.254748e+02
      4.427224e+02
      4.603549e+02
      4.783644e+02
      4.967424e+02
      5.154796e+02
      5.345660e+02
      5.539905e+02
      5.737419e+02
      5.938078e+02
      6.141753e+02
      6.348310e+02
      6.557607e+02
      6.769497e+02
      6.983826e+02
      7.200436e+02
      7.419163e+02
      7.639839e+02
      7.862291e+02
      8.086341e+02
      8.311809e+02
      8.538509e+02
      8.766253e+02
      8.994851e+02
      9.224107e+02
      9.453827e+02
      9.683810e+02
      9.913856e+02
      1.014376e+03
      1.037333e+03
      1.060235e+03
      1.083061e+03
      1.105792e+03
      1.128406e+03
      1.150882e+03
      1.173201e+03
      1.195341e+03
      1.217283e+03
      1.239004e+03
      1.260485e+03
      1.281706e+03
      1.302647e+03
      1.323287e+03
      1.343606e+03
      1.363586e+03
      1.383206e+03
      1.402447e+03
      1.421290e+03
      1.439717e+03
      1.457709e+03
      1.475247e+03
      1.492316e+03
      1.508895e+03
      1.524970e+03
      1.540522e+03
      1.555536e+03
      1.569995e+03
      1.583885e+03
      1.597190e+03
      1.609896e+03
      1.621989e+03
      1.633456e+03
      1.644283e+03
      1.654458e+03
      1.663970e+03
      1.672807e+03
      1.680959e+03
      1.688417e+03
      1.695171e+03
      1.701213e+03
      1.706534e+03
      1.711129e+03
      1.714991e+03
      1.718114e+03
      1.720495e+03
      1.722128e+03
      1.723011e+03
      1.723141e+03
      1.722518e+03
      1.721140e+03
      1.719008e+03
      1.716122e+03
      1.712485e+03
      1.708099e+03
      1.702967e+03
      1.697093e+03
      1.690483e+03
      1.683142e+03
      1.675077e+03
      1.666295e+03
      1.656803e+03
      1.646611e+03
      1.635727e+03
      1.624162e+03
      1.611925e+03
      1.599028e+03
      1.585483e+03
      1.571301e+03
      1.556495e+03
      1.541078e+03
      1.525063e+03
      1.508465e+03
      1.491296e+03
      1.473572e+03
      1.455306e+03
      1.436514e+03
      1.417210e+03
      1.397409e+03
      1.377127e+03
      1.356378e+03
      1.335178e+03
      1.313541e+03
      1.291483e+03
      1.269019e+03
      1.246162e+03
      1.222929e+03
      1.199333e+03
      1.175388e+03
      1.151108e+03
      1.126508e+03
      1.101600e+03
      1.076398e+03
      1.050915e+03
      1.025162e+03
      9.991532e+02
      9.728990e+02
      9.464114e+02
      9.197016e+02
      8.927803e+02
      8.656581e+02
      8.383449e+02
      8.108507e+02
      7.831849e+02
      7.553565e+02
      7.273745e+02
      6.992472e+02
      6.709830e+02
      6.425897e+02
      6.140750e+02
      5.854463e+02
      5.567107e+02
      5.278753e+02
      4.989466e+02
      4.699314e+02
      4.408359e+02
      4.116663e+02
      3.824286e+02
      3.531289e+02
      3.237730e+02
      2.943664e+02
      2.649149e+02
      2.354239e+02
      2.058990e+02
      1.763456e+02
      1.467691e+02
      1.171749e+02
      8.756822e+01
      5.795448e+01
      2.833898e+01
     -1.272926e+00
     -3.087590e+01
     -6.046459e+01
     -9.003359e+01
     -1.195775e+02
     -1.490909e+02
     -1.785682e+02
     -2.080039e+02
     -2.373925e+02
     -2.667284e+02
     -2.960058e+02
     -3.252189e+02
     -3.543622e+02
     -3.834295e+02
     -4.124151e+02
     -4.413128e+02
     -4.701167e+02
     -4.988205e+02
     -5.274179e+02
     -5.559027e+02
     -5.842683e+02
     -6.125081e+02
     -6.406156e+02
     -6.685837e+02
     -6.964057e+02
     -7.240743e+02
     -7.515824e+02
     -7.789224e+02
     -8.060870e+02
     -8.330682e+02
     -8.598581e+02
     -8.864487e+02
     -9.128314e+02
     -9.389978e+02
     -9.649391e+02
     -9.906462e+02
     -1.016110e+03
     -1.041321e+03
     -1.066269e+03
     -1.090944e+03
     -1.115336e+03
     -1.139435e+03
     -1.163230e+03
     -1.186709e+03
     -1.209861e+03
     -1.232676e+03
     -1.255140e+03
     -1.277242e+03
     -1.298971e+03
     -1.320312e+03
     -1.341254e+03
     -1.361784e+03
     -1.381889e+03
     -1.401556e+03
     -1.420771e+03
     -1.439521e+03
     -1.457793e+03
     -1.475573e+03
     -1.492848e+03
     -1.509604e+03
     -1.525829e+03
     -1.541508e+03
     -1.556628e+03
     -1.571177e+03
     -1.585142e+03
     -1.598510e+03
     -1.611268e+03
     -1.623406e+03
     -1.634910e+03
     -1.645770e+03
     -1.655975e+03
     -1.665515e+03
     -1.674379e+03
     -1.682558e+03
     -1.690044e+03
     -1.696828e+03
     -1.702902e+03
     -1.708260e+03
     -1.712896e+03
     -1.716803e+03
     -1.719978e+03
     -1.722416e+03
     -1.724114e+03
     -1.725069e+03
     -1.725280e+03
     -1.724747e+03
     -1.723468e+03
     -1.721445e+03
     -1.718681e+03
     -1.715176e+03
     -1.710936e+03
     -1.705964e+03
     -1.700264e+03
     -1.693845e+03
     -1.686711e+03
     -1.678871e+03
     -1.670333e+03
     -1.661107e+03
     -1.651201e+03
     -1.640628e+03
     -1.629398e+03
     -1.617524e+03
     -1.605018e+03
     -1.591894e+03
     -1.578166e+03
     -1.563849e+03
     -1.548957e+03
     -1.533508e+03
     -1.517516e+03
     -1.500998e+03
     -1.483973e+03
     -1.466457e+03
     -1.448469e+03
     -1.430027e+03
     -1.411149e+03
     -1.391855e+03
     -1.372165e+03
     -1.352096e+03
     -1.331671e+03
     -1.310907e+03
     -1.289826e+03
     -1.268448e+03
     -1.246793e+03
     -1.224882e+03
     -1.202735e+03
     -1.180372e+03
     -1.157815e+03
     -1.135085e+03
     -1.112201e+03
     -1.089184e+03
     -1.066055e+03
     -1.042835e+03
     -1.019543e+03
     -9.962003e+02
     -9.728268e+02
     -9.494423e+02
     -9.260668e+02
     -9.027198e+02
     -8.794207e+02
     -8.561888e+02
     -8.330429e+02
     -8.100017e+02
     -7.870837e+02
     -7.643068e+02
     -7.416888e+02
     -7.192472e+02
     -6.969989e+02
     -6.749605e+02
     -6.531484e+02
     -6.315783e+02
     -6.102654e+02
     -5.892247e+02
     -5.684706e+02
     -5.480167e+02
     -5.278765e+02
     -5.080626e+02
     -4.885871e+02
     -4.694617e+02
     -4.506971e+02
     -4.323036e+02
     -4.142909e+02
     -3.966677e+02
     -3.794424e+02
     -3.626224e+02
     -3.462146e+02
     -3.302248e+02
     -3.146586e+02
     -2.995203e+02
     -2.848138e+02
     -2.705421e+02
     -2.567075e+02
     -2.433115e+02
     -2.303548e+02
     -2.178374e+02
     -2.057585e+02
     -1.941166e+02
     -1.829096e+02
     -1.721344e+02
     -1.617875e+02
     -1.518645e+02
     -1.423604e+02
     -1.332696e+02
     -1.245860e+02
     -1.163027e+02
     -1.084125e+02
     -1.009074e+02
     -9.377904e+01
     -8.701873e+01
     -8.061720e+01
     -7.456487e+01
     -6.885180e+01
     -6.346773e+01
     -5.840217e+01
     -5.364437e+01
     -4.918340e+01
     -4.500819e+01
     -4.110755e+01
     -3.747023e+01
     -3.408492e+01
     -3.094034e+01
     -2.802523e+01
     -2.532842e+01
     -2.283884e+01
     -2.054554e+01
     -1.843777e+01
     -1.650496e+01
     -1.473676e+01
     -1.312308e+01
     -1.165410e+01
     -1.032029e+01
     -9.112415e+00
     -8.021590e+00
     -7.039257e+00
     -6.157209e+00
     -5.367604e+00
     -4.662962e+00
     -4.036178e+00
     -3.480523e+00
     -2.989640e+00
     -2.557549e+00
     -2.178639e+00
     -1.847666e+00
     -1.559745e+00
     -1.310342e+00
     -1.095263e+00
     -9.106458e-01
     -7.529475e-01
     -6.189297e-01
     -5.056461e-01
     -4.104277e-01
     -3.308679e-01
     -2.648075e-01
     -2.103181e-01
     -1.656875e-01
     -1.294030e-01
     -1.001367e-01
     -7.672933e-02
     -5.817611e-02
     -4.361169e-02
     -3.229651e-02
     -2.360336e-02
     -1.700484e-02
     -1.206145e-02
     -8.410480e-03
     -5.755793e-03
     -3.858333e-03
     -2.527551e-03
     -1.613645e-03
     -1.000629e-03
     -6.002131e-04
     -3.464499e-04
     -1.911258e-04
     -9.983888e-05
     -4.871928e-05
     -2.173384e-05
     -8.517173e-06
     -2.667455e-06
     -4.455077e-07
      1.845402e-07
      2.331221e-07
      1.394523e-07
      5.609260e-08
      1.232049e-08
     -2.640444e-09
     -4.273521e-09
     -2.304377e-09
     -6.313701e-10
      6.255156e-11
      1.618467e-10
      8.214088e-11
      1.487155e-11
     -7.732547e-12
     -6.896745e-12
     -2.018412e-12
      3.153011e-13
      5.239418e-13
      1.772220e-13
     -1.957750e-14
     -4.031177e-14
     -1.245700e-14
      2.471441e-15
      3.101049e-15
      6.402027e-16
     -3.277941e-16
     -2.133137e-16
     -7.730000e-18
      3.391484e-17
      1.039797e-17
     -3.002487e-18
     -2.431753e-18
     -5.629431e-20
      3.819724e-19
      8.433698e-20
     -4.531497e-20
     -2.102698e-20
      3.784191e-21
      3.808523e-21
     -8.056197e-23
     -5.906174e-22
     -5.099176e-23
      8.377956e-23
      1.454146e-23
     -1.133000e-23
     -2.805723e-24
      1.509963e-24
      4.603109e-25
     -2.038519e-25
     -6.837147e-26
      2.838642e-26
      9.370078e-27
     -4.089740e-27
     -1.177844e-27
      6.019605e-28
      1.310442e-28
     -8.842193e-29
     -1.155428e-29
      1.259827e-29
      4.312342e-31
     -1.685692e-30
      1.214067e-31
      2.029800e-31
     -4.058645e-32
     -2.036400e-32
      7.993307e-33
      1.345141e-33
     -1.206717e-33
      3.645393e-35
      1.413948e-34
     -3.054887e-35
     -1.118887e-35
      5.919167e-36
      9.394796e-38
     -7.214608e-37
      1.517142e-37
      4.888964e-38
     -2.941728e-38
      1.690080e-39
      2.937374e-39
     -9.693335e-40
     -6.865461e-41
      1.281616e-40
     -2.910011e-41
     -5.664069e-42
      4.917451e-42
     -8.970325e-43
     -2.523725e-43
      1.785828e-43
     -3.175209e-44
     -8.400987e-45
      6.260691e-45
     -1.306562e-45
     -1.905299e-46
      2.056232e-46
     -5.640867e-47
      7.134850e-50
      5.751151e-48
     -2.249425e-48
      3.092170e-49
      1.018216e-49
     -7.254228e-50
      1.998172e-50
     -1.247038e-51
     -1.429624e-51
      7.409930e-52
     -1.866659e-52
      1.160174e-53
      1.266424e-53
     -6.888100e-54
      1.985074e-54
     -2.805396e-55
     -5.287692e-56
      5.142017e-56
     -2.002867e-56
      5.090076e-57
     -6.928272e-58
     -1.149108e-58
      1.205590e-58
     -5.129555e-59
      1.573522e-59
     -3.661119e-60
      5.429511e-61
      3.129815e-62
     -6.378541e-62
      3.173827e-62
     -1.182615e-62
      3.797146e-63
     -1.104086e-63
      2.978453e-64
     -7.559626e-65
      1.821599e-65
     -4.193472e-66
      9.265386e-67
     -1.971744e-67
      4.052652e-68
     -8.063113e-69
      1.555753e-69
     -2.915550e-70
      5.313792e-71
     -9.429089e-72
      1.630505e-72
     -2.749834e-73
      4.525992e-74
     -7.274214e-75
      1.142139e-75
     -1.752522e-76
      2.628594e-77
     -3.854387e-78
      5.525355e-79
     -7.742432e-80
      1.060157e-80
     -1.417776e-81
      1.850267e-82
     -2.353565e-83
      2.912864e-84
     -3.498619e-85
      4.062353e-86
     -4.532624e-87
      4.811658e-88
     -4.773230e-89
      4.262390e-90
     -3.097607e-91
      1.075802e-92
      2.019500e-93
     -6.406902e-94
      1.229312e-94
     -1.985690e-95
      2.923200e-96
     -4.049044e-97
      5.362758e-98
     -6.855059e-99
     8.507160e-100
    -1.029067e-100
     1.216814e-101
    -1.409427e-102
     1.601773e-103
    -1.788353e-104
     1.963563e-105
    -2.121989e-106
     2.258682e-107
    -2.369420e-108
     2.450918e-109
    -2.500987e-110
     2.518623e-111
    -2.504018e-112
     2.458513e-113
    -2.384476e-114
     2.285139e-115
    -2.164389e-116
     2.026549e-117
    -1.876147e-118
     1.717700e-119
    -1.555519e-120
     1.393553e-121
    -1.235264e-122
     1.083550e-123
    -9.407016e-125
     8.083998e-126
    -6.877443e-127
     5.793045e-128
    -4.831880e-129
     3.991194e-130
    -3.265226e-131
     2.646010e-132
    -2.124127e-133
     1.689356e-134
    -1.331232e-135
     1.039480e-136
    -8.043508e-138
     6.168478e-139
    -4.688657e-140
     3.532569e-141
    -2.638380e-142
     1.953533e-143
    -1.434074e-144
     1.043807e-145
    -7.533487e-147
     5.391726e-148
    -3.826868e-149
     2.693831e-150
    -1.880767e-151
     1.302458e-152
    -8.947082e-154
     6.096961e-155
    -4.121771e-156
     2.764500e-157
    -1.839649e-158
     1.214680e-159
    -7.958282e-161
     5.174037e-162
    -3.338212e-163
     2.137437e-164
    -1.358278e-165
     8.566832e-167
    -5.362999e-168
     3.332504e-169
    -2.055552e-170
     1.258635e-171
    -7.650731e-173
     4.616963e-174
    -2.766164e-175
     1.645452e-176
    -9.718414e-178
     5.699352e-179
    -3.318885e-180
     1.919164e-181
    -1.102050e-182
     6.284569e-184
    -3.559186e-185
     2.001899e-186
    -1.118318e-187
     6.204899e-189
    -3.419522e-190
     1.871854e-191
    -1.017814e-192
     5.497552e-194
    -2.949771e-195
     1.572313e-196
    -8.325973e-198
     4.380157e-199
    -2.289370e-200
     1.188850e-201
    -6.133888e-203
     3.144522e-204
    -1.601754e-205
     8.107221e-207
    -4.077510e-208
     2.037872e-209
    -1.012114e-210
     4.995331e-212
    -2.450151e-213
     1.194336e-214
    -5.785976e-216
     2.785826e-217
    -1.333121e-218
     6.340658e-220
    -2.997497e-221
     1.408489e-222
    -6.578525e-224
     3.054180e-225
    -1.409489e-226
     6.466062e-228
    -2.948756e-229
     1.336807e-230
    -6.024745e-232
     2.699347e-233
    -1.202370e-234
     5.324589e-236
    -2.344294e-237
     1.026183e-238
    -4.466157e-240
     1.932626e-241
    -8.315256e-243
     3.557344e-244
    -1.513238e-245
     6.400707e-247
    -2.692135e-248
     1.125958e-249
    -4.682870e-251
     1.936755e-252
    -7.965595e-254
     3.257996e-255
    -1.325194e-256
     5.360595e-258
    -2.156546e-259
     8.628281e-261
    -3.433344e-262
     1.358768e-263
    -5.348296e-265
     2.093801e-266
    -8.152900e-268
     3.157570e-269
    -1.216368e-270
     4.660743e-272
    -1.776358e-273
     6.734384e-275
    -2.539593e-276
     9.526558e-278
    -3.554841e-279
     1.319542e-280
    -4.872498e-282
     1.789831e-283
    -6.540498e-285
     2.377685e-286
    -8.599015e-288
     3.093858e-289
    -1.107428e-290
     3.943663e-292
    -1.397204e-293
     4.924945e-295
    -1.727151e-296
     6.026328e-298
    -2.092060e-299
     7.226044e-301
    -2.483348e-302
     8.491625e-304
    -2.889122e-305
     9.780666e-307
    -3.294609e-308
     1.104276e-309
    -3.682945e-311
     1.222262e-312
    -4.036447e-314
     1.307463e-315
    -1.759739e-317
     7.560687e-320
    -3.162020e-322
     -0.000000e+00
     -0.000000e+00
     -0.000000e+00
     -0.000000e+00
     -0.000000e+00
     -0.000000e+00
     -0.000000e+00
     -0.000000e+00
     -0.000000e+00
     -0.000000e+00
     -0.000000e+00
     -0.000000e+00
     -0.000000e+00
     -0.000000e+00
     -0.000000e+00
     -0.000000e+00
     -0.000000e+00
     -0.000000e+00
     -0.000000e+00
     -0.000000e+00
     -0.000000e+00
     -0.000000e+00
     -0.000000e+00
     -0.000000e+00
     -0.000000e+00
     -0.000000e+00
     -0.000000e+00
     -0.000000e+00
     -0.000000e+00
     -0.000000e+00
     -0.000000e+00
     -0.000000e+00
     -0.000000e+00
     -0.000000e+00
     -0.000000e+00
     -0.000000e+00
     -0.000000e+00
     -0.000000e+00
     -0.000000e+00
     -0.000000e+00
     -0.000000e+00
     -0.000000e+00
     -0.000000e+00
     -0.000000e+00
     -0.000000e+00
     -0.000000e+00
     -0.000000e+00
     -0.000000e+00
     -0.000000e+00
     -0.000000e+00
     -0.000000e+00
     -0.000000e+00
     -0.000000e+00
     -0.000000e+00
     -0.000000e+00
     -0.000000e+00
     -0.000000e+00
     -0.000000e+00
     -0.000000e+00
     -0.000000e+00
     -0.000000e+00
     -0.000000e+00
     -0.000000e+00
     -0.000000e+00
     -0.000000e+00
     -0.000000e+00
     -0.000000e+00
     -0.000000e+00
     -0.000000e+00
     -0.000000e+00
     -0.000000e+00
     -0.000000e+00
     -0.000000e+00
     -0.000000e+00
     -0.000000e+00
     -0.000000e+00
     -0.000000e+00
     -0.000000e+00
     -0.000000e+00
     -0.000000e+00
     -0.000000e+00
     -0.000000e+00
     -0.000000e+00
     -0.000000e+00
     -0.000000e+00
     -0.000000e+00
     -0.000000e+00
     -0.000000e+00
     -0.000000e+00
     -0.000000e+00
     -0.000000e+00
     -0.000000e+00
     -0.000000e+00
     -0.000000e+00
     -0.000000e+00
     -0.000000e+00
     -0.000000e+00
     -0.000000e+00
     -0.000000e+00
     -0.000000e+00
     -0.000000e+00
     -0.000000e+00
     -0.000000e+00
     -0.000000e+00
     -0.000000e+00
     -0.000000e+00
     -0.000000e+00
     -0.000000e+00
     -0.000000e+00
     -0.000000e+00
     -0.000000e+00
     -0.000000e+00
     -0.000000e+00
     -0.000000e+00
     -0.000000e+00
     -0.000000e+00
     -0.000000e+00
     -0.000000e+00
     -0.000000e+00
     -0.000000e+00
     -0.000000e+00
     -0.000000e+00
     -0.000000e+00
     -0.000000e+00
     -0.000000e+00
     -0.000000e+00
     -0.000000e+00
     -0.000000e+00
     -0.000000e+00
     -0.000000e+00
     -0.000000e+00
     -0.000000e+00
     -0.000000e+00
     -0.000000e+00
     -0.000000e+00
     -0.000000e+00
     -0.000000e+00
     -0.000000e+00
     -0.000000e+00
     -0.000000e+00
     -0.000000e+00
     -0.000000e+00
     -0.000000e+00
     -0.000000e+00
     -0.000000e+00
     -0.000000e+00
     -0.000000e+00
     -0.000000e+00
     -0.000000e+00
     -0.000000e+00
     -0.000000e+00
     -0.000000e+00
     -0.000000e+00
     -0.000000e+00
     -0.000000e+00
     -0.000000e+00
     -0.000000e+00
     -0.000000e+00
     -0.000000e+00
     -0.000000e+00
     -0.000000e+00
     -0.000000e+00
     -0.000000e+00
     -0.000000e+00
     -0.000000e+00
     -0.000000e+00
     -0.000000e+00
     -0.000000e+00
     -0.000000e+00
     -0.000000e+00
     -0.000000e+00
     -0.000000e+00
     -0.000000e+00
     -0.000000e+00
     -0.000000e+00
     -0.000000e+00
     -0.000000e+00
     -0.000000e+00
     -0.000000e+00
     -0.000000e+00
     -0.000000e+00
     -0.000000e+00
     -0.000000e+00
     -0.000000e+00
     -0.000000e+00
     -0.000000e+00
     -0.000000e+00
     -0.000000e+00
     -0.000000e+00
     -0.000000e+00
     -0.000000e+00
     -0.000000e+00
     -0.000000e+00
     -0.000000e+00
     -0.000000e+00
     -0.000000e+00
     -0.000000e+00
     -0.000000e+00
     -0.000000e+00
     -0.000000e+00
     -0.000000e+00
     -0.000000e+00
     -0.000000e+00
     -0.000000e+00
     -0.000000e+00
     -0.000000e+00
     -0.000000e+00
     -0.000000e+00
     -0.000000e+00
     -0.000000e+00
     -0.000000e+00
     -0.000000e+00
     -0.000000e+00
     -0.000000e+00
     -0.000000e+00
     -0.000000e+00
     -0.000000e+00
     -0.000000e+00
     -0.000000e+00
     -0.000000e+00
     -0.000000e+00
     -0.000000e+00
     -0.000000e+00
     -0.000000e+00
     -0.000000e+00
     -0.000000e+00
     -0.000000e+00
     -0.000000e+00
     -0.000000e+00
     -0.000000e+00
     -0.000000e+00
     -0.000000e+00
     -0.000000e+00
     -0.000000e+00
     -0.000000e+00
     -0.000000e+00
     -0.000000e+00
     -0.000000e+00
     -0.000000e+00
     -0.000000e+00
     -0.000000e+00
     -0.000000e+00
     -0.000000e+00
     -0.000000e+00
     -0.000000e+00
     -0.000000e+00
     -0.000000e+00
     -0.000000e+00
     -0.000000e+00
     -0.000000e+00
     -0.000000e+00
     -0.000000e+00
     -0.000000e+00
     -0.000000e+00
     -0.000000e+00
     -0.000000e+00
     -0.000000e+00
     -0.000000e+00
     -0.000000e+00
     -0.000000e+00
     -0.000000e+00
     -0.000000e+00
     -0.000000e+00
     -0.000000e+00
     -0.000000e+00
     -0.000000e+00
     -0.000000e+00
     -0.000000e+00
     -0.000000e+00
     -0.000000e+00
     -0.000000e+00
     -0.000000e+00
     -0.000000e+00
     -0.000000e+00
     -0.000000e+00
     -0.000000e+00
     -0.000000e+00
     -0.000000e+00
     -0.000000e+00
     -0.000000e+00
     -0.000000e+00
     -0.000000e+00
     -0.000000e+00
     -0.000000e+00
     -0.000000e+00
     -0.000000e+00
     -0.000000e+00
     -0.000000e+00
     -0.000000e+00
     -0.000000e+00
     -0.000000e+00
     -0.000000e+00
     -0.000000e+00
     -0.000000e+00
     -0.000000e+00
     -0.000000e+00
     -0.000000e+00
     -0.000000e+00
     -0.000000e+00
     -0.000000e+00
     -0.000000e+00
     -0.000000e+00
     -0.000000e+00
     -0.000000e+00
     -0.000000e+00
     -0.000000e+00
     -0.000000e+00
     -0.000000e+00
     -0.000000e+00
     -0.000000e+00
     -0.000000e+00
     -0.000000e+00
     -0.000000e+00
     -0.000000e+00
     -0.000000e+00
     -0.000000e+00
     -0.000000e+00
     -0.000000e+00
     -0.000000e+00
     -0.000000e+00
     -0.000000e+00
     -0.000000e+00
     -0.000000e+00
     -0.000000e+00
     -0.000000e+00
     -0.000000e+00
     -0.000000e+00
     -0.000000e+00
     -0.000000e+00
     -0.000000e+00
     -0.000000e+00
     -0.000000e+00
     -0.000000e+00
     -0.000000e+00
     -0.000000e+00
     -0.000000e+00
     -0.000000e+00
     -0.000000e+00
     -0.000000e+00
     -0.000000e+00
     -0.000000e+00
     -0.000000e+00
     -0.000000e+00
     -0.000000e+00
     -0.000000e+00
     -0.000000e+00
     -0.000000e+00
     -0.000000e+00
     -0.000000e+00
     -0.000000e+00
     -0.000000e+00
     -0.000000e+00
     -0.000000e+00
     -0.000000e+00
     -0.000000e+00
     -0.000000e+00
     -0.000000e+00
     -0.000000e+00
     -0.000000e+00
     -0.000000e+00
     -0.000000e+00
     -0.000000e+00
     -0.000000e+00
     -0.000000e+00
     -0.000000e+00
     -0.000000e+00
     -0.000000e+00
     -0.000000e+00
     -0.000000e+00
     -0.000000e+00
     -0.000000e+00
     -0.000000e+00
     -0.000000e+00
     -0.000000e+00
     -0.000000e+00
     -0.000000e+00
     -0.000000e+00
     -0.000000e+00
     -0.000000e+00
     -0.000000e+00
     -0.000000e+00
     -0.000000e+00
     -0.000000e+00
     -0.000000e+00
     -0.000000e+00
     -0.000000e+00
     -0.000000e+00
     -0.000000e+00
     -0.000000e+00
     -0.000000e+00
     -0.000000e+00
     -0.000000e+00
     -0.000000e+00
      0.000000e+00
      0.000000e+00
