      0.000000e+00
      0.000000e+00
     -7.247998e-15
     -3.572545e-14
     -7.982276e-14
     -8.436593e-14
     -4.193750e-14
      4.612975e-14
      1.213239e-13
      2.026698e-14
     -8.787625e-14
     -4.726861e-15
      2.208850e-12
     -7.175065e-11
      2.082451e-09
     -5.070671e-08
      1.015411e-06
     -1.630436e-05
      2.028414e-04
     -1.872219e-03
      1.239271e-02
     -6.383950e-02
      3.383785e-01
     -1.073595e+00
     -8.452834e+00
      4.010558e+01
      2.534379e+02
      5.256292e+02
      2.555442e+02
     -2.885979e+02
     -3.454172e+02
     -1.623434e+02
     -2.945185e+02
     -5.139122e+02
     -2.935963e+02
      3.446906e+02
      4.319912e+02
      7.585333e+01
     -5.793496e+01
     -4.135407e+00
      1.775524e+01
      1.039824e+01
      4.616820e+00
      2.309836e+00
      6.390073e-01
     -6.669725e-02
     -5.200824e-02
      8.236580e-03
      4.580751e-03
      1.496065e-02
      5.427013e-03
      9.119386e-03
     -2.331628e-02
     -6.517500e-02
     -3.265477e-02
      9.496448e-02
      4.907424e-01
      1.333507e+00
      4.272907e+00
      1.005586e+01
      5.914966e+00
     -3.949720e+01
     -7.926023e+01
      2.356389e+02
      1.044049e+03
      1.537271e+03
      1.380911e+03
      1.185816e+03
      7.473168e+02
     -2.013979e+02
     -1.547556e+03
     -2.168389e+03
     -1.475132e+03
     -5.986934e+02
     -2.284921e+02
     -2.851543e+01
      9.902127e+00
      8.413820e-01
     -7.266913e-01
      1.224370e-01
      1.011754e-02
     -6.754986e-03
      1.228865e-03
     -1.367083e-04
      1.090427e-05
     -6.696037e-07
      3.298663e-08
     -1.339230e-09
      4.566337e-11
     -1.325747e-12
      3.311345e-14
     -7.170860e-16
      1.354239e-17
     -2.239973e-19
      3.254805e-21
     -4.162673e-23
      4.690112e-25
     -4.655342e-27
      4.067046e-29
      0.000000e+00
      0.000000e+00
