      0.000000e+00
      0.000000e+00
     -7.418330e-15
     -7.565615e-15
     -6.366989e-16
     -2.066074e-14
     -7.125822e-14
     -9.499918e-14
     -9.554307e-14
     -1.329427e-13
     -1.583289e-13
     -9.958549e-14
     -3.404611e-14
     -5.162388e-14
     -1.016299e-13
     -9.487712e-14
     -3.220453e-14
      3.080188e-14
      8.215887e-14
      1.131701e-13
      3.610239e-14
     -1.737420e-13
     -3.413253e-13
     -3.070345e-13
     -1.697097e-13
     -1.279749e-13
     -1.505194e-13
     -8.310734e-14
      5.011976e-15
     -3.080031e-14
     -1.261781e-13
     -2.258258e-13
     -3.529670e-13
     -5.880088e-13
      2.598551e-12
     -3.319231e-11
      3.370274e-10
     -2.707289e-09
      1.618964e-08
     -6.608651e-08
      2.156621e-07
     -1.539510e-06
      7.958588e-06
      1.200508e-04
     -2.097597e-03
      8.875656e-03
      3.411830e-02
     -2.546997e-01
     -9.574896e-01
      2.566688e+00
      2.658513e+01
      9.669489e+01
      2.278068e+02
      3.986890e+02
      5.445355e+02
      5.760294e+02
      4.158512e+02
      4.577917e+01
     -4.253912e+02
     -7.431306e+02
     -6.995201e+02
     -3.938121e+02
     -1.482367e+02
     -1.493877e+02
     -3.185319e+02
     -4.921862e+02
     -5.706660e+02
     -5.110258e+02
     -3.018409e+02
      2.101203e+01
      3.680456e+02
      6.207606e+02
      6.723525e+02
      4.991781e+02
      2.263066e+02
      3.559877e+01
     -1.611913e+01
     -3.657346e+00
      4.691779e+00
      1.952943e+00
     -3.766117e-01
     -3.413994e-01
     -4.227014e-02
      2.458406e-03
     -3.714674e-03
     -5.037396e-03
     -5.113451e-03
     -2.609003e-03
     -4.133281e-04
      7.929339e-05
     -5.849454e-06
     -2.391050e-05
     -3.174598e-06
      1.786157e-06
      7.109585e-07
      4.468213e-07
      2.737486e-07
      7.148675e-08
      2.271942e-08
      2.765017e-08
      1.938208e-08
      1.237675e-08
      9.113615e-09
      9.997900e-08
      4.311506e-07
      8.198639e-07
      1.371444e-07
     -3.375623e-06
     -8.913298e-06
     -1.157484e-06
      4.768597e-05
     -1.079262e-06
     -7.764019e-04
     -2.649891e-03
     -3.352080e-03
      1.400272e-04
     -9.225913e-05
     -2.602306e-02
     -1.037570e-01
     -2.366023e-01
      3.426734e-02
      2.127250e+00
      4.684733e+00
     -1.975667e+00
     -1.443996e+01
      3.356119e+01
      2.445061e+02
      6.165232e+02
      1.005359e+03
      1.282302e+03
      1.426130e+03
      1.460831e+03
      1.409492e+03
      1.290921e+03
      1.120600e+03
      9.160316e+02
      6.890065e+02
      3.984303e+02
     -7.543401e+01
     -7.980083e+02
     -1.578627e+03
     -2.056309e+03
     -2.063303e+03
     -1.749656e+03
     -1.339402e+03
     -9.493479e+02
     -6.197980e+02
     -3.652104e+02
     -1.868244e+02
     -7.754515e+01
     -2.278118e+01
     -2.874526e+00
      8.501681e-01
      3.385617e-01
     -4.487289e-02
     -2.553796e-02
      6.161305e-03
      8.607770e-04
     -6.294905e-04
      1.327767e-04
     -1.300847e-05
     -3.124645e-07
      3.406173e-07
     -6.765290e-08
      8.930220e-09
     -9.183325e-10
      7.817977e-11
     -5.691128e-12
      3.615532e-13
     -2.033247e-14
      1.022914e-15
     -4.641682e-17
      1.912236e-18
     -7.190471e-20
      2.478816e-21
     -7.863388e-23
      2.302534e-24
     -6.239827e-26
      1.568430e-27
     -3.663351e-29
      7.962704e-31
     -1.612579e-32
      3.045333e-34
     -5.365850e-36
      8.823096e-38
     -1.353639e-39
      1.936429e-41
     -2.579739e-43
      3.193950e-45
     -3.663026e-47
      3.871406e-49
     -3.738930e-51
      3.251307e-53
     -2.472754e-55
      1.533289e-57
     -5.936374e-60
     -1.993850e-62
      7.501093e-64
     -1.030995e-65
      0.000000e+00
      0.000000e+00
