      0.000000e+00
      0.000000e+00
     -7.247998e-15
     -3.572545e-14
     -7.982276e-14
     -8.436593e-14
     -4.193750e-14
      4.612976e-14
      1.213236e-13
      2.028810e-14
     -8.899673e-14
      4.710698e-14
      1.304466e-13
     -8.003153e-14
     -2.109081e-11
      1.123665e-09
     -3.687243e-08
      8.431601e-07
     -1.284105e-05
      9.107737e-05
      1.042106e-03
     -3.782926e-02
      4.590930e-01
     -2.133214e+00
     -5.630757e+00
      5.194551e+01
      2.419013e+02
      4.524643e+02
      4.145978e+02
      5.063557e+01
     -3.964611e+02
     -6.762449e+02
     -7.358145e+02
     -5.621570e+02
     -1.447177e+02
      3.180402e+02
      5.017545e+02
      3.501682e+02
      1.190406e+02
      1.002730e+01
      1.489009e+00
      7.528453e+00
      3.598926e+00
     -1.599018e-01
     -3.963108e-01
      4.316927e-02
      6.629496e-02
      2.886972e-04
     -7.532364e-03
     -1.244527e-03
     -1.233640e-04
     -1.987425e-03
      1.925454e-03
      1.486620e-02
      1.977111e-02
     -4.264413e-02
     -1.546077e-01
      3.254637e-01
      2.965785e+00
      7.431478e+00
      8.080754e+00
      1.181884e+01
      8.751523e+01
      3.659096e+02
      8.828805e+02
      1.401131e+03
      1.532744e+03
      1.105218e+03
      2.904491e+02
     -6.086626e+02
     -1.313638e+03
     -1.572254e+03
     -1.289070e+03
     -7.007779e+02
     -2.111666e+02
     -9.631904e+00
      1.004046e+01
     -6.964567e-01
     -5.823163e-01
      1.674118e-01
     -2.127359e-02
      1.448584e-03
     -3.122529e-05
     -4.417101e-06
      6.066048e-07
     -4.447702e-08
      2.371911e-09
     -1.004207e-10
      3.515744e-12
     -1.042151e-13
      2.656032e-15
     -5.882557e-17
      1.140980e-18
     -1.949032e-20
      2.944203e-22
     -3.944270e-24
      4.694659e-26
     -4.968876e-28
      4.676439e-30
      0.000000e+00
      0.000000e+00
