      0.000000e+00
      0.000000e+00
     -3.118733e-15
     -2.899030e-15
     -2.320121e-15
     -1.609222e-15
     -9.848070e-16
     -4.162240e-16
      3.203695e-16
      1.406383e-15
      2.720506e-15
      3.766748e-15
      3.895837e-15
      2.718948e-15
      4.467514e-16
     -2.106163e-15
     -3.908025e-15
     -4.274062e-15
     -3.260325e-15
     -1.653771e-15
     -5.967076e-16
     -1.085951e-15
     -3.573175e-15
     -7.744862e-15
     -1.249157e-14
     -1.616172e-14
     -1.723858e-14
     -1.532944e-14
     -1.188901e-14
     -9.902180e-15
     -1.228123e-14
     -1.980851e-14
     -3.017952e-14
     -3.919470e-14
     -4.351677e-14
     -4.293357e-14
     -4.019053e-14
     -3.837368e-14
     -3.802228e-14
     -3.659928e-14
     -3.099481e-14
     -2.094642e-14
     -1.017799e-14
     -3.882976e-15
     -4.458257e-15
     -9.191146e-15
     -1.215900e-14
     -9.075222e-15
     -1.290766e-15
      4.195029e-15
     -1.234702e-15
     -2.246438e-14
     -5.707685e-14
     -9.506310e-14
     -1.216854e-13
     -1.227796e-13
     -9.138234e-14
     -3.325718e-14
      3.249269e-14
      8.050696e-14
      9.218179e-14
      6.745337e-14
      2.686801e-14
      7.301951e-16
      1.095647e-14
      5.699155e-14
      1.150579e-13
      1.514249e-13
      1.414893e-13
      8.328458e-14
     -1.882832e-15
     -8.100724e-14
     -1.259149e-13
     -1.258897e-13
     -9.096158e-14
     -4.596459e-14
     -1.944490e-14
     -3.212170e-14
     -8.807821e-14
     -1.707520e-13
     -2.459592e-13
     -2.735392e-13
     -2.253232e-13
     -1.012944e-13
      6.651778e-14
      2.271864e-13
      3.345721e-13
      3.671048e-13
      3.321767e-13
      2.555168e-13
      1.661405e-13
      8.709887e-14
      3.312102e-14
      8.999174e-15
      5.171637e-15
     -4.228929e-15
     -5.204287e-14
     -1.569155e-13
     -3.033196e-13
     -4.406648e-13
     -5.080509e-13
     -4.711253e-13
     -3.453900e-13
     -1.876269e-13
     -5.969323e-14
      1.018051e-14
      4.071754e-14
      7.594935e-14
      1.450727e-13
      2.345632e-13
      2.946428e-13
      2.765798e-13
      1.736265e-13
      3.442174e-14
     -6.328266e-14
     -6.221723e-14
      3.533598e-14
      1.666360e-13
      2.474363e-13
      2.248363e-13
      1.083186e-13
     -4.126883e-14
     -1.552582e-13
     -2.013709e-13
     -1.981397e-13
     -1.923438e-13
     -2.189918e-13
     -2.738841e-13
     -3.172590e-13
     -3.042456e-13
     -2.205038e-13
     -9.954246e-14
     -1.048227e-14
     -2.278183e-14
     -1.677316e-13
     -4.184228e-13
     -6.993514e-13
     -9.198075e-13
     -1.012214e-12
     -9.557476e-13
     -7.764923e-13
     -5.294834e-13
     -2.757382e-13
     -6.525389e-14
      7.087578e-14
      1.224724e-13
      1.001500e-13
      3.257995e-14
     -4.262935e-14
     -9.540753e-14
     -1.198727e-13
     -1.382672e-13
     -1.844119e-13
     -2.743023e-13
     -3.849953e-13
     -4.606276e-13
     -4.449087e-13
     -3.179284e-13
     -1.107121e-13
      1.116451e-13
      2.832633e-13
      3.623437e-13
      3.347271e-13
      2.042391e-13
     -1.232823e-14
     -2.777761e-13
     -5.259443e-13
     -6.720628e-13
     -6.496147e-13
     -4.560800e-13
     -1.731378e-13
      6.392125e-14
      1.391011e-13
      2.681362e-14
     -1.909684e-13
     -3.810676e-13
     -4.538063e-13
     -4.258669e-13
     -3.990825e-13
     -4.670507e-13
     -6.230225e-13
     -7.477347e-13
     -6.940980e-13
     -4.046946e-13
      3.281984e-14
      4.384066e-13
      6.575727e-13
      6.498925e-13
      4.840559e-13
      2.593111e-13
      3.288922e-14
     -1.851167e-13
     -3.822988e-13
     -5.077757e-13
     -4.982140e-13
     -3.433910e-13
     -1.203071e-13
      4.861810e-14
      8.281027e-14
     -4.102436e-16
     -1.085403e-13
     -1.501394e-13
     -9.681059e-14
      1.232283e-14
      1.096702e-13
      1.391025e-13
      7.350054e-14
     -8.148827e-14
     -2.847588e-13
     -4.650465e-13
     -5.482130e-13
     -4.984127e-13
     -3.406060e-13
     -1.407974e-13
      4.074759e-14
      1.811731e-13
      2.859559e-13
      3.562460e-13
      3.724094e-13
      3.126191e-13
      1.854205e-13
      3.953478e-14
     -6.244132e-14
     -8.381434e-14
     -3.250360e-14
      5.455612e-14
      1.436174e-13
      2.240579e-13
      3.028517e-13
      3.847575e-13
      4.595234e-13
      5.067259e-13
      5.105600e-13
      4.691527e-13
      3.914513e-13
      2.885806e-13
      1.706822e-13
      5.124310e-14
     -4.978207e-14
     -1.120363e-13
     -1.262654e-13
     -9.882556e-14
     -4.266759e-14
      3.639424e-14
      1.419733e-13
      2.726082e-13
      4.043051e-13
      4.909581e-13
      4.887605e-13
      3.870351e-13
      2.184858e-13
      3.753871e-14
     -1.166230e-13
     -2.408551e-13
     -3.542175e-13
     -4.621605e-13
     -5.333813e-13
     -5.154432e-13
     -3.805597e-13
     -1.616134e-13
      5.907768e-14
      2.067394e-13
      2.716906e-13
      3.150301e-13
      4.111143e-13
      5.720634e-13
      7.202798e-13
      7.375565e-13
      5.544980e-13
      2.092558e-13
     -1.692885e-13
     -4.370664e-13
     -5.108978e-13
     -3.978245e-13
     -1.742006e-13
      5.724206e-14
      2.066565e-13
      2.260694e-13
      1.283854e-13
     -1.224641e-14
     -9.030957e-14
     -2.294004e-14
      2.017154e-13
      5.138395e-13
      7.955282e-13
      9.355868e-13
      8.752431e-13
      6.296019e-13
      2.849668e-13
     -2.667163e-14
     -1.771119e-13
     -1.047482e-13
      1.418409e-13
      4.167875e-13
      5.523926e-13
      4.547005e-13
      1.549827e-13
     -2.166275e-13
     -5.097197e-13
     -6.233876e-13
     -5.259024e-13
     -2.354898e-13
      1.953113e-13
      6.704029e-13
      1.043520e-12
      1.160677e-12
      9.558923e-13
      5.346002e-13
      1.550106e-13
      8.166644e-14
      3.971390e-13
      9.180564e-13
      1.301000e-12
      1.276907e-12
      8.407763e-13
      2.495260e-13
     -1.692314e-13
     -2.462942e-13
     -6.506672e-14
      1.342314e-13
      1.458464e-13
     -6.609154e-14
     -3.717831e-13
     -5.869636e-13
     -5.934482e-13
     -3.932266e-13
     -8.615375e-14
      1.919205e-13
      3.301639e-13
      2.819960e-13
      7.640262e-14
     -2.004437e-13
     -4.491491e-13
     -6.085286e-13
     -6.843771e-13
     -7.320096e-13
     -7.984322e-13
     -8.652262e-13
     -8.442841e-13
     -6.459204e-13
     -2.770031e-13
      1.155373e-13
      3.151947e-13
      1.900882e-13
     -1.844181e-13
     -5.469310e-13
     -6.206805e-13
     -3.117447e-13
      2.202919e-13
      6.756864e-13
      8.204222e-13
      6.255989e-13
      2.485905e-13
     -1.022762e-13
     -2.982815e-13
     -3.267441e-13
     -2.392132e-13
     -8.330124e-14
      1.204846e-13
      3.541641e-13
      5.728710e-13
      7.111254e-13
      7.258888e-13
      6.381678e-13
      5.286522e-13
      4.777140e-13
      4.920286e-13
      4.844488e-13
      3.393900e-13
      2.114294e-14
     -3.677799e-13
     -6.408184e-13
     -6.604266e-13
     -4.393215e-13
     -1.194850e-13
      1.541462e-13
      3.515060e-13
      5.601131e-13
      8.733297e-13
      1.271440e-12
      1.608043e-12
      1.714908e-12
      1.530447e-12
      1.140684e-12
      7.062208e-13
      3.489359e-13
      9.532174e-14
     -9.216168e-14
     -2.464082e-13
     -3.607959e-13
     -4.097068e-13
     -3.866790e-13
     -3.134264e-13
     -2.142856e-13
     -9.080168e-14
      7.247127e-14
      2.775858e-13
      4.917500e-13
      6.568054e-13
      7.189049e-13
      6.512322e-13
      4.567055e-13
      1.609280e-13
     -1.897130e-13
     -5.258363e-13
     -7.635195e-13
     -8.317748e-13
     -7.078674e-13
     -4.377364e-13
     -1.257540e-13
      1.045667e-13
      1.628083e-13
      3.402514e-14
     -2.111194e-13
     -4.505227e-13
     -5.777666e-13
     -5.639421e-13
     -4.694755e-13
     -3.916959e-13
     -3.851986e-13
     -4.202946e-13
     -4.174276e-13
     -3.291074e-13
     -1.944818e-13
     -1.124177e-13
     -1.527201e-13
     -2.843976e-13
     -3.876953e-13
     -3.433290e-13
     -1.259161e-13
      1.723619e-13
      4.024359e-13
      4.548256e-13
      3.257154e-13
      1.157960e-13
     -3.100971e-14
     -1.155812e-14
      1.760251e-13
      4.303572e-13
      6.079715e-13
      6.130533e-13
      4.582573e-13
      2.549736e-13
      1.390688e-13
      1.819787e-13
      3.445828e-13
      5.011098e-13
      5.170225e-13
      3.339537e-13
      9.188384e-15
     -3.193551e-13
     -5.248788e-13
     -5.771048e-13
     -5.531958e-13
     -5.593818e-13
     -6.253861e-13
     -6.653308e-13
     -5.473545e-13
     -2.188734e-13
      2.191116e-13
      5.566092e-13
      6.091271e-13
      3.421439e-13
     -1.033343e-13
     -4.972482e-13
     -6.559981e-13
     -5.399021e-13
     -2.589133e-13
      7.373070e-15
      1.209696e-13
      5.999093e-14
     -8.574129e-14
     -1.890479e-13
     -1.747795e-13
     -6.087336e-14
      7.351817e-14
      1.595506e-13
      1.879568e-13
      2.002583e-13
      2.417561e-13
      3.270199e-13
      4.459786e-13
      5.901620e-13
      7.585084e-13
      9.318420e-13
      1.049628e-12
      1.029840e-12
      8.313374e-13
      5.092618e-13
      2.075886e-13
      7.825900e-14
      1.762467e-13
      4.067126e-13
      5.725485e-13
      5.038969e-13
      1.874589e-13
     -2.013496e-13
     -4.040788e-13
     -2.633783e-13
      1.457702e-13
      5.460574e-13
      6.418053e-13
      3.273113e-13
     -2.351884e-13
     -7.239468e-13
     -8.666940e-13
     -5.975771e-13
     -6.595535e-14
      4.798206e-13
      8.331667e-13
      9.086518e-13
      7.425318e-13
      4.477204e-13
      1.587452e-13
     -1.836973e-14
     -4.373122e-14
      4.634888e-14
      1.684374e-13
      2.459694e-13
      2.493061e-13
      1.917550e-13
      9.233474e-14
     -5.074066e-14
     -2.441155e-13
     -4.583242e-13
     -6.138556e-13
     -6.243793e-13
     -4.656090e-13
     -2.019946e-13
      6.156194e-14
      2.588663e-13
      3.919376e-13
      4.816123e-13
      5.002741e-13
      3.756905e-13
      7.912030e-14
     -2.930270e-13
     -5.479984e-13
     -5.349265e-13
     -2.726334e-13
      5.634658e-14
      2.463859e-13
      2.194535e-13
      5.809999e-14
     -9.189534e-14
     -1.484191e-13
     -1.406899e-13
     -1.549427e-13
     -2.415568e-13
     -3.631853e-13
     -4.179199e-13
     -3.154385e-13
     -5.265010e-14
      2.648171e-13
      4.792161e-13
      4.861533e-13
      3.129588e-13
      1.000556e-13
     -1.127824e-14
      5.256561e-15
      4.613615e-14
     -1.689966e-14
     -2.058888e-13
     -4.029948e-13
     -4.475488e-13
     -2.733068e-13
      3.986112e-14
      3.384806e-13
      5.119688e-13
      5.425275e-13
      4.600255e-13
      2.747633e-13
     -2.630798e-14
     -4.178941e-13
     -7.906901e-13
     -9.933208e-13
     -9.395178e-13
     -6.806569e-13
     -3.672181e-13
     -1.272099e-13
      2.861491e-14
      1.880767e-13
      4.255046e-13
      7.040428e-13
      8.858344e-13
      8.431391e-13
      5.721125e-13
      2.107036e-13
     -5.271583e-14
     -1.033210e-13
      3.894754e-14
      2.571336e-13
      4.316409e-13
      5.147863e-13
      5.368833e-13
      5.529828e-13
      5.808916e-13
      5.804727e-13
      4.875399e-13
      2.718502e-13
     -2.917373e-14
     -3.268407e-13
     -5.296787e-13
     -5.817263e-13
     -4.679160e-13
     -2.046784e-13
      1.537506e-13
      4.977472e-13
      6.775195e-13
      5.799802e-13
      2.258541e-13
     -2.051908e-13
     -4.735427e-13
     -4.448482e-13
     -1.888832e-13
      7.644400e-14
      1.538124e-13
      9.251664e-15
     -2.226904e-13
     -3.617339e-13
     -3.215393e-13
     -1.584780e-13
     -1.076400e-14
      5.823224e-15
     -1.342303e-13
     -3.668305e-13
     -5.875376e-13
     -7.116963e-13
     -7.158546e-13
     -6.416366e-13
     -5.550891e-13
     -4.807668e-13
     -3.615351e-13
     -9.404366e-14
      3.666102e-13
      9.139439e-13
      1.306190e-12
      1.311206e-12
      8.842429e-13
      2.346343e-13
     -2.878768e-13
     -4.142384e-13
     -1.221962e-13
      3.741204e-13
      7.948630e-13
      9.882952e-13
      1.002556e-12
      9.947492e-13
      1.065432e-12
      1.159011e-12
      1.112127e-12
      8.121833e-13
      3.364778e-13
     -5.341863e-14
     -8.364955e-14
      3.082938e-13
      8.781686e-13
      1.211771e-12
      1.016817e-12
      3.483781e-13
     -4.219550e-13
     -8.786387e-13
     -8.561379e-13
     -5.177721e-13
     -1.764158e-13
     -3.578461e-14
     -7.560132e-14
     -1.458069e-13
     -1.433849e-13
     -1.003764e-13
     -1.274752e-13
     -2.954763e-13
     -5.684695e-13
     -8.300978e-13
     -9.622015e-13
     -9.128078e-13
     -7.175384e-13
     -4.720074e-13
     -2.747615e-13
     -1.750339e-13
     -1.603034e-13
     -1.909641e-13
     -2.466681e-13
     -3.349626e-13
     -4.517386e-13
     -5.392997e-13
     -4.988148e-13
     -2.619042e-13
      1.373320e-13
      5.580573e-13
      8.299825e-13
      8.585465e-13
      6.811842e-13
      4.332751e-13
      2.468809e-13
      1.549354e-13
      7.466219e-14
     -1.104023e-13
     -4.292619e-13
     -7.650478e-13
     -9.208569e-13
     -7.689298e-13
     -3.632924e-13
      8.263064e-14
      3.410813e-13
      3.215879e-13
      1.094272e-13
     -1.304031e-13
     -2.935558e-13
     -4.016732e-13
     -5.452645e-13
     -7.635310e-13
     -9.727626e-13
     -1.012401e-12
     -7.775740e-13
     -3.313100e-13
      9.937662e-14
      2.528115e-13
      9.628323e-15
     -4.884843e-13
     -8.802926e-13
     -8.956630e-13
     -9.029873e-13
     -2.019320e-12
     -4.223600e-12
     -1.937041e-12
      1.722695e-11
      5.524683e-11
      5.683283e-11
     -1.296794e-10
     -6.464983e-10
     -1.181282e-09
     -2.185236e-10
      5.181314e-09
      1.697277e-08
      2.828696e-08
      9.588634e-09
     -1.034826e-07
     -3.963938e-07
     -8.881651e-07
     -1.296528e-06
     -5.641579e-07
      3.947716e-06
      1.767396e-05
      5.050983e-05
      1.189262e-04
      2.485038e-04
      4.768363e-04
      8.567545e-04
      1.459838e-03
      2.380209e-03
      3.738635e-03
      5.686997e-03
      8.413235e-03
      1.214687e-02
      1.716528e-02
      2.380090e-02
      3.244942e-02
      4.357926e-02
      5.774224e-02
      7.558564e-02
      9.786554e-02
      1.254614e-01
      1.593918e-01
      2.008310e-01
      2.511265e-01
      3.118165e-01
      3.846485e-01
      4.715969e-01
      5.748805e-01
      6.969800e-01
      8.406536e-01
      1.008952e+00
      1.205232e+00
      1.433168e+00
      1.696762e+00
      2.000351e+00
      2.348614e+00
      2.746572e+00
      3.199591e+00
      3.713379e+00
      4.293981e+00
      4.947768e+00
      5.681431e+00
      6.501962e+00
      7.416640e+00
      8.433009e+00
      9.558857e+00
      1.080219e+01
      1.217119e+01
      1.367422e+01
      1.531974e+01
      1.711630e+01
      1.907253e+01
      2.119702e+01
      2.349836e+01
      2.598505e+01
      2.866547e+01
      3.154782e+01
      3.464011e+01
      3.795007e+01
      4.148513e+01
      4.525236e+01
      4.925845e+01
      5.350961e+01
      5.801159e+01
      6.276960e+01
      6.778828e+01
      7.307165e+01
      7.862309e+01
      8.444529e+01
      9.054024e+01
      9.690915e+01
      1.035525e+02
      1.104699e+02
      1.176603e+02
      1.251217e+02
      1.328512e+02
      1.408452e+02
      1.490990e+02
      1.576074e+02
      1.663639e+02
      1.753615e+02
      1.845921e+02
      1.940469e+02
      2.037161e+02
      2.135893e+02
      2.236550e+02
      2.339013e+02
      2.443151e+02
      2.548828e+02
      2.655901e+02
      2.764220e+02
      2.873627e+02
      2.983960e+02
      3.095049e+02
      3.206718e+02
      3.318789e+02
      3.431075e+02
      3.543387e+02
      3.655530e+02
      3.767307e+02
      3.878515e+02
      3.988948e+02
      4.098400e+02
      4.206658e+02
      4.313510e+02
      4.418740e+02
      4.522130e+02
      4.623462e+02
      4.722516e+02
      4.819071e+02
      4.912905e+02
      5.003796e+02
      5.091522e+02
      5.175860e+02
      5.256588e+02
      5.333486e+02
      5.406332e+02
      5.474907e+02
      5.538992e+02
      5.598372e+02
      5.652830e+02
      5.702154e+02
      5.746133e+02
      5.784560e+02
      5.817230e+02
      5.843940e+02
      5.864493e+02
      5.878693e+02
      5.886352e+02
      5.887284e+02
      5.881309e+02
      5.868251e+02
      5.847942e+02
      5.820220e+02
      5.784930e+02
      5.741922e+02
      5.691057e+02
      5.632204e+02
      5.565240e+02
      5.490052e+02
      5.406539e+02
      5.314607e+02
      5.214178e+02
      5.105184e+02
      4.987571e+02
      4.861296e+02
      4.726334e+02
      4.582672e+02
      4.430316e+02
      4.269284e+02
      4.099614e+02
      3.921362e+02
      3.734601e+02
      3.539423e+02
      3.335943e+02
      3.124291e+02
      2.904624e+02
      2.677115e+02
      2.441963e+02
      2.199388e+02
      1.949635e+02
      1.692970e+02
      1.429686e+02
      1.160098e+02
      8.845485e+01
      6.034034e+01
      3.170547e+01
      2.592023e+00
     -2.695564e+01
     -5.689056e+01
     -8.716315e+01
     -1.177213e+02
     -1.485101e+02
     -1.794724e+02
     -2.105481e+02
     -2.416750e+02
     -2.727882e+02
     -3.038203e+02
     -3.347019e+02
     -3.653609e+02
     -3.957234e+02
     -4.257132e+02
     -4.552525e+02
     -4.842613e+02
     -5.126584e+02
     -5.403609e+02
     -5.672848e+02
     -5.933453e+02
     -6.184568e+02
     -6.425333e+02
     -6.654888e+02
     -6.872378e+02
     -7.076954e+02
     -7.267780e+02
     -7.444039e+02
     -7.604936e+02
     -7.749705e+02
     -7.877615e+02
     -7.987980e+02
     -8.080161e+02
     -8.153579e+02
     -8.207721e+02
     -8.242149e+02
     -8.256509e+02
     -8.250540e+02
     -8.224084e+02
     -8.177093e+02
     -8.109642e+02
     -8.021932e+02
     -7.914301e+02
     -7.787231e+02
     -7.641352e+02
     -7.477445e+02
     -7.296446e+02
     -7.099444e+02
     -6.887678e+02
     -6.662531e+02
     -6.425520e+02
     -6.178286e+02
     -5.922575e+02
     -5.660222e+02
     -5.393126e+02
     -5.123224e+02
     -4.852468e+02
     -4.582791e+02
     -4.316081e+02
     -4.054148e+02
     -3.798697e+02
     -3.551301e+02
     -3.313381e+02
     -3.086183e+02
     -2.870767e+02
     -2.668000e+02
     -2.478550e+02
     -2.302894e+02
     -2.141321e+02
     -1.993951e+02
     -1.860750e+02
     -1.741546e+02
     -1.636055e+02
     -1.543898e+02
     -1.464626e+02
     -1.397734e+02
     -1.342685e+02
     -1.298918e+02
     -1.265867e+02
     -1.242965e+02
     -1.229656e+02
     -1.225400e+02
     -1.229675e+02
     -1.241981e+02
     -1.261841e+02
     -1.288802e+02
     -1.322431e+02
     -1.362320e+02
     -1.408080e+02
     -1.459343e+02
     -1.515758e+02
     -1.576994e+02
     -1.642732e+02
     -1.712670e+02
     -1.786519e+02
     -1.864001e+02
     -1.944850e+02
     -2.028811e+02
     -2.115635e+02
     -2.205086e+02
     -2.296931e+02
     -2.390945e+02
     -2.486911e+02
     -2.584614e+02
     -2.683847e+02
     -2.784404e+02
     -2.886086e+02
     -2.988692e+02
     -3.092030e+02
     -3.195904e+02
     -3.300125e+02
     -3.404501e+02
     -3.508845e+02
     -3.612966e+02
     -3.716679e+02
     -3.819796e+02
     -3.922129e+02
     -4.023491e+02
     -4.123695e+02
     -4.222553e+02
     -4.319877e+02
     -4.415479e+02
     -4.509171e+02
     -4.600764e+02
     -4.690070e+02
     -4.776901e+02
     -4.861067e+02
     -4.942383e+02
     -5.020660e+02
     -5.095714e+02
     -5.167360e+02
     -5.235415e+02
     -5.299698e+02
     -5.360031e+02
     -5.416239e+02
     -5.468150e+02
     -5.515594e+02
     -5.558408e+02
     -5.596431e+02
     -5.629508e+02
     -5.657490e+02
     -5.680233e+02
     -5.697600e+02
     -5.709460e+02
     -5.715690e+02
     -5.716175e+02
     -5.710805e+02
     -5.699484e+02
     -5.682119e+02
     -5.658629e+02
     -5.628944e+02
     -5.593000e+02
     -5.550746e+02
     -5.502140e+02
     -5.447149e+02
     -5.385755e+02
     -5.317946e+02
     -5.243722e+02
     -5.163097e+02
     -5.076092e+02
     -4.982741e+02
     -4.883089e+02
     -4.777190e+02
     -4.665111e+02
     -4.546929e+02
     -4.422730e+02
     -4.292612e+02
     -4.156684e+02
     -4.015062e+02
     -3.867873e+02
     -3.715255e+02
     -3.557352e+02
     -3.394320e+02
     -3.226321e+02
     -3.053527e+02
     -2.876117e+02
     -2.694277e+02
     -2.508201e+02
     -2.318091e+02
     -2.124154e+02
     -1.926603e+02
     -1.725659e+02
     -1.521547e+02
     -1.314497e+02
     -1.104745e+02
     -8.925326e+01
     -6.781043e+01
     -4.617095e+01
     -2.436018e+01
     -2.403812e+00
      1.967207e+01
      4.184106e+01
      6.407645e+01
      8.635125e+01
      1.086382e+02
      1.309097e+02
      1.531381e+02
      1.752953e+02
      1.973533e+02
      2.192837e+02
      2.410579e+02
      2.626474e+02
      2.840233e+02
      3.051569e+02
      3.260191e+02
      3.465811e+02
      3.668138e+02
      3.866881e+02
      4.061752e+02
      4.252461e+02
      4.438720e+02
      4.620242e+02
      4.796742e+02
      4.967937e+02
      5.133547e+02
      5.293295e+02
      5.446907e+02
      5.594114e+02
      5.734651e+02
      5.868260e+02
      5.994686e+02
      6.113683e+02
      6.225013e+02
      6.328445e+02
      6.423758e+02
      6.510739e+02
      6.589187e+02
      6.658913e+02
      6.719740e+02
      6.771505e+02
      6.814057e+02
      6.847264e+02
      6.871009e+02
      6.885190e+02
      6.889728e+02
      6.884560e+02
      6.869646e+02
      6.844964e+02
      6.810520e+02
      6.766341e+02
      6.712478e+02
      6.649009e+02
      6.576040e+02
      6.493704e+02
      6.402163e+02
      6.301610e+02
      6.192266e+02
      6.074387e+02
      5.948260e+02
      5.814203e+02
      5.672570e+02
      5.523747e+02
      5.368155e+02
      5.206248e+02
      5.038512e+02
      4.865470e+02
      4.687673e+02
      4.505705e+02
      4.320179e+02
      4.131737e+02
      3.941043e+02
      3.748787e+02
      3.555675e+02
      3.362430e+02
      3.169786e+02
      2.978482e+02
      2.789257e+02
      2.602843e+02
      2.419963e+02
      2.241316e+02
      2.067576e+02
      1.899382e+02
      1.737329e+02
      1.581963e+02
      1.433768e+02
      1.293167e+02
      1.160505e+02
      1.036055e+02
      9.200023e+01
      8.124502e+01
      7.134141e+01
      6.228235e+01
      5.405241e+01
      4.662829e+01
      3.997938e+01
      3.406867e+01
      2.885366e+01
      2.428753e+01
      2.032028e+01
      1.689993e+01
      1.397380e+01
      1.148953e+01
      9.396208e+00
      7.645199e+00
      6.190866e+00
      4.991103e+00
      4.007681e+00
      3.206415e+00
      2.557173e+00
      2.033763e+00
      1.613705e+00
      1.277937e+00
      1.010475e+00
      7.980518e-01
      6.297557e-01
      4.966881e-01
      3.916434e-01
      3.088238e-01
      2.435890e-01
      1.922415e-01
      1.518452e-01
      1.200749e-01
      9.509306e-02
      7.544933e-02
      6.000025e-02
      4.784491e-02
      3.827393e-02
      3.072915e-02
      2.477183e-02
      2.005758e-02
      1.631652e-02
      1.333766e-02
      1.095641e-02
      9.044670e-03
      7.502892e-03
      6.253726e-03
      5.236994e-03
      4.405733e-03
      3.723128e-03
      3.160166e-03
      2.693881e-03
      2.306016e-03
      1.982016e-03
      1.710243e-03
      1.481363e-03
      1.287855e-03
      1.123636e-03
      9.837577e-04
      8.641823e-04
      7.616027e-04
      6.733021e-04
      5.970410e-04
      5.309668e-04
      4.735403e-04
      4.234787e-04
      3.797090e-04
      3.413312e-04
      3.075881e-04
      2.778404e-04
      2.515470e-04
      2.282481e-04
      2.075521e-04
      1.891247e-04
      1.726795e-04
      1.579704e-04
      1.447858e-04
      1.329427e-04
      1.222830e-04
      1.126695e-04
      1.039828e-04
      9.611893e-05
      8.898707e-05
      8.250769e-05
      7.661104e-05
      7.123579e-05
      6.632793e-05
      6.183980e-05
      5.772922e-05
      5.395885e-05
      5.049554e-05
      4.730980e-05
      4.437540e-05
      4.166889e-05
      3.916934e-05
      3.685800e-05
      3.471808e-05
      3.273448e-05
      3.089364e-05
      2.918332e-05
      2.759251e-05
      2.611124e-05
      2.473052e-05
      2.344219e-05
      2.223884e-05
      2.111376e-05
      2.006085e-05
      1.907455e-05
      1.814979e-05
      1.728195e-05
      1.646680e-05
      1.570049e-05
      1.497948e-05
      1.430053e-05
      1.366067e-05
      1.305716e-05
      1.248750e-05
      1.194937e-05
      1.144065e-05
      1.095938e-05
      1.050374e-05
      1.007207e-05
      9.662808e-06
      9.274536e-06
      8.905923e-06
      8.555742e-06
      8.222853e-06
      7.906197e-06
      7.604790e-06
      7.317719e-06
      7.044131e-06
      6.783235e-06
      6.534291e-06
      6.296610e-06
      6.069548e-06
      5.852506e-06
      5.644921e-06
      5.446267e-06
      5.256053e-06
      5.073818e-06
      4.899132e-06
      4.731588e-06
      4.570808e-06
      4.416434e-06
      4.268131e-06
      4.125584e-06
      3.988498e-06
      3.856593e-06
      3.729607e-06
      3.607292e-06
      3.489417e-06
      3.375761e-06
      3.266116e-06
      3.160287e-06
      3.058089e-06
      2.959348e-06
      2.863898e-06
      2.771584e-06
      2.682258e-06
      2.595781e-06
      2.512021e-06
      2.430853e-06
      2.352159e-06
      2.275827e-06
      2.201750e-06
      2.129830e-06
      2.059970e-06
      1.992082e-06
      1.926079e-06
      1.861881e-06
      1.799412e-06
      1.738600e-06
      1.679378e-06
      1.621680e-06
      1.565448e-06
      1.510622e-06
      1.457151e-06
      1.404983e-06
      1.354070e-06
      1.304370e-06
      1.255839e-06
      1.208440e-06
      1.162137e-06
      1.116898e-06
      1.072691e-06
      1.029489e-06
      9.872664e-07
      9.460005e-07
      9.056707e-07
      8.662589e-07
      8.277495e-07
      7.901291e-07
      7.533864e-07
      7.175119e-07
      6.824987e-07
      6.483421e-07
      6.150395e-07
      5.825899e-07
      5.509938e-07
      5.202534e-07
      4.903727e-07
      4.613576e-07
      4.332150e-07
      4.059530e-07
      3.795807e-07
      3.541077e-07
      3.295442e-07
      3.059008e-07
      2.831880e-07
      2.614161e-07
      2.405948e-07
      2.207325e-07
      2.018365e-07
      1.839121e-07
      1.669626e-07
      1.509889e-07
      1.359891e-07
      1.219580e-07
      1.088869e-07
      9.676358e-08
      8.557137e-08
      7.528947e-08
      6.589278e-08
      5.735216e-08
      4.963458e-08
      4.270319e-08
      3.651759e-08
      3.103428e-08
      2.620713e-08
      2.198791e-08
      1.832697e-08
      1.517426e-08
      1.248025e-08
      1.019653e-08
      8.276219e-09
      6.674471e-09
      5.349072e-09
      4.260992e-09
      3.374701e-09
      2.658279e-09
      2.083421e-09
      1.625372e-09
      1.262795e-09
      9.775749e-10
      7.545282e-10
      5.810644e-10
      4.468098e-10
      3.432816e-10
      2.636572e-10
      2.025541e-10
      1.557313e-10
      1.198200e-10
      9.222518e-11
      7.108175e-11
      5.503569e-11
      4.292154e-11
      3.364489e-11
      2.633745e-11
      2.049404e-11
      1.587469e-11
      1.230598e-11
      9.604847e-12
      7.622329e-12
      6.249013e-12
      5.328320e-12
      4.604480e-12
      3.834261e-12
      2.979541e-12
      2.239874e-12
      1.838732e-12
      1.780176e-12
      1.836958e-12
      1.758759e-12
      1.462667e-12
      1.043464e-12
      6.636563e-13
      4.592463e-13
      4.903570e-13
      6.957751e-13
      8.910546e-13
      8.965323e-13
      7.204413e-13
      5.565672e-13
      5.288853e-13
      4.950228e-13
      2.255794e-13
     -2.340421e-13
     -5.333466e-13
     -4.084386e-13
      1.259164e-14
      3.757476e-13
      4.758857e-13
      3.703056e-13
      2.004035e-13
      3.482147e-14
     -1.169765e-13
     -2.397704e-13
     -3.068216e-13
     -3.122792e-13
     -2.866994e-13
     -2.684560e-13
     -2.470332e-13
     -1.578743e-13
      2.123157e-14
      1.835729e-13
      1.716289e-13
     -4.230549e-14
     -3.058093e-13
     -4.365728e-13
     -3.818351e-13
     -2.113233e-13
      8.355124e-16
      2.369510e-13
      4.813078e-13
      6.484457e-13
      6.152820e-13
      3.518566e-13
      6.435806e-15
     -1.827051e-13
     -9.342617e-14
      1.634661e-13
      3.499306e-13
      3.201034e-13
      1.172991e-13
     -1.273272e-13
     -3.248073e-13
     -4.280773e-13
     -3.803264e-13
     -1.670473e-13
      8.682532e-14
      1.687221e-13
     -2.351557e-14
     -3.669049e-13
     -6.153238e-13
     -5.979046e-13
     -3.359467e-13
     -2.427640e-14
      9.126624e-14
     -1.180213e-13
     -5.499793e-13
     -9.150488e-13
     -9.390401e-13
     -5.847739e-13
     -9.244239e-14
      2.318441e-13
      2.839692e-13
      1.963993e-13
      1.261317e-13
      9.306490e-14
      5.057746e-14
      1.110713e-14
      1.259260e-14
      1.299948e-14
     -8.204641e-14
     -2.815414e-13
     -4.583549e-13
     -4.560331e-13
     -2.306802e-13
      1.022694e-13
      3.358481e-13
      3.035234e-13
      3.623856e-15
     -3.705826e-13
     -5.469712e-13
     -3.744036e-13
      4.881147e-14
      4.308688e-13
      4.972247e-13
      2.073778e-13
     -1.926743e-13
     -3.545535e-13
     -1.245762e-13
      3.130018e-13
      6.035304e-13
      5.458771e-13
      2.506833e-13
     -2.801610e-15
     -3.323556e-14
      1.162516e-13
      2.703699e-13
      2.987834e-13
      1.987211e-13
      3.257879e-14
     -1.653359e-13
     -3.808897e-13
     -5.434870e-13
     -5.394288e-13
     -3.503503e-13
     -1.300692e-13
     -6.484839e-14
     -1.578738e-13
     -2.249977e-13
     -1.335176e-13
      1.919979e-14
      2.926037e-14
     -1.457758e-13
     -3.285503e-13
     -3.445863e-13
     -2.208629e-13
     -1.003063e-13
     -8.851247e-15
      1.919888e-13
      5.977481e-13
      1.074469e-12
      1.335485e-12
      1.197518e-12
      7.479318e-13
      2.778132e-13
      5.298644e-14
      1.098862e-13
      2.489304e-13
      2.498340e-13
      1.083312e-13
      1.932431e-12
      2.651222e-12
      1.938552e-12
      4.831165e-13
     -7.894745e-13
     -1.408406e-12
     -1.418930e-12
     -1.058003e-12
     -5.610212e-13
     -1.878486e-13
     -1.742517e-13
     -4.971549e-13
     -7.688125e-13
     -5.650381e-13
      6.742980e-14
      5.644377e-13
      4.418684e-13
     -1.283940e-13
     -5.058013e-13
     -3.341872e-13
      8.307924e-14
      2.359013e-13
      5.812002e-14
     -5.859849e-14
      1.618577e-13
      4.983309e-13
      5.012645e-13
      4.437377e-14
     -5.013142e-13
     -6.563222e-13
     -3.389370e-13
      7.696975e-14
      2.078966e-13
      7.099743e-14
     -3.134057e-14
      4.686672e-14
      1.444443e-13
      9.335276e-14
     -2.282144e-14
     -1.802722e-14
      1.247651e-13
      2.750875e-13
      3.644783e-13
      4.200636e-13
      4.360037e-13
      3.874517e-13
      3.834126e-13
      6.172875e-13
      1.058422e-12
      1.327982e-12
      1.062593e-12
      3.755505e-13
     -2.153170e-13
     -3.609974e-13
     -2.298601e-13
     -1.962737e-13
     -3.394566e-13
     -4.373342e-13
     -3.657712e-13
     -2.509707e-13
     -2.066762e-13
     -1.680606e-13
     -9.645312e-14
     -1.395959e-13
     -4.056836e-13
     -7.152397e-13
     -7.886207e-13
     -6.095736e-13
     -3.917549e-13
     -2.222459e-13
      1.351161e-14
      3.108145e-13
      4.125127e-13
      1.703344e-13
     -1.245063e-13
     -1.272091e-14
      5.395467e-13
      1.008724e-12
      8.816885e-13
      2.988159e-13
      1.074357e-14
      6.094840e-13
      1.808696e-12
      2.588288e-12
      2.152567e-12
      7.422422e-13
     -5.686676e-13
     -8.977045e-13
     -3.440373e-13
      2.289860e-13
      1.205402e-13
     -5.509623e-13
     -1.068063e-12
     -8.819453e-13
     -1.147810e-13
      6.279322e-13
      8.437167e-13
      5.357784e-13
      1.256586e-13
      2.666430e-14
      2.892460e-13
      6.249080e-13
      7.221721e-13
      4.816185e-13
     -2.503541e-14
     -6.791752e-13
     -1.312223e-12
     -1.687302e-12
     -1.638792e-12
     -1.229121e-12
     -6.767123e-13
     -1.371649e-13
      3.650206e-13
      8.082978e-13
      1.088947e-12
      1.097285e-12
      8.103443e-13
      2.853431e-13
     -3.672681e-13
     -9.705054e-13
     -1.327235e-12
     -1.368813e-12
     -1.223588e-12
     -1.058253e-12
     -8.736711e-13
     -5.488666e-13
     -9.394156e-14
      2.411643e-13
      1.920417e-13
     -2.056194e-13
     -6.056454e-13
     -6.923186e-13
     -4.744642e-13
     -1.708836e-13
      1.404197e-13
      6.079089e-13
      1.301981e-12
      1.971286e-12
      2.246168e-12
      2.046255e-12
      1.660987e-12
      1.425270e-12
      1.435556e-12
      1.629527e-12
      2.034084e-12
      2.803758e-12
      3.998652e-12
      5.413580e-12
      6.728954e-12
      7.873877e-12
      9.223276e-12
      1.140635e-11
      1.490103e-11
      1.980044e-11
      2.596696e-11
      3.342778e-11
      4.267274e-11
      5.465832e-11
      7.060219e-11
      9.179244e-11
      1.195968e-10
      1.557252e-10
      2.026118e-10
      2.636677e-10
      3.432961e-10
      4.468791e-10
      5.810340e-10
      7.541372e-10
      9.767840e-10
      1.261917e-09
      1.624779e-09
      2.083149e-09
      2.658010e-09
      3.374169e-09
      4.260304e-09
      5.348561e-09
      6.674326e-09
      8.276312e-09
      1.019655e-08
      1.247997e-08
      1.517371e-08
      1.832639e-08
      2.198748e-08
      2.620681e-08
      3.103393e-08
      3.651723e-08
      4.270296e-08
      4.963454e-08
      5.735231e-08
      6.589326e-08
      7.529041e-08
      8.557251e-08
      9.676430e-08
      1.088869e-07
      1.219575e-07
      1.359888e-07
      1.509890e-07
      1.669629e-07
      1.839125e-07
      2.018371e-07
      2.207334e-07
      2.405957e-07
      2.614168e-07
      2.831884e-07
      3.059011e-07
      3.295448e-07
      3.541089e-07
      3.795827e-07
      4.059552e-07
      4.332165e-07
      4.613579e-07
      4.903718e-07
      5.202518e-07
      5.509923e-07
      5.825891e-07
      6.150394e-07
      6.483424e-07
      6.824987e-07
      7.175115e-07
      7.533858e-07
      7.901285e-07
      8.277490e-07
      8.662585e-07
      9.056705e-07
      9.460005e-07
      9.872665e-07
      1.029489e-06
      1.072691e-06
      1.116898e-06
      1.162138e-06
      1.208441e-06
      1.255839e-06
      1.304369e-06
      1.354069e-06
      1.404982e-06
      1.457151e-06
      1.510623e-06
      1.565449e-06
      1.621681e-06
      1.679378e-06
      1.738600e-06
      1.799411e-06
      1.861880e-06
      1.926078e-06
      1.992081e-06
      2.059970e-06
      2.129830e-06
      2.201751e-06
      2.275827e-06
      2.352160e-06
      2.430854e-06
      2.512022e-06
      2.595783e-06
      2.682260e-06
      2.771585e-06
      2.863898e-06
      2.959347e-06
      3.058087e-06
      3.160286e-06
      3.266116e-06
      3.375761e-06
      3.489417e-06
      3.607292e-06
      3.729606e-06
      3.856592e-06
      3.988498e-06
      4.125584e-06
      4.268130e-06
      4.416433e-06
      4.570807e-06
      4.731588e-06
      4.899131e-06
      5.073817e-06
      5.256051e-06
      5.446266e-06
      5.644920e-06
      5.852507e-06
      6.069549e-06
      6.296610e-06
      6.534290e-06
      6.783233e-06
      7.044129e-06
      7.317717e-06
      7.604788e-06
      7.906195e-06
      8.222852e-06
      8.555742e-06
      8.905924e-06
      9.274536e-06
      9.662808e-06
      1.007207e-05
      1.050374e-05
      1.095938e-05
      1.144065e-05
      1.194937e-05
      1.248749e-05
      1.305716e-05
      1.366067e-05
      1.430053e-05
      1.497948e-05
      1.570049e-05
      1.646681e-05
      1.728195e-05
      1.814979e-05
      1.907455e-05
      2.006086e-05
      2.111376e-05
      2.223884e-05
      2.344219e-05
      2.473052e-05
      2.611124e-05
      2.759251e-05
      2.918332e-05
      3.089364e-05
      3.273448e-05
      3.471808e-05
      3.685800e-05
      3.916934e-05
      4.166889e-05
      4.437540e-05
      4.730981e-05
      5.049554e-05
      5.395885e-05
      5.772922e-05
      6.183980e-05
      6.632794e-05
      7.123580e-05
      7.661105e-05
      8.250770e-05
      8.898708e-05
      9.611895e-05
      1.039828e-04
      1.126695e-04
      1.222830e-04
      1.329427e-04
      1.447858e-04
      1.579705e-04
      1.726796e-04
      1.891248e-04
      2.075522e-04
      2.282482e-04
      2.515471e-04
      2.778406e-04
      3.075883e-04
      3.413314e-04
      3.797093e-04
      4.234793e-04
      4.735411e-04
      5.309675e-04
      5.970415e-04
      6.733025e-04
      7.616040e-04
      8.641856e-04
      9.837628e-04
      1.123641e-03
      1.287856e-03
      1.481360e-03
      1.710242e-03
      1.982029e-03
      2.306052e-03
      2.693936e-03
      3.160215e-03
      3.723136e-03
      4.405695e-03
      5.236983e-03
      6.253937e-03
      7.503640e-03
      9.046350e-03
      1.095949e-02
      1.334287e-02
      1.632557e-02
      2.007487e-02
      2.480778e-02
      3.080594e-02
      3.843462e-02
      4.816696e-02
      6.061457e-02
      7.656626e-02
      9.703651e-02
      1.233261e-01
      1.570975e-01
      2.004678e-01
      2.561229e-01
      3.274565e-01
      4.187373e-01
      5.353083e-01
      6.838213e-01
      8.725070e-01
      1.111483e+00
      1.413094e+00
      1.792279e+00
      2.266955e+00
      2.858403e+00
      3.591629e+00
      4.495687e+00
      5.603922e+00
      6.954111e+00
      8.588477e+00
      1.055354e+01
      1.289977e+01
      1.568112e+01
      1.895429e+01
      2.277787e+01
      2.721133e+01
      3.231387e+01
      3.814327e+01
      4.475465e+01
      5.219927e+01
      6.052345e+01
      6.976757e+01
      7.996525e+01
      9.114266e+01
      1.033181e+02
      1.165016e+02
      1.306950e+02
      1.458921e+02
      1.620786e+02
      1.792329e+02
      1.973263e+02
      2.163239e+02
      2.361850e+02
      2.568642e+02
      2.783115e+02
      3.004739e+02
      3.232954e+02
      3.467180e+02
      3.706824e+02
      3.951285e+02
      4.199960e+02
      4.452250e+02
      4.707561e+02
      4.965313e+02
      5.224939e+02
      5.485890e+02
      5.747635e+02
      6.009669e+02
      6.271504e+02
      6.532681e+02
      6.792762e+02
      7.051338e+02
      7.308021e+02
      7.562452e+02
      7.814294e+02
      8.063236e+02
      8.308990e+02
      8.551292e+02
      8.789900e+02
      9.024594e+02
      9.255174e+02
      9.481459e+02
      9.703290e+02
      9.920523e+02
      1.013303e+03
      1.034070e+03
      1.054345e+03
      1.074118e+03
      1.093384e+03
      1.112136e+03
      1.130370e+03
      1.148084e+03
      1.165274e+03
      1.181939e+03
      1.198079e+03
      1.213694e+03
      1.228785e+03
      1.243354e+03
      1.257403e+03
      1.270934e+03
      1.283951e+03
      1.296457e+03
      1.308458e+03
      1.319956e+03
      1.330958e+03
      1.341467e+03
      1.351490e+03
      1.361032e+03
      1.370098e+03
      1.378695e+03
      1.386828e+03
      1.394503e+03
      1.401727e+03
      1.408505e+03
      1.414843e+03
      1.420749e+03
      1.426228e+03
      1.431286e+03
      1.435930e+03
      1.440165e+03
      1.443997e+03
      1.447433e+03
      1.450479e+03
      1.453140e+03
      1.455422e+03
      1.457330e+03
      1.458871e+03
      1.460049e+03
      1.460871e+03
      1.461341e+03
      1.461464e+03
      1.461247e+03
      1.460692e+03
      1.459807e+03
      1.458595e+03
      1.457061e+03
      1.455210e+03
      1.453047e+03
      1.450576e+03
      1.447800e+03
      1.444726e+03
      1.441357e+03
      1.437697e+03
      1.433751e+03
      1.429523e+03
      1.425016e+03
      1.420236e+03
      1.415185e+03
      1.409869e+03
      1.404290e+03
      1.398454e+03
      1.392364e+03
      1.386023e+03
      1.379437e+03
      1.372608e+03
      1.365541e+03
      1.358239e+03
      1.350707e+03
      1.342948e+03
      1.334967e+03
      1.326767e+03
      1.318352e+03
      1.309725e+03
      1.300891e+03
      1.291854e+03
      1.282617e+03
      1.273184e+03
      1.263559e+03
      1.253745e+03
      1.243746e+03
      1.233565e+03
      1.223207e+03
      1.212675e+03
      1.201971e+03
      1.191100e+03
      1.180065e+03
      1.168868e+03
      1.157512e+03
      1.146001e+03
      1.134337e+03
      1.122524e+03
      1.110562e+03
      1.098455e+03
      1.086204e+03
      1.073812e+03
      1.061280e+03
      1.048610e+03
      1.035803e+03
      1.022860e+03
      1.009782e+03
      9.965693e+02
      9.832221e+02
      9.697405e+02
      9.561242e+02
      9.423725e+02
      9.284845e+02
      9.144590e+02
      9.002944e+02
      8.859886e+02
      8.715394e+02
      8.569440e+02
      8.421995e+02
      8.273022e+02
      8.122484e+02
      7.970337e+02
      7.816534e+02
      7.661023e+02
      7.503749e+02
      7.344649e+02
      7.183658e+02
      7.020707e+02
      6.855718e+02
      6.688611e+02
      6.519300e+02
      6.347692e+02
      6.173691e+02
      5.997191e+02
      5.818085e+02
      5.636256e+02
      5.451580e+02
      5.263928e+02
      5.073163e+02
      4.879141e+02
      4.681708e+02
      4.480704e+02
      4.275959e+02
      4.067293e+02
      3.854516e+02
      3.637428e+02
      3.415817e+02
      3.189459e+02
      2.958117e+02
      2.721540e+02
      2.479460e+02
      2.231594e+02
      1.977643e+02
      1.717285e+02
      1.450182e+02
      1.175974e+02
      8.942758e+01
      6.046833e+01
      3.067672e+01
      7.569810e-03
     -3.158645e+01
     -6.415457e+01
     -9.774757e+01
     -1.324172e+02
     -1.682154e+02
     -2.051932e+02
     -2.433999e+02
     -2.828807e+02
     -3.236761e+02
     -3.658188e+02
     -4.093327e+02
     -4.542299e+02
     -5.005091e+02
     -5.481536e+02
     -5.971294e+02
     -6.473840e+02
     -6.988458e+02
     -7.514232e+02
     -8.050051e+02
     -8.594618e+02
     -9.146464e+02
     -9.703961e+02
     -1.026535e+03
     -1.082877e+03
     -1.139228e+03
     -1.195389e+03
     -1.251158e+03
     -1.306335e+03
     -1.360726e+03
     -1.414139e+03
     -1.466392e+03
     -1.517316e+03
     -1.566750e+03
     -1.614549e+03
     -1.660581e+03
     -1.704727e+03
     -1.746887e+03
     -1.786971e+03
     -1.824908e+03
     -1.860639e+03
     -1.894120e+03
     -1.925319e+03
     -1.954217e+03
     -1.980808e+03
     -2.005093e+03
     -2.027087e+03
     -2.046810e+03
     -2.064294e+03
     -2.079574e+03
     -2.092694e+03
     -2.103703e+03
     -2.112653e+03
     -2.119600e+03
     -2.124606e+03
     -2.127734e+03
     -2.129047e+03
     -2.128612e+03
     -2.126496e+03
     -2.122768e+03
     -2.117496e+03
     -2.110747e+03
     -2.102590e+03
     -2.093091e+03
     -2.082318e+03
     -2.070335e+03
     -2.057206e+03
     -2.042994e+03
     -2.027761e+03
     -2.011566e+03
     -1.994467e+03
     -1.976521e+03
     -1.957783e+03
     -1.938305e+03
     -1.918139e+03
     -1.897334e+03
     -1.875939e+03
     -1.853998e+03
     -1.831557e+03
     -1.808658e+03
     -1.785342e+03
     -1.761648e+03
     -1.737614e+03
     -1.713275e+03
     -1.688666e+03
     -1.663820e+03
     -1.638768e+03
     -1.613541e+03
     -1.588167e+03
     -1.562673e+03
     -1.537085e+03
     -1.511428e+03
     -1.485725e+03
     -1.459999e+03
     -1.434271e+03
     -1.408561e+03
     -1.382888e+03
     -1.357269e+03
     -1.331722e+03
     -1.306263e+03
     -1.280907e+03
     -1.255669e+03
     -1.230561e+03
     -1.205597e+03
     -1.180788e+03
     -1.156145e+03
     -1.131680e+03
     -1.107401e+03
     -1.083318e+03
     -1.059440e+03
     -1.035775e+03
     -1.012330e+03
     -9.891120e+02
     -9.661276e+02
     -9.433828e+02
     -9.208831e+02
     -8.986338e+02
     -8.766397e+02
     -8.549050e+02
     -8.334340e+02
     -8.122303e+02
     -7.912974e+02
     -7.706384e+02
     -7.502563e+02
     -7.301535e+02
     -7.103326e+02
     -6.907957e+02
     -6.715447e+02
     -6.525815e+02
     -6.339076e+02
     -6.155245e+02
     -5.974335e+02
     -5.796356e+02
     -5.621318e+02
     -5.449231e+02
     -5.280101e+02
     -5.113934e+02
     -4.950737e+02
     -4.790512e+02
     -4.633262e+02
     -4.478991e+02
     -4.327699e+02
     -4.179385e+02
     -4.034050e+02
     -3.891692e+02
     -3.752308e+02
     -3.615896e+02
     -3.482449e+02
     -3.351964e+02
     -3.224434e+02
     -3.099852e+02
     -2.978210e+02
     -2.859499e+02
     -2.743708e+02
     -2.630826e+02
     -2.520842e+02
     -2.413741e+02
     -2.309510e+02
     -2.208131e+02
     -2.109589e+02
     -2.013864e+02
     -1.920938e+02
     -1.830789e+02
     -1.743395e+02
     -1.658733e+02
     -1.576776e+02
     -1.497500e+02
     -1.420875e+02
     -1.346873e+02
     -1.275462e+02
     -1.206610e+02
     -1.140284e+02
     -1.076448e+02
     -1.015066e+02
     -9.560986e+01
     -8.995072e+01
     -8.452506e+01
     -7.932864e+01
     -7.435710e+01
     -6.960595e+01
     -6.507057e+01
     -6.074622e+01
     -5.662805e+01
     -5.271112e+01
     -4.899036e+01
     -4.546063e+01
     -4.211668e+01
     -3.895322e+01
     -3.596487e+01
     -3.314617e+01
     -3.049164e+01
     -2.799576e+01
     -2.565294e+01
     -2.345762e+01
     -2.140418e+01
     -1.948704e+01
     -1.770059e+01
     -1.603927e+01
     -1.449752e+01
     -1.306985e+01
     -1.175080e+01
     -1.053497e+01
     -9.417033e+00
     -8.391749e+00
     -7.453957e+00
     -6.598597e+00
     -5.820716e+00
     -5.115476e+00
     -4.478164e+00
     -3.904196e+00
     -3.389128e+00
     -2.928662e+00
     -2.518650e+00
     -2.155102e+00
     -1.834189e+00
     -1.552250e+00
     -1.305793e+00
     -1.091501e+00
     -9.062337e-01
     -7.470269e-01
     -6.110978e-01
     -4.958430e-01
     -3.988389e-01
     -3.178410e-01
     -2.507819e-01
     -1.957689e-01
     -1.510806e-01
     -1.151628e-01
     -8.662341e-02
     -6.422600e-02
     -4.688322e-02
     -3.364866e-02
     -2.370808e-02
     -1.636974e-02
     -1.105412e-02
     -7.283088e-03
     -4.668700e-03
     -2.901979e-03
     -1.741799e-03
     -1.004187e-03
     -5.522567e-04
     -2.869825e-04
     -1.389687e-04
     -6.131671e-05
     -2.363531e-05
     -7.180884e-06
     -1.062177e-06
      5.965832e-07
      6.712145e-07
      3.855880e-07
      1.489884e-07
      2.972471e-08
     -8.916608e-09
     -1.192145e-08
     -6.076047e-09
     -1.533460e-09
      2.389385e-10
      4.405477e-10
      2.087785e-10
      3.232972e-11
     -2.225154e-11
     -1.768372e-11
     -4.704017e-12
      1.012791e-12
      1.337124e-12
      4.119924e-13
     -6.558637e-14
     -1.009533e-13
     -2.809543e-14
      7.222425e-15
      7.517948e-15
      1.334738e-15
     -8.541809e-16
     -4.941891e-16
     -2.488647e-18
      8.201444e-17
      2.229498e-17
     -7.866388e-18
     -5.505154e-18
      4.028422e-20
      8.905180e-19
      1.681912e-19
     -1.095384e-19
     -4.482064e-20
      9.951161e-21
      8.311018e-21
     -4.262760e-22
     -1.305562e-21
     -7.511458e-23
      1.868326e-22
      2.649654e-23
     -2.542508e-23
     -5.352600e-24
      3.399097e-24
      8.893626e-25
     -4.581160e-25
     -1.318417e-25
      6.327169e-26
      1.784474e-26
     -8.980205e-27
     -2.189423e-27
      1.295087e-27
      2.328560e-28
     -1.857454e-28
     -1.839386e-29
      2.578149e-29
      1.819066e-31
     -3.352046e-30
      3.273525e-31
      3.901370e-31
     -8.939924e-32
     -3.725240e-32
      1.640519e-32
      2.164143e-33
     -2.362244e-33
      1.295834e-34
      2.641408e-34
     -6.417538e-35
     -1.931671e-35
      1.150704e-35
     -1.156365e-37
     -1.326235e-36
      3.112759e-37
      8.135300e-38
     -5.538619e-38
      4.429123e-39
      5.162821e-39
     -1.859308e-39
     -7.588995e-41
      2.284256e-40
     -5.682533e-41
     -8.506463e-42
      8.770095e-42
     -1.769897e-42
     -3.912386e-43
      3.157984e-43
     -6.193860e-44
     -1.273102e-44
      1.088439e-44
     -2.463076e-45
     -2.577194e-46
      3.482839e-46
     -1.019237e-46
      2.636661e-48
      9.353065e-48
     -3.896770e-48
      5.979727e-49
      1.493275e-49
     -1.201064e-49
      3.489402e-50
     -2.854492e-51
     -2.186411e-51
      1.219450e-51
     -3.226264e-52
      2.623550e-53
      1.891525e-53
     -1.107986e-53
      3.322276e-54
     -5.128893e-55
     -6.664136e-56
      7.911327e-56
     -3.205251e-56
      8.423583e-57
     -1.250263e-57
     -1.351473e-58
      1.798439e-58
     -7.944086e-59
      2.491573e-59
     -5.949595e-60
      9.425402e-61
      1.712748e-62
     -9.009785e-62
      4.692672e-62
     -1.777852e-62
      5.757588e-63
     -1.682831e-63
      4.555248e-64
     -1.158917e-64
      2.797361e-65
     -6.447996e-66
      1.426078e-66
     -3.037215e-67
      6.246800e-68
     -1.243617e-68
      2.400950e-69
     -4.502270e-70
      8.211274e-71
     -1.458186e-71
      2.523833e-72
     -4.261035e-73
      7.022408e-74
     -1.130410e-74
      1.778217e-75
     -2.734710e-76
      4.112954e-77
     -6.050766e-78
      8.708325e-79
     -1.226118e-79
      1.688702e-80
     -2.274470e-81
      2.994429e-82
     -3.850771e-83
      4.832036e-84
     -5.907577e-85
      7.021676e-86
     -8.087813e-87
      8.983789e-88
     -9.548477e-89
      9.581028e-90
     -8.843344e-91
      7.066422e-92
     -3.960945e-93
     -7.679196e-95
      7.401955e-95
     -1.618854e-95
      2.731789e-96
     -4.090066e-97
      5.694798e-98
     -7.535577e-99
     9.589542e-100
    -1.182121e-100
     1.418317e-101
    -1.661764e-102
     1.905884e-103
    -2.143604e-104
     2.367704e-105
    -2.571193e-106
     2.747674e-107
    -2.891679e-108
     2.998943e-109
    -3.066611e-110
     3.093344e-111
    -3.079344e-112
     3.026281e-113
    -2.937139e-114
     2.816004e-115
    -2.667795e-116
     2.497980e-117
    -2.312283e-118
     2.116407e-119
    -1.915788e-120
     1.715396e-121
    -1.519580e-122
     1.331967e-123
    -1.155418e-124
     9.920238e-126
    -8.431416e-127
     7.094630e-128
    -5.911020e-129
     4.876957e-130
    -3.985084e-131
     3.225330e-132
    -2.585850e-133
     2.053844e-134
    -1.616248e-135
     1.260271e-136
    -9.738101e-138
     7.457193e-139
    -5.659829e-140
     4.257872e-141
    -3.175243e-142
     2.347411e-143
    -1.720523e-144
     1.250323e-145
    -9.009572e-147
     6.437771e-148
    -4.561890e-149
     3.205972e-150
    -2.234639e-151
     1.544949e-152
    -1.059512e-153
     7.207880e-155
    -4.864566e-156
     3.257164e-157
    -2.163802e-158
     1.426267e-159
    -9.328514e-161
     6.054444e-162
    -3.899492e-163
     2.492499e-164
    -1.581161e-165
     9.955235e-167
    -6.221306e-168
     3.859098e-169
    -2.376204e-170
     1.452426e-171
    -8.813241e-173
     5.309171e-174
    -3.175303e-175
     1.885510e-176
    -1.111668e-177
     6.507902e-179
    -3.783061e-180
     2.183728e-181
    -1.251766e-182
     7.125791e-184
    -4.028505e-185
     2.261890e-186
    -1.261336e-187
     6.986132e-189
    -3.843302e-190
     2.100142e-191
    -1.139944e-192
     6.146429e-194
    -3.292161e-195
     1.751749e-196
    -9.259953e-198
     4.863010e-199
    -2.537313e-200
     1.315312e-201
    -6.774570e-203
     3.466936e-204
    -1.762924e-205
     8.907525e-207
    -4.472276e-208
     2.231311e-209
    -1.106276e-210
     5.450674e-212
    -2.668898e-213
     1.298734e-214
    -6.280956e-216
     3.018979e-217
    -1.442228e-218
     6.847913e-220
    -3.231793e-221
     1.516005e-222
    -7.068698e-224
     3.276202e-225
    -1.509400e-226
     6.912742e-228
    -3.147160e-229
     1.424359e-230
    -6.408583e-232
     2.866526e-233
    -1.274708e-234
     5.635542e-236
    -2.477081e-237
     1.082513e-238
    -4.703529e-240
     2.031988e-241
    -8.728379e-243
     3.727951e-244
    -1.583214e-245
     6.685748e-247
    -2.807438e-248
     1.172272e-249
    -4.867577e-251
     2.009887e-252
    -8.253024e-254
     3.370116e-255
    -1.368595e-256
     5.527280e-258
    -2.220045e-259
     8.868161e-261
    -3.523178e-262
     1.392105e-263
    -5.470836e-265
     2.138388e-266
    -8.313390e-268
     3.214663e-269
    -1.236419e-270
     4.730159e-272
    -1.800001e-273
     6.813395e-275
    -2.565399e-276
     9.608456e-278
    -3.579862e-279
     1.326782e-280
    -4.891704e-282
     1.794132e-283
    -6.546190e-285
     2.376125e-286
    -8.580306e-288
     3.082444e-289
    -1.101673e-290
     3.917251e-292
    -1.385758e-293
     4.877269e-295
    -1.707872e-296
     5.950162e-298
    -2.062544e-299
     7.113517e-301
    -2.441057e-302
     8.334688e-304
    -2.831551e-305
     9.571691e-307
    -3.219493e-308
     1.077523e-309
    -3.588483e-311
     1.189161e-312
    -3.922236e-314
     1.276948e-315
    -1.721151e-317
     7.356143e-320
    -3.112614e-322
     -0.000000e+00
     -0.000000e+00
     -0.000000e+00
     -0.000000e+00
     -0.000000e+00
     -0.000000e+00
     -0.000000e+00
     -0.000000e+00
     -0.000000e+00
     -0.000000e+00
     -0.000000e+00
     -0.000000e+00
     -0.000000e+00
     -0.000000e+00
     -0.000000e+00
     -0.000000e+00
     -0.000000e+00
     -0.000000e+00
     -0.000000e+00
     -0.000000e+00
     -0.000000e+00
     -0.000000e+00
     -0.000000e+00
     -0.000000e+00
     -0.000000e+00
     -0.000000e+00
     -0.000000e+00
     -0.000000e+00
     -0.000000e+00
     -0.000000e+00
     -0.000000e+00
     -0.000000e+00
     -0.000000e+00
     -0.000000e+00
     -0.000000e+00
     -0.000000e+00
     -0.000000e+00
     -0.000000e+00
     -0.000000e+00
     -0.000000e+00
     -0.000000e+00
     -0.000000e+00
     -0.000000e+00
     -0.000000e+00
     -0.000000e+00
     -0.000000e+00
     -0.000000e+00
     -0.000000e+00
     -0.000000e+00
     -0.000000e+00
     -0.000000e+00
     -0.000000e+00
     -0.000000e+00
     -0.000000e+00
     -0.000000e+00
     -0.000000e+00
     -0.000000e+00
     -0.000000e+00
     -0.000000e+00
     -0.000000e+00
     -0.000000e+00
     -0.000000e+00
     -0.000000e+00
     -0.000000e+00
     -0.000000e+00
     -0.000000e+00
     -0.000000e+00
     -0.000000e+00
     -0.000000e+00
     -0.000000e+00
     -0.000000e+00
     -0.000000e+00
     -0.000000e+00
     -0.000000e+00
     -0.000000e+00
     -0.000000e+00
     -0.000000e+00
     -0.000000e+00
     -0.000000e+00
     -0.000000e+00
     -0.000000e+00
     -0.000000e+00
     -0.000000e+00
     -0.000000e+00
     -0.000000e+00
     -0.000000e+00
     -0.000000e+00
     -0.000000e+00
     -0.000000e+00
     -0.000000e+00
     -0.000000e+00
     -0.000000e+00
     -0.000000e+00
     -0.000000e+00
     -0.000000e+00
     -0.000000e+00
     -0.000000e+00
     -0.000000e+00
     -0.000000e+00
     -0.000000e+00
     -0.000000e+00
     -0.000000e+00
     -0.000000e+00
     -0.000000e+00
     -0.000000e+00
     -0.000000e+00
     -0.000000e+00
     -0.000000e+00
     -0.000000e+00
     -0.000000e+00
     -0.000000e+00
     -0.000000e+00
     -0.000000e+00
     -0.000000e+00
     -0.000000e+00
     -0.000000e+00
     -0.000000e+00
     -0.000000e+00
     -0.000000e+00
     -0.000000e+00
     -0.000000e+00
     -0.000000e+00
     -0.000000e+00
     -0.000000e+00
     -0.000000e+00
     -0.000000e+00
     -0.000000e+00
     -0.000000e+00
     -0.000000e+00
     -0.000000e+00
     -0.000000e+00
     -0.000000e+00
     -0.000000e+00
     -0.000000e+00
     -0.000000e+00
     -0.000000e+00
     -0.000000e+00
     -0.000000e+00
     -0.000000e+00
     -0.000000e+00
     -0.000000e+00
     -0.000000e+00
     -0.000000e+00
     -0.000000e+00
     -0.000000e+00
     -0.000000e+00
     -0.000000e+00
     -0.000000e+00
     -0.000000e+00
     -0.000000e+00
     -0.000000e+00
     -0.000000e+00
     -0.000000e+00
     -0.000000e+00
     -0.000000e+00
     -0.000000e+00
     -0.000000e+00
     -0.000000e+00
     -0.000000e+00
     -0.000000e+00
     -0.000000e+00
     -0.000000e+00
     -0.000000e+00
     -0.000000e+00
     -0.000000e+00
     -0.000000e+00
     -0.000000e+00
     -0.000000e+00
     -0.000000e+00
     -0.000000e+00
     -0.000000e+00
     -0.000000e+00
     -0.000000e+00
     -0.000000e+00
     -0.000000e+00
     -0.000000e+00
     -0.000000e+00
     -0.000000e+00
     -0.000000e+00
     -0.000000e+00
     -0.000000e+00
     -0.000000e+00
     -0.000000e+00
     -0.000000e+00
     -0.000000e+00
     -0.000000e+00
     -0.000000e+00
     -0.000000e+00
     -0.000000e+00
     -0.000000e+00
     -0.000000e+00
     -0.000000e+00
     -0.000000e+00
     -0.000000e+00
     -0.000000e+00
     -0.000000e+00
     -0.000000e+00
     -0.000000e+00
     -0.000000e+00
     -0.000000e+00
     -0.000000e+00
     -0.000000e+00
     -0.000000e+00
     -0.000000e+00
     -0.000000e+00
     -0.000000e+00
     -0.000000e+00
     -0.000000e+00
     -0.000000e+00
     -0.000000e+00
     -0.000000e+00
     -0.000000e+00
     -0.000000e+00
     -0.000000e+00
     -0.000000e+00
     -0.000000e+00
     -0.000000e+00
     -0.000000e+00
     -0.000000e+00
     -0.000000e+00
     -0.000000e+00
     -0.000000e+00
     -0.000000e+00
     -0.000000e+00
     -0.000000e+00
     -0.000000e+00
     -0.000000e+00
     -0.000000e+00
     -0.000000e+00
     -0.000000e+00
     -0.000000e+00
     -0.000000e+00
     -0.000000e+00
     -0.000000e+00
     -0.000000e+00
     -0.000000e+00
     -0.000000e+00
     -0.000000e+00
     -0.000000e+00
     -0.000000e+00
     -0.000000e+00
     -0.000000e+00
     -0.000000e+00
     -0.000000e+00
     -0.000000e+00
     -0.000000e+00
     -0.000000e+00
     -0.000000e+00
     -0.000000e+00
     -0.000000e+00
     -0.000000e+00
     -0.000000e+00
     -0.000000e+00
     -0.000000e+00
     -0.000000e+00
     -0.000000e+00
     -0.000000e+00
     -0.000000e+00
     -0.000000e+00
     -0.000000e+00
     -0.000000e+00
     -0.000000e+00
     -0.000000e+00
     -0.000000e+00
     -0.000000e+00
     -0.000000e+00
     -0.000000e+00
     -0.000000e+00
     -0.000000e+00
     -0.000000e+00
     -0.000000e+00
     -0.000000e+00
     -0.000000e+00
     -0.000000e+00
     -0.000000e+00
     -0.000000e+00
     -0.000000e+00
     -0.000000e+00
     -0.000000e+00
     -0.000000e+00
     -0.000000e+00
     -0.000000e+00
     -0.000000e+00
     -0.000000e+00
     -0.000000e+00
     -0.000000e+00
     -0.000000e+00
     -0.000000e+00
     -0.000000e+00
     -0.000000e+00
     -0.000000e+00
     -0.000000e+00
     -0.000000e+00
     -0.000000e+00
     -0.000000e+00
     -0.000000e+00
     -0.000000e+00
     -0.000000e+00
     -0.000000e+00
     -0.000000e+00
     -0.000000e+00
     -0.000000e+00
     -0.000000e+00
     -0.000000e+00
     -0.000000e+00
     -0.000000e+00
     -0.000000e+00
     -0.000000e+00
     -0.000000e+00
     -0.000000e+00
     -0.000000e+00
     -0.000000e+00
     -0.000000e+00
     -0.000000e+00
     -0.000000e+00
     -0.000000e+00
     -0.000000e+00
     -0.000000e+00
     -0.000000e+00
     -0.000000e+00
     -0.000000e+00
     -0.000000e+00
     -0.000000e+00
     -0.000000e+00
     -0.000000e+00
     -0.000000e+00
     -0.000000e+00
     -0.000000e+00
     -0.000000e+00
     -0.000000e+00
     -0.000000e+00
     -0.000000e+00
     -0.000000e+00
     -0.000000e+00
     -0.000000e+00
     -0.000000e+00
     -0.000000e+00
     -0.000000e+00
     -0.000000e+00
     -0.000000e+00
     -0.000000e+00
     -0.000000e+00
     -0.000000e+00
     -0.000000e+00
     -0.000000e+00
     -0.000000e+00
     -0.000000e+00
     -0.000000e+00
     -0.000000e+00
     -0.000000e+00
     -0.000000e+00
     -0.000000e+00
     -0.000000e+00
     -0.000000e+00
     -0.000000e+00
     -0.000000e+00
     -0.000000e+00
     -0.000000e+00
     -0.000000e+00
     -0.000000e+00
     -0.000000e+00
     -0.000000e+00
     -0.000000e+00
     -0.000000e+00
     -0.000000e+00
     -0.000000e+00
     -0.000000e+00
     -0.000000e+00
     -0.000000e+00
     -0.000000e+00
     -0.000000e+00
     -0.000000e+00
     -0.000000e+00
     -0.000000e+00
     -0.000000e+00
     -0.000000e+00
     -0.000000e+00
     -0.000000e+00
     -0.000000e+00
     -0.000000e+00
     -0.000000e+00
     -0.000000e+00
     -0.000000e+00
     -0.000000e+00
     -0.000000e+00
     -0.000000e+00
     -0.000000e+00
     -0.000000e+00
     -0.000000e+00
     -0.000000e+00
     -0.000000e+00
     -0.000000e+00
     -0.000000e+00
      0.000000e+00
      0.000000e+00
