      0.000000e+00
      0.000000e+00
     -8.108629e-17
     -5.374907e-16
     -9.152078e-16
     -8.322785e-16
     -5.500496e-17
      1.277033e-15
      2.663899e-15
      3.516281e-15
      3.470232e-15
      2.482046e-15
      6.943687e-16
     -1.667675e-15
     -4.212343e-15
     -6.315503e-15
     -7.356653e-15
     -7.136580e-15
     -6.054460e-15
     -4.962366e-15
     -5.115449e-15
     -8.350305e-15
     -1.675611e-14
     -3.115104e-14
     -4.929049e-14
     -6.610084e-14
     -7.689136e-14
     -8.096444e-14
     -8.134780e-14
     -7.968465e-14
     -7.127036e-14
     -4.710849e-14
     -3.813950e-15
      4.708244e-14
      8.135416e-14
      7.762830e-14
      3.467967e-14
     -2.505971e-14
     -7.006826e-14
     -8.018235e-14
     -5.557714e-14
     -8.777564e-15
      4.916846e-14
      1.132424e-13
      1.769745e-13
      2.247099e-13
      2.359906e-13
      2.007863e-13
      1.316259e-13
      6.015776e-14
      1.888569e-14
      2.060405e-14
      4.933239e-14
      6.892533e-14
      4.522244e-14
     -3.083785e-14
     -1.344950e-13
     -2.212785e-13
     -2.569322e-13
     -2.424607e-13
     -2.143104e-13
     -2.170124e-13
     -2.675606e-13
     -3.400662e-13
     -3.860572e-13
     -3.768430e-13
     -3.320451e-13
     -3.057110e-13
     -3.379710e-13
     -4.142747e-13
     -4.704219e-13
     -4.406327e-13
     -3.081206e-13
     -1.191501e-13
      4.489292e-14
      1.138442e-13
      6.583917e-14
     -6.202016e-14
     -1.948292e-13
     -2.631327e-13
     -2.410017e-13
     -1.517288e-13
     -4.282126e-14
      3.896186e-14
      5.228263e-14
     -3.576604e-14
     -2.217555e-13
     -4.325944e-13
     -5.441122e-13
     -4.678382e-13
     -2.337734e-13
      2.531087e-14
      1.894567e-13
      2.559394e-13
      3.236078e-13
      4.714153e-13
      6.566061e-13
      7.387859e-13
      6.106609e-13
      3.127530e-13
      2.298214e-14
     -7.637043e-14
      5.697213e-14
      2.933761e-13
      4.394556e-13
      3.913208e-13
      2.013205e-13
      1.242461e-14
     -6.280287e-14
     -5.950224e-15
      1.344524e-13
      2.991965e-13
      4.355316e-13
      4.808104e-13
      3.701734e-13
      9.174081e-14
     -2.610099e-13
     -5.112148e-13
     -5.046517e-13
     -2.241439e-13
      1.869119e-13
      5.221692e-13
      6.548027e-13
      6.040544e-13
      4.749508e-13
      3.427211e-13
      2.011069e-13
      1.371410e-14
     -2.075622e-13
     -3.906916e-13
     -4.623117e-13
     -4.032836e-13
     -2.485480e-13
     -5.109425e-14
      1.453597e-13
      3.133605e-13
      4.401757e-13
      5.176860e-13
      5.220744e-13
      4.099112e-13
      1.608634e-13
     -1.597624e-13
     -3.974823e-13
     -4.015010e-13
     -1.442786e-13
      2.460985e-13
      5.736281e-13
      7.004030e-13
      6.094050e-13
      3.827886e-13
      1.457227e-13
      1.705222e-14
      6.497024e-14
      2.653151e-13
      4.953950e-13
      5.955845e-13
      4.712262e-13
      1.563110e-13
     -2.127304e-13
     -4.845895e-13
     -5.686346e-13
     -4.561403e-13
     -2.014142e-13
      1.057726e-13
      3.658460e-13
      4.962614e-13
      4.551944e-13
      2.547157e-13
     -3.550785e-14
     -2.978503e-13
     -4.105572e-13
     -3.297407e-13
     -1.514336e-13
     -6.736404e-14
     -2.109239e-13
     -5.223672e-13
     -7.810838e-13
     -7.981108e-13
     -5.866519e-13
     -3.368001e-13
     -2.205331e-13
     -2.306927e-13
     -2.171440e-13
     -6.887229e-14
      1.622390e-13
      3.266814e-13
      3.488246e-13
      3.080108e-13
      3.415538e-13
      4.830956e-13
      6.147616e-13
      5.793125e-13
      3.317274e-13
     -1.325462e-14
     -2.655366e-13
     -2.930680e-13
     -1.069838e-13
      1.477026e-13
      2.860590e-13
      2.060834e-13
     -4.295330e-14
     -3.022941e-13
     -4.235774e-13
     -3.650801e-13
     -1.912341e-13
      5.972999e-16
      1.466934e-13
      2.323906e-13
      2.728936e-13
      2.897725e-13
      2.913886e-13
      2.600844e-13
      1.616730e-13
     -1.763660e-14
     -2.376393e-13
     -4.148940e-13
     -4.766811e-13
     -4.081777e-13
     -2.487173e-13
     -4.809649e-14
      1.667069e-13
      3.825401e-13
      5.670576e-13
      6.567801e-13
      5.917410e-13
      3.756907e-13
      1.048501e-13
     -8.176347e-14
     -1.108051e-13
     -4.631257e-14
     -3.408888e-14
     -1.470454e-13
     -2.863416e-13
     -2.666949e-13
     -2.218703e-14
      2.879358e-13
      4.116421e-13
      2.507546e-13
     -4.792253e-14
     -2.640547e-13
     -3.431060e-13
     -4.264048e-13
     -6.441228e-13
     -9.292795e-13
     -1.079952e-12
     -9.854346e-13
     -7.332003e-13
     -4.778817e-13
     -2.623999e-13
     -3.013608e-14
      2.032243e-13
      2.756538e-13
      3.854056e-14
     -4.270930e-13
     -8.132846e-13
     -8.359589e-13
     -4.777293e-13
      1.807603e-14
      3.675410e-13
      4.467547e-13
      3.166350e-13
      1.231522e-13
      4.547006e-15
      4.938270e-14
      2.654628e-13
      5.530583e-13
      7.384227e-13
      6.861228e-13
      4.046533e-13
      3.809679e-14
     -2.541207e-13
     -4.117109e-13
     -4.780609e-13
     -5.121771e-13
     -5.152079e-13
     -4.469137e-13
     -3.010971e-13
     -1.449135e-13
     -6.945377e-14
     -1.011595e-13
     -1.743117e-13
     -2.023329e-13
     -1.732672e-13
     -1.614135e-13
     -2.376522e-13
     -3.752120e-13
     -4.558440e-13
     -3.769680e-13
     -1.582539e-13
      5.411219e-14
      9.523523e-14
     -8.683023e-14
     -3.872396e-13
     -6.273691e-13
     -6.911591e-13
     -5.933526e-13
     -4.312495e-13
     -2.923635e-13
     -2.201656e-13
     -2.453535e-13
     -3.981991e-13
     -6.558065e-13
     -8.965059e-13
     -9.611623e-13
     -7.966736e-13
     -5.278359e-13
     -3.496706e-13
     -3.290519e-13
     -3.295071e-13
     -1.611894e-13
      1.894010e-13
      5.032373e-13
      5.277235e-13
      2.339333e-13
     -1.405659e-13
     -3.141671e-13
     -2.197054e-13
     -3.848177e-14
      6.931739e-15
     -1.259921e-13
     -2.817405e-13
     -2.850764e-13
     -1.208942e-13
      5.634800e-14
      7.789862e-14
     -7.635181e-14
     -2.636034e-13
     -3.266008e-13
     -2.576729e-13
     -2.040019e-13
     -2.980549e-13
     -4.966666e-13
     -6.210990e-13
     -5.650260e-13
     -4.288392e-13
     -4.124248e-13
     -5.818642e-13
     -7.750450e-13
     -7.494521e-13
     -4.109336e-13
      9.867411e-14
      5.092850e-13
      6.085981e-13
      3.689416e-13
     -4.612190e-14
     -3.863543e-13
     -4.719144e-13
     -3.068593e-13
     -6.891635e-14
      3.693353e-14
      9.313864e-15
      1.170777e-13
      2.602390e-13
     -7.818155e-13
     -2.379173e-12
      4.557717e-12
      2.466612e-11
      1.816128e-12
     -1.719083e-10
     -2.968285e-10
      6.521087e-10
      3.308311e-09
      2.628796e-09
     -1.601507e-08
     -5.629215e-08
     -4.201638e-08
      2.458639e-07
      9.825273e-07
      1.468079e-06
     -1.391451e-06
     -1.381155e-05
     -4.047273e-05
     -6.559111e-05
     -6.762716e-06
      3.733474e-04
      1.611056e-03
      4.750552e-03
      1.162052e-02
      2.517523e-02
      4.989147e-02
      9.220885e-02
      1.609970e-01
      2.680301e-01
      4.284476e-01
      6.611756e-01
      9.892862e-01
      1.440270e+00
      2.046202e+00
      2.843778e+00
      3.874205e+00
      5.182950e+00
      6.819308e+00
      8.835832e+00
      1.128759e+01
      1.423127e+01
      1.772422e+01
      2.182327e+01
      2.658356e+01
      3.205733e+01
      3.829260e+01
      4.533196e+01
      5.321136e+01
      6.195899e+01
      7.159429e+01
      8.212712e+01
      9.355703e+01
      1.058728e+02
      1.190520e+02
      1.330613e+02
      1.478561e+02
      1.633811e+02
      1.795709e+02
      1.963505e+02
      2.136363e+02
      2.313371e+02
      2.493552e+02
      2.675873e+02
      2.859262e+02
      3.042615e+02
      3.224811e+02
      3.404724e+02
      3.581230e+02
      3.753221e+02
      3.919611e+02
      4.079345e+02
      4.231403e+02
      4.374807e+02
      4.508626e+02
      4.631976e+02
      4.744021e+02
      4.843981e+02
      4.931123e+02
      5.004770e+02
      5.064294e+02
      5.109124e+02
      5.138738e+02
      5.152671e+02
      5.150513e+02
      5.131913e+02
      5.096580e+02
      5.044288e+02
      4.974881e+02
      4.888274e+02
      4.784461e+02
      4.663519e+02
      4.525613e+02
      4.370999e+02
      4.200029e+02
      4.013154e+02
      3.810923e+02
      3.593988e+02
      3.363097e+02
      3.119095e+02
      2.862920e+02
      2.595591e+02
      2.318206e+02
      2.031927e+02
      1.737973e+02
      1.437604e+02
      1.132106e+02
      8.227822e+01
      5.109305e+01
      1.978339e+01
     -1.152568e+01
     -4.271365e+01
     -7.366594e+01
     -1.042750e+02
     -1.344416e+02
     -1.640752e+02
     -1.930950e+02
     -2.214303e+02
     -2.490208e+02
     -2.758161e+02
     -3.017764e+02
     -3.268712e+02
     -3.510793e+02
     -3.743881e+02
     -3.967923e+02
     -4.182935e+02
     -4.388990e+02
     -4.586209e+02
     -4.774749e+02
     -4.954796e+02
     -5.126554e+02
     -5.290238e+02
     -5.446069e+02
     -5.594262e+02
     -5.735028e+02
     -5.868565e+02
     -5.995061e+02
     -6.114685e+02
     -6.227597e+02
     -6.333937e+02
     -6.433835e+02
     -6.527406e+02
     -6.614754e+02
     -6.695974e+02
     -6.771150e+02
     -6.840358e+02
     -6.903665e+02
     -6.961126e+02
     -7.012784e+02
     -7.058668e+02
     -7.098790e+02
     -7.133139e+02
     -7.161676e+02
     -7.184335e+02
     -7.201013e+02
     -7.211566e+02
     -7.215809e+02
     -7.213509e+02
     -7.204383e+02
     -7.188100e+02
     -7.164278e+02
     -7.132489e+02
     -7.092260e+02
     -7.043079e+02
     -6.984404e+02
     -6.915668e+02
     -6.836293e+02
     -6.745699e+02
     -6.643319e+02
     -6.528608e+02
     -6.401060e+02
     -6.260221e+02
     -6.105703e+02
     -5.937197e+02
     -5.754480e+02
     -5.557435e+02
     -5.346050e+02
     -5.120430e+02
     -4.880803e+02
     -4.627518e+02
     -4.361050e+02
     -4.081997e+02
     -3.791071e+02
     -3.489101e+02
     -3.177016e+02
     -2.855843e+02
     -2.526689e+02
     -2.190734e+02
     -1.849216e+02
     -1.503421e+02
     -1.154663e+02
     -8.042805e+01
     -4.536153e+01
     -1.040073e+01
      2.432190e+01
      5.867626e+01
      9.253547e+01
      1.257765e+02
      1.582808e+02
      1.899347e+02
      2.206295e+02
      2.502622e+02
      2.787353e+02
      3.059569e+02
      3.318410e+02
      3.563074e+02
      3.792820e+02
      4.006966e+02
      4.204895e+02
      4.386051e+02
      4.549949e+02
      4.696174e+02
      4.824387e+02
      4.934326e+02
      5.025815e+02
      5.098770e+02
      5.153197e+02
      5.189205e+02
      5.207003e+02
      5.206909e+02
      5.189347e+02
      5.154853e+02
      5.104068e+02
      5.037742e+02
      4.956725e+02
      4.861964e+02
      4.754493e+02
      4.635424e+02
      4.505934e+02
      4.367254e+02
      4.220656e+02
      4.067433e+02
      3.908888e+02
      3.746316e+02
      3.580986e+02
      3.414131e+02
      3.246926e+02
      3.080483e+02
      2.915831e+02
      2.753911e+02
      2.595567e+02
      2.441539e+02
      2.292460e+02
      2.148855e+02
      2.011140e+02
      1.879627e+02
      1.754527e+02
      1.635960e+02
      1.523957e+02
      1.418474e+02
      1.319401e+02
      1.226569e+02
      1.139767e+02
      1.058744e+02
      9.832258e+01
      9.129206e+01
      8.475278e+01
      7.867449e+01
      7.302740e+01
      6.778256e+01
      6.291227e+01
      5.839027e+01
      5.419188e+01
      5.029406e+01
      4.667533e+01
      4.331575e+01
      4.019683e+01
      3.730137e+01
      3.461340e+01
      3.211812e+01
      2.980174e+01
      2.765149e+01
      2.565548e+01
      2.380270e+01
      2.208290e+01
      2.048658e+01
      1.900491e+01
      1.762969e+01
      1.635331e+01
      1.516869e+01
      1.406928e+01
      1.304897e+01
      1.210210e+01
      1.122341e+01
      1.040803e+01
      9.651406e+00
      8.949343e+00
      8.297925e+00
      7.693523e+00
      7.132764e+00
      6.612518e+00
      6.129877e+00
      5.682142e+00
      5.266807e+00
      4.881543e+00
      4.524190e+00
      4.192741e+00
      3.885333e+00
      3.600236e+00
      3.335843e+00
      3.090665e+00
      2.863315e+00
      2.652509e+00
      2.457054e+00
      2.275841e+00
      2.107843e+00
      1.952105e+00
      1.807740e+00
      1.673926e+00
      1.549899e+00
      1.434951e+00
      1.328424e+00
      1.229708e+00
      1.138235e+00
      1.053480e+00
      9.749551e-01
      9.022071e-01
      8.348158e-01
      7.723912e-01
      7.145716e-01
      6.610212e-01
      6.114286e-01
      5.655046e-01
      5.229814e-01
      4.836100e-01
      4.471599e-01
      4.134171e-01
      3.821830e-01
      3.532735e-01
      3.265180e-01
      3.017581e-01
      2.788469e-01
      2.576484e-01
      2.380362e-01
      2.198933e-01
      2.031112e-01
      1.875893e-01
      1.732344e-01
      1.599599e-01
      1.476858e-01
      1.363378e-01
      1.258472e-01
      1.161500e-01
      1.071873e-01
      9.890422e-02
      9.125011e-02
      8.417796e-02
      7.764422e-02
      7.160857e-02
      6.603367e-02
      6.088493e-02
      5.613032e-02
      5.174017e-02
      4.768703e-02
      4.394547e-02
      4.049195e-02
      3.730468e-02
      3.436351e-02
      3.164978e-02
      2.914620e-02
      2.683680e-02
      2.470679e-02
      2.274250e-02
      2.093127e-02
      1.926140e-02
      1.772207e-02
      1.630326e-02
      1.499572e-02
      1.379089e-02
      1.268086e-02
      1.165832e-02
      1.071651e-02
      9.849176e-03
      9.050555e-03
      8.315310e-03
      7.638515e-03
      7.015617e-03
      6.442414e-03
      5.915022e-03
      5.429858e-03
      4.983611e-03
      4.573225e-03
      4.195881e-03
      3.848974e-03
      3.530103e-03
      3.237051e-03
      2.967774e-03
      2.720384e-03
      2.493143e-03
      2.284445e-03
      2.092812e-03
      1.916880e-03
      1.755390e-03
      1.607186e-03
      1.471198e-03
      1.346443e-03
      1.232015e-03
      1.127078e-03
      1.030864e-03
      9.426649e-04
      8.618288e-04
      7.877555e-04
      7.198929e-04
      6.577326e-04
      6.008072e-04
      5.486864e-04
      5.009746e-04
      4.573081e-04
      4.173521e-04
      3.807994e-04
      3.473671e-04
      3.167955e-04
      2.888460e-04
      2.632994e-04
      2.399543e-04
      2.186258e-04
      1.991441e-04
      1.813534e-04
      1.651108e-04
      1.502850e-04
      1.367556e-04
      1.244122e-04
      1.131536e-04
      1.028869e-04
      9.352701e-05
      8.499600e-05
      7.722239e-05
      7.014074e-05
      6.369110e-05
      5.781857e-05
      5.247290e-05
      4.760811e-05
      4.318210e-05
      3.915639e-05
      3.549574e-05
      3.216797e-05
      2.914364e-05
      2.639583e-05
      2.389997e-05
      2.163359e-05
      1.957618e-05
      1.770901e-05
      1.601498e-05
      1.447849e-05
      1.308529e-05
      1.182241e-05
      1.067799e-05
      9.641237e-06
      1.067799e-05
      1.182241e-05
      1.308529e-05
      1.447849e-05
      1.601498e-05
      1.770901e-05
      1.957618e-05
      2.163359e-05
      2.389997e-05
      2.639583e-05
      2.914364e-05
      3.216797e-05
      3.549575e-05
      3.915639e-05
      4.318210e-05
      4.760811e-05
      5.247290e-05
      5.781857e-05
      6.369110e-05
      7.014074e-05
      7.722239e-05
      8.499600e-05
      9.352701e-05
      1.028869e-04
      1.131536e-04
      1.244122e-04
      1.367556e-04
      1.502850e-04
      1.651108e-04
      1.813535e-04
      1.991441e-04
      2.186258e-04
      2.399543e-04
      2.632994e-04
      2.888460e-04
      3.167955e-04
      3.473671e-04
      3.807994e-04
      4.173522e-04
      4.573081e-04
      5.009747e-04
      5.486864e-04
      6.008072e-04
      6.577326e-04
      7.198929e-04
      7.877555e-04
      8.618288e-04
      9.426649e-04
      1.030864e-03
      1.127078e-03
      1.232015e-03
      1.346443e-03
      1.471198e-03
      1.607186e-03
      1.755390e-03
      1.916880e-03
      2.092812e-03
      2.284446e-03
      2.493143e-03
      2.720384e-03
      2.967774e-03
      3.237051e-03
      3.530103e-03
      3.848974e-03
      4.195881e-03
      4.573225e-03
      4.983611e-03
      5.429858e-03
      5.915022e-03
      6.442414e-03
      7.015617e-03
      7.638515e-03
      8.315310e-03
      9.050555e-03
      9.849176e-03
      1.071651e-02
      1.165832e-02
      1.268086e-02
      1.379089e-02
      1.499572e-02
      1.630326e-02
      1.772207e-02
      1.926140e-02
      2.093127e-02
      2.274250e-02
      2.470679e-02
      2.683680e-02
      2.914620e-02
      3.164978e-02
      3.436352e-02
      3.730468e-02
      4.049195e-02
      4.394547e-02
      4.768703e-02
      5.174017e-02
      5.613032e-02
      6.088493e-02
      6.603368e-02
      7.160857e-02
      7.764422e-02
      8.417796e-02
      9.125011e-02
      9.890422e-02
      1.071873e-01
      1.161500e-01
      1.258472e-01
      1.363378e-01
      1.476858e-01
      1.599599e-01
      1.732344e-01
      1.875893e-01
      2.031112e-01
      2.198933e-01
      2.380362e-01
      2.576484e-01
      2.788469e-01
      3.017581e-01
      3.265180e-01
      3.532735e-01
      3.821830e-01
      4.134171e-01
      4.471599e-01
      4.836100e-01
      5.229814e-01
      5.655046e-01
      6.114286e-01
      6.610212e-01
      7.145716e-01
      7.723912e-01
      8.348158e-01
      9.022071e-01
      9.749552e-01
      1.053480e+00
      1.138235e+00
      1.229708e+00
      1.328424e+00
      1.434951e+00
      1.549899e+00
      1.673926e+00
      1.807740e+00
      1.952105e+00
      2.107843e+00
      2.275841e+00
      2.457054e+00
      2.652509e+00
      2.863315e+00
      3.090665e+00
      3.335843e+00
      3.600236e+00
      3.885333e+00
      4.192741e+00
      4.524190e+00
      4.881543e+00
      5.266807e+00
      5.682142e+00
      6.129877e+00
      6.612518e+00
      7.132764e+00
      7.693523e+00
      8.297925e+00
      8.949343e+00
      9.651406e+00
      1.040803e+01
      1.122341e+01
      1.210210e+01
      1.304897e+01
      1.406928e+01
      1.516869e+01
      1.635331e+01
      1.762969e+01
      1.900491e+01
      2.048658e+01
      2.208290e+01
      2.380270e+01
      2.565548e+01
      2.765149e+01
      2.980174e+01
      3.211812e+01
      3.461340e+01
      3.730136e+01
      4.019683e+01
      4.331576e+01
      4.667535e+01
      5.029413e+01
      5.419203e+01
      5.839052e+01
      6.291274e+01
      6.778358e+01
      7.302982e+01
      7.868026e+01
      8.476579e+01
      9.131948e+01
      9.837663e+01
      1.059748e+02
      1.141537e+02
      1.229552e+02
      1.324232e+02
      1.426031e+02
      1.535419e+02
      1.652876e+02
      1.778888e+02
      1.913941e+02
      2.058516e+02
      2.213082e+02
      2.378088e+02
      2.553959e+02
      2.741081e+02
      2.939800e+02
      3.150413e+02
      3.373155e+02
      3.608199e+02
      3.855642e+02
      4.115504e+02
      4.387721e+02
      4.672140e+02
      4.968516e+02
      5.276508e+02
      5.595682e+02
      5.925506e+02
      6.265356e+02
      6.614513e+02
      6.972170e+02
      7.337438e+02
      7.709344e+02
      8.086847e+02
      8.468837e+02
      8.854143e+02
      9.241546e+02
      9.629780e+02
      1.001755e+03
      1.040351e+03
      1.078633e+03
      1.116465e+03
      1.153708e+03
      1.190228e+03
      1.225888e+03
      1.260555e+03
      1.294095e+03
      1.326379e+03
      1.357282e+03
      1.386681e+03
      1.414456e+03
      1.440494e+03
      1.464687e+03
      1.486930e+03
      1.507126e+03
      1.525185e+03
      1.541021e+03
      1.554559e+03
      1.565727e+03
      1.574466e+03
      1.580721e+03
      1.584449e+03
      1.585614e+03
      1.584190e+03
      1.580163e+03
      1.573523e+03
      1.564277e+03
      1.552435e+03
      1.538022e+03
      1.521070e+03
      1.501621e+03
      1.479727e+03
      1.455445e+03
      1.428845e+03
      1.400000e+03
      1.368993e+03
      1.335910e+03
      1.300844e+03
      1.263891e+03
      1.225150e+03
      1.184724e+03
      1.142716e+03
      1.099229e+03
      1.054366e+03
      1.008231e+03
      9.609237e+02
      9.125418e+02
      8.631804e+02
      8.129311e+02
      7.618817e+02
      7.101159e+02
      6.577131e+02
      6.047489e+02
      5.512942e+02
      4.974163e+02
      4.431784e+02
      3.886402e+02
      3.338581e+02
      2.788857e+02
      2.237739e+02
      1.685715e+02
      1.133255e+02
      5.808133e+01
      2.883571e+00
     -5.222412e+01
     -1.071985e+02
     -1.619966e+02
     -2.165754e+02
     -2.708916e+02
     -3.249017e+02
     -3.785616e+02
     -4.318266e+02
     -4.846513e+02
     -5.369896e+02
     -5.887943e+02
     -6.400175e+02
     -6.906102e+02
     -7.405220e+02
     -7.897017e+02
     -8.380964e+02
     -8.856518e+02
     -9.323120e+02
     -9.780194e+02
     -1.022714e+03
     -1.066335e+03
     -1.108819e+03
     -1.150099e+03
     -1.190108e+03
     -1.228775e+03
     -1.266029e+03
     -1.301796e+03
     -1.336000e+03
     -1.368565e+03
     -1.399412e+03
     -1.428463e+03
     -1.455640e+03
     -1.480866e+03
     -1.504066e+03
     -1.525165e+03
     -1.544093e+03
     -1.560783e+03
     -1.575174e+03
     -1.587209e+03
     -1.596839e+03
     -1.604020e+03
     -1.608717e+03
     -1.610906e+03
     -1.610568e+03
     -1.607698e+03
     -1.602297e+03
     -1.594380e+03
     -1.583970e+03
     -1.571102e+03
     -1.555822e+03
     -1.538185e+03
     -1.518256e+03
     -1.496112e+03
     -1.471835e+03
     -1.445520e+03
     -1.417268e+03
     -1.387186e+03
     -1.355389e+03
     -1.321997e+03
     -1.287136e+03
     -1.250935e+03
     -1.213528e+03
     -1.175049e+03
     -1.135636e+03
     -1.095428e+03
     -1.054565e+03
     -1.013186e+03
     -9.714289e+02
     -9.294327e+02
     -8.873329e+02
     -8.452633e+02
     -8.033551e+02
     -7.617363e+02
     -7.205312e+02
     -6.798600e+02
     -6.398383e+02
     -6.005766e+02
     -5.621797e+02
     -5.247465e+02
     -4.883692e+02
     -4.531329e+02
     -4.191152e+02
     -3.863857e+02
     -3.550057e+02
     -3.250273e+02
     -2.964940e+02
     -2.694393e+02
     -2.438877e+02
     -2.198537e+02
     -1.973421e+02
     -1.763483e+02
     -1.568583e+02
     -1.388488e+02
     -1.222883e+02
     -1.071368e+02
     -9.334722e+01
     -8.086550e+01
     -6.963177e+01
     -5.958114e+01
     -5.064458e+01
     -4.274993e+01
     -3.582283e+01
     -2.978776e+01
     -2.456890e+01
     -2.009111e+01
     -1.628077e+01
     -1.306650e+01
     -1.037992e+01
     -8.156230e+00
     -6.334657e+00
     -4.858885e+00
     -3.677298e+00
     -2.743145e+00
     -2.014587e+00
     -1.454659e+00
     -1.031121e+00
     -7.162516e-01
     -4.865626e-01
     -3.224656e-01
     -2.079021e-01
     -1.299491e-01
     -7.841596e-02
     -4.544468e-02
     -2.512511e-02
     -1.313530e-02
     -6.414271e-03
     -2.872639e-03
     -1.144543e-03
     -3.818511e-04
     -8.983474e-05
     -1.626176e-06
      1.275212e-05
      8.141736e-06
      2.855642e-06
      3.560075e-07
     -2.511137e-07
     -1.842043e-07
     -5.066802e-08
      5.190098e-09
      1.002982e-08
      3.264592e-09
     -2.902151e-10
     -5.942146e-10
     -1.498805e-10
      4.316041e-11
      3.385163e-11
      2.186924e-12
     -4.374126e-12
     -1.195553e-12
      4.010889e-13
      2.290986e-13
     -2.431336e-14
     -3.389259e-14
      1.509700e-16
      4.515080e-15
      2.102754e-16
     -5.804245e-16
     -3.357630e-17
      7.411307e-17
      2.188208e-18
     -9.327632e-18
      3.413490e-19
      1.106344e-18
     -1.545653e-19
     -1.126767e-19
      3.371211e-20
      7.759101e-21
     -5.174196e-21
      1.076485e-22
      5.479688e-22
     -1.316186e-22
     -2.767205e-23
      2.057790e-23
     -2.475483e-24
     -1.412319e-24
      6.445611e-25
     -4.981285e-26
     -4.755777e-26
      1.977472e-26
     -1.890119e-27
     -1.255698e-27
      6.259250e-28
     -1.101976e-28
     -1.799824e-29
      1.801060e-29
     -5.918780e-30
      9.082994e-31
      1.289047e-31
     -1.372990e-31
      5.166655e-32
     -1.245822e-32
      1.616414e-33
      2.363747e-34
     -2.448771e-34
      1.029398e-34
     -3.290101e-35
      8.974354e-36
     -2.185211e-36
      4.860845e-37
     -1.001489e-37
      1.928437e-38
     -3.492013e-39
      5.972314e-40
     -9.676232e-41
      1.487951e-41
     -2.173519e-42
      3.015223e-43
     -3.965839e-44
      4.927265e-45
     -5.742108e-46
      6.193264e-47
     -6.014526e-48
      4.913634e-49
     -2.606815e-50
     -1.138904e-51
      6.461726e-52
     -1.336707e-52
      2.170311e-53
     -3.115573e-54
      4.126589e-55
     -5.146824e-56
      6.114632e-57
     -6.969616e-58
      7.658936e-59
     -8.142606e-60
      8.397107e-61
     -8.416874e-62
      8.213634e-63
     -7.813861e-64
      7.254891e-65
     -6.580351e-66
      5.835565e-67
     -5.063508e-68
      4.301684e-69
     -3.580130e-70
      2.920538e-71
     -2.336369e-72
      1.833697e-73
     -1.412538e-74
      1.068377e-75
     -7.936977e-77
      5.793446e-78
     -4.156289e-79
      2.931497e-80
     -2.033336e-81
      1.387330e-82
     -9.313432e-84
      6.153229e-85
     -4.001829e-86
      2.562539e-87
     -1.615956e-88
      1.003742e-89
     -6.142302e-91
      3.703708e-92
     -2.200978e-93
      1.289264e-94
     -7.445371e-96
      4.239535e-97
     -2.380695e-98
      1.318582e-99
    -7.204282e-101
     3.883419e-102
    -2.065552e-103
     1.084208e-104
    -5.616925e-106
     2.872415e-107
    -1.450140e-108
     7.228312e-110
    -3.557761e-111
     1.729326e-112
    -8.302012e-114
     3.936779e-115
    -1.844139e-116
     8.534608e-118
    -3.902586e-119
     1.763359e-120
    -7.873859e-122
     3.474816e-123
    -1.515691e-124
     6.535235e-126
    -2.785601e-127
     1.173867e-128
    -4.890972e-130
     2.015030e-131
    -8.209378e-133
     3.307604e-134
    -1.318022e-135
     5.194792e-137
    -2.025257e-138
     7.810658e-140
    -2.980023e-141
     1.124875e-142
    -4.201157e-144
     1.552533e-145
    -5.677359e-147
     2.054525e-148
    -7.358030e-150
     2.608084e-151
    -9.149897e-153
     3.177380e-154
    -1.092205e-155
     3.716587e-157
    -1.252023e-158
     4.175709e-160
    -1.378859e-161
     4.508199e-163
    -1.459488e-164
     4.678784e-166
    -1.485322e-167
     4.669642e-169
    -1.453922e-170
     4.483454e-172
    -1.369358e-173
     4.142597e-175
    -1.241360e-176
     3.684768e-178
    -1.083496e-179
     3.156216e-181
    -9.108462e-183
     2.604228e-184
    -7.377085e-186
     2.070516e-187
    -5.758057e-189
     1.586691e-190
    -4.332545e-192
     1.172311e-193
    -3.143450e-195
     8.353110e-197
    -2.199794e-198
     5.741455e-200
    -1.485188e-201
     3.807798e-203
    -9.676367e-205
     2.437303e-206
    -6.085247e-208
     1.506019e-209
    -3.694697e-211
     8.985348e-213
    -2.166259e-214
     5.177458e-216
    -1.226775e-217
     2.881817e-219
    -6.711685e-221
     1.549784e-222
    -3.548096e-224
     8.054052e-226
    -1.812751e-227
     4.045540e-229
    -8.952387e-231
     1.964420e-232
    -4.274373e-234
     9.222780e-236
    -1.973382e-237
     4.187254e-239
    -8.810981e-241
     1.838672e-242
    -3.805200e-244
     7.810009e-246
    -1.589769e-247
     3.209462e-249
    -6.426192e-251
     1.276160e-252
    -2.513587e-254
     4.910505e-256
    -9.514999e-258
     1.828723e-259
    -3.486181e-261
     6.592052e-263
    -1.236420e-264
     2.300338e-266
    -4.245247e-268
     7.771509e-270
    -1.411250e-271
     2.542165e-273
    -4.542652e-275
     8.052408e-277
    -1.415980e-278
     2.470062e-280
    -4.274466e-282
     7.338095e-284
    -1.249729e-285
     2.111461e-287
    -3.539065e-289
     5.884846e-291
    -9.707919e-293
     1.588782e-294
    -2.579601e-296
     4.155209e-298
    -6.640305e-300
     1.052786e-301
    -1.655962e-303
     2.584171e-305
    -4.000866e-307
     6.145394e-309
    -9.365044e-311
     1.415896e-312
    -2.124476e-314
     2.995258e-316
    -2.490447e-318
     6.077007e-321
    -9.881313e-324
     -0.000000e+00
     -0.000000e+00
     -0.000000e+00
     -0.000000e+00
     -0.000000e+00
     -0.000000e+00
     -0.000000e+00
     -0.000000e+00
     -0.000000e+00
     -0.000000e+00
     -0.000000e+00
     -0.000000e+00
     -0.000000e+00
     -0.000000e+00
     -0.000000e+00
     -0.000000e+00
     -0.000000e+00
     -0.000000e+00
     -0.000000e+00
     -0.000000e+00
     -0.000000e+00
     -0.000000e+00
     -0.000000e+00
     -0.000000e+00
     -0.000000e+00
     -0.000000e+00
     -0.000000e+00
     -0.000000e+00
     -0.000000e+00
     -0.000000e+00
     -0.000000e+00
     -0.000000e+00
     -0.000000e+00
     -0.000000e+00
     -0.000000e+00
     -0.000000e+00
     -0.000000e+00
     -0.000000e+00
     -0.000000e+00
     -0.000000e+00
     -0.000000e+00
     -0.000000e+00
     -0.000000e+00
     -0.000000e+00
     -0.000000e+00
     -0.000000e+00
     -0.000000e+00
     -0.000000e+00
     -0.000000e+00
     -0.000000e+00
     -0.000000e+00
     -0.000000e+00
     -0.000000e+00
     -0.000000e+00
     -0.000000e+00
     -0.000000e+00
     -0.000000e+00
     -0.000000e+00
     -0.000000e+00
     -0.000000e+00
     -0.000000e+00
     -0.000000e+00
     -0.000000e+00
     -0.000000e+00
     -0.000000e+00
     -0.000000e+00
     -0.000000e+00
     -0.000000e+00
     -0.000000e+00
     -0.000000e+00
     -0.000000e+00
     -0.000000e+00
     -0.000000e+00
     -0.000000e+00
     -0.000000e+00
     -0.000000e+00
     -0.000000e+00
     -0.000000e+00
     -0.000000e+00
     -0.000000e+00
     -0.000000e+00
     -0.000000e+00
     -0.000000e+00
     -0.000000e+00
     -0.000000e+00
     -0.000000e+00
     -0.000000e+00
     -0.000000e+00
     -0.000000e+00
     -0.000000e+00
     -0.000000e+00
     -0.000000e+00
     -0.000000e+00
     -0.000000e+00
     -0.000000e+00
     -0.000000e+00
     -0.000000e+00
     -0.000000e+00
     -0.000000e+00
     -0.000000e+00
     -0.000000e+00
     -0.000000e+00
      0.000000e+00
      0.000000e+00
