      0.000000e+00
      0.000000e+00
     -7.418330e-15
     -7.565615e-15
     -6.366989e-16
     -2.066074e-14
     -7.125822e-14
     -9.499918e-14
     -9.554307e-14
     -1.329427e-13
     -1.583289e-13
     -9.958549e-14
     -3.404611e-14
     -5.162388e-14
     -1.016299e-13
     -9.487712e-14
     -3.220453e-14
      3.080188e-14
      8.215887e-14
      1.131701e-13
      3.610239e-14
     -1.737420e-13
     -3.413253e-13
     -3.070345e-13
     -1.697097e-13
     -1.279749e-13
     -1.505194e-13
     -8.310734e-14
      5.011905e-15
     -3.079838e-14
     -1.262258e-13
     -2.247538e-13
     -3.746914e-13
     -1.943500e-13
     -3.708030e-12
      5.473767e-11
     -7.049798e-10
      7.373658e-09
     -5.691595e-08
      2.302124e-07
      1.222160e-06
     -3.004874e-05
      2.466639e-04
     -8.403275e-04
     -2.086524e-03
      2.517197e-02
      4.682720e-03
     -4.648841e-01
     -7.307960e-01
      5.353150e+00
      3.212406e+01
      9.405160e+01
      1.887636e+02
      2.884419e+02
      3.514258e+02
      3.440361e+02
      2.557288e+02
      1.030855e+02
     -7.557093e+01
     -2.363188e+02
     -3.509585e+02
     -4.168222e+02
     -4.472312e+02
     -4.548145e+02
     -4.417867e+02
     -3.986513e+02
     -3.100490e+02
     -1.691661e+02
      7.341403e+00
      1.799317e+02
      3.045315e+02
      3.529406e+02
      3.229844e+02
      2.384943e+02
      1.394215e+02
      6.194976e+01
      2.026119e+01
      5.885003e+00
      2.984876e+00
      1.929605e+00
      7.581207e-01
      8.989669e-02
     -2.084383e-02
      2.105438e-02
      2.181328e-02
      3.581180e-03
     -2.087264e-03
     -4.477657e-04
      3.709824e-04
      1.102209e-04
     -3.819318e-05
     -1.374998e-05
      3.258489e-06
      3.800912e-07
     -6.984866e-07
      3.140652e-08
      9.806305e-08
     -3.134983e-08
     -2.583672e-08
      6.567589e-10
      1.901986e-09
     -6.644304e-09
     -2.317180e-08
     -1.789211e-08
      9.214926e-08
      2.472155e-07
     -2.303214e-07
     -2.145632e-06
     -3.169237e-06
      4.332229e-06
      2.549701e-05
      4.490568e-05
     -7.963373e-06
     -2.153987e-04
      1.080633e-04
      4.095288e-03
      1.470766e-02
      2.272173e-02
      1.926671e-02
      1.091374e-01
      6.503797e-01
      2.041494e+00
      4.229987e+00
      7.867936e+00
      1.971854e+01
      6.012418e+01
      1.628810e+02
      3.595502e+02
      6.550135e+02
      1.012805e+03
      1.361755e+03
      1.619212e+03
      1.719014e+03
      1.633644e+03
      1.380438e+03
      1.007032e+03
      5.658909e+02
      9.652939e+01
     -3.754904e+02
     -8.283065e+02
     -1.231729e+03
     -1.541333e+03
     -1.706284e+03
     -1.691535e+03
     -1.500716e+03
     -1.182118e+03
     -8.135882e+02
     -4.758416e+02
     -2.257292e+02
     -7.975812e+01
     -1.697186e+01
     -1.198301e-01
      9.483058e-01
      7.420517e-02
     -6.981522e-02
     -3.332490e-03
      5.150476e-03
     -4.975691e-04
     -1.957867e-04
      7.067123e-05
     -1.102979e-05
      8.494403e-07
      2.120440e-08
     -1.654952e-08
      2.802450e-09
     -3.220232e-10
      2.920794e-11
     -2.215542e-12
      1.449051e-13
     -8.329006e-15
      4.263101e-16
     -1.961951e-17
      8.179248e-19
     -3.107116e-20
      1.080643e-21
     -3.454378e-23
      1.018122e-24
     -2.773952e-26
      7.001281e-28
     -1.639642e-29
      3.567309e-31
     -7.215939e-33
      1.357520e-34
     -2.374717e-36
      3.859383e-38
     -5.817196e-40
      8.107786e-42
     -1.039747e-43
      1.216605e-45
     -1.279528e-47
      1.173684e-49
     -8.715846e-52
      3.891524e-54
      2.104865e-56
     -8.294470e-58
      1.360856e-59
     -1.718753e-61
      1.860732e-63
     -1.795149e-65
      0.000000e+00
      0.000000e+00
