      0.000000e+00
      0.000000e+00
     -6.636247e-17
     -1.156812e-15
     -2.477042e-15
     -3.569001e-15
     -3.901686e-15
     -3.212542e-15
     -2.307504e-15
     -3.669824e-15
     -1.047312e-14
     -2.387456e-14
     -4.076243e-14
     -5.443578e-14
     -5.832206e-14
     -5.030889e-14
     -3.458637e-14
     -1.916355e-14
     -1.035142e-14
     -9.057610e-15
     -1.304488e-14
     -2.219601e-14
     -3.809371e-14
     -5.563579e-14
     -5.883472e-14
     -3.454212e-14
      4.596490e-15
      1.970210e-14
     -1.580526e-14
     -7.390264e-14
     -8.576193e-14
     -1.625516e-14
      8.174179e-14
      1.122174e-13
      4.422920e-14
     -4.458308e-14
     -5.327632e-14
      2.093797e-14
      7.085497e-14
     -7.972597e-16
     -1.620811e-13
     -2.715405e-13
     -2.266364e-13
     -8.572057e-14
     -2.067266e-14
     -1.304779e-13
     -3.125652e-13
     -3.525362e-13
     -1.562344e-13
      1.329230e-13
      2.769284e-13
      1.915482e-13
      1.717965e-14
     -5.661016e-14
      1.107042e-14
      1.177159e-13
      1.745833e-13
      1.886987e-13
      1.903686e-13
      1.587555e-13
      7.274745e-14
     -7.005169e-15
      1.974003e-14
      1.647679e-13
      3.175910e-13
      3.565224e-13
      2.584412e-13
      8.591145e-14
     -9.195544e-14
     -2.344084e-13
     -3.170510e-13
     -3.319907e-13
     -2.973208e-13
     -2.359922e-13
     -1.468547e-13
     -2.325393e-14
      1.044787e-13
      1.843776e-13
      2.137558e-13
      2.568680e-13
      3.576189e-13
      4.567881e-13
      4.449195e-13
      3.045251e-13
      1.575925e-13
      1.409736e-13
      2.519260e-13
      3.482275e-13
      3.010877e-13
      1.272495e-13
     -3.298322e-14
     -5.178667e-14
      7.734660e-14
      2.505681e-13
      3.574947e-13
      3.718022e-13
      3.454360e-13
      3.290835e-13
      3.213754e-13
      3.016027e-13
      2.812038e-13
      2.866359e-13
      2.981717e-13
      2.474483e-13
      9.818680e-14
     -8.651674e-14
     -1.784465e-13
     -9.305708e-14
      1.253296e-13
      3.130042e-13
      2.936282e-13
      1.611263e-14
     -3.861454e-13
     -6.836200e-13
     -7.261942e-13
     -5.525643e-13
     -3.373232e-13
     -2.292413e-13
     -2.258679e-13
     -1.931550e-13
     -1.379811e-14
      2.741097e-13
      4.946437e-13
      5.060758e-13
      3.541099e-13
      2.396844e-13
      3.253702e-13
      5.652661e-13
      7.171761e-13
      5.410966e-13
      3.780157e-14
     -4.835445e-13
     -6.277531e-13
     -2.824763e-13
      2.269966e-13
      4.121600e-13
      8.431986e-14
     -4.786797e-13
     -8.294706e-13
     -7.666810e-13
     -4.466959e-13
     -1.614633e-13
     -6.951333e-14
     -1.043240e-13
     -7.619703e-14
      1.249428e-13
      3.802029e-13
      4.191030e-13
      1.104022e-13
     -3.359650e-13
     -5.315789e-13
     -2.940785e-13
      1.755346e-13
      5.061666e-13
      4.938474e-13
      2.162420e-13
     -1.071413e-13
     -2.905230e-13
     -2.472553e-13
      1.180110e-14
      3.741121e-13
      6.468354e-13
      6.608632e-13
      4.018990e-13
      3.132755e-14
     -2.469246e-13
     -3.483128e-13
     -3.420171e-13
     -3.438096e-13
     -3.906457e-13
     -4.118903e-13
     -3.112745e-13
     -8.915406e-14
      1.068370e-13
      9.033707e-14
     -1.538327e-13
     -3.873439e-13
     -3.256928e-13
      4.271461e-14
      4.073648e-13
      4.597850e-13
      2.310042e-13
      4.515079e-14
      1.508693e-13
      4.591420e-13
      6.528397e-13
      5.030308e-13
      6.193826e-14
     -3.968113e-13
     -5.837194e-13
     -3.889115e-13
      4.119675e-14
      4.090621e-13
      5.054535e-13
      3.805108e-13
      2.605060e-13
      2.861666e-13
      3.674066e-13
      3.272482e-13
      1.619172e-13
      8.615026e-14
      2.755348e-13
      6.053436e-13
      7.374077e-13
      4.921096e-13
      5.488956e-14
     -2.434025e-13
     -2.791374e-13
     -1.799449e-13
     -8.588659e-14
     -1.881961e-14
      5.724763e-14
      1.203109e-13
     -2.429099e-13
     -8.389282e-13
      1.842730e-12
      3.836975e-12
     -2.152289e-11
     -2.744351e-11
      1.988288e-10
      2.765746e-10
     -1.614807e-09
     -3.454829e-09
      1.030239e-08
      4.061988e-08
     -2.444044e-08
     -3.625444e-07
     -5.169765e-07
      1.622585e-06
      7.853365e-06
      9.346800e-06
     -2.920164e-05
     -1.610618e-04
     -3.545857e-04
     -1.961953e-04
      1.702119e-03
      8.683594e-03
      2.753543e-02
      7.068111e-02
      1.593279e-01
      3.277369e-01
      6.285017e-01
      1.138322e+00
      1.963430e+00
      3.243696e+00
      5.154574e+00
      7.906257e+00
      1.173974e+01
      1.691970e+01
      2.372445e+01
      3.243333e+01
      4.331236e+01
      5.659884e+01
      7.248606e+01
      9.110892e+01
      1.125315e+02
      1.367373e+02
      1.636225e+02
      1.929930e+02
      2.245647e+02
      2.579673e+02
      2.927506e+02
      3.283931e+02
      3.643125e+02
      3.998763e+02
      4.344131e+02
      4.672233e+02
      4.975892e+02
      5.247841e+02
      5.480813e+02
      5.667621e+02
      5.801243e+02
      5.874914e+02
      5.882228e+02
      5.817259e+02
      5.674706e+02
      5.450051e+02
      5.139757e+02
      4.741466e+02
      4.254228e+02
      3.678732e+02
      3.017531e+02
      2.275273e+02
      1.458895e+02
      5.778049e+01
     -3.559876e+01
     -1.327779e+02
     -2.320144e+02
     -3.312985e+02
     -4.283673e+02
     -5.207325e+02
     -6.057249e+02
     -6.805625e+02
     -7.424491e+02
     -7.887126e+02
     -8.169893e+02
     -8.254590e+02
     -8.131238e+02
     -7.801065e+02
     -7.279193e+02
     -6.596217e+02
     -5.797701e+02
     -4.940737e+02
     -4.087391e+02
     -3.296041e+02
     -2.612822e+02
     -2.065866e+02
     -1.664198e+02
     -1.401270e+02
     -1.261175e+02
     -1.224823e+02
     -1.274098e+02
     -1.393534e+02
     -1.570297e+02
     -1.793544e+02
     -2.053854e+02
     -2.342865e+02
     -2.653040e+02
     -2.977451e+02
     -3.309577e+02
     -3.643132e+02
     -3.971944e+02
     -4.289873e+02
     -4.590764e+02
     -4.868449e+02
     -5.116774e+02
     -5.329675e+02
     -5.501274e+02
     -5.626014e+02
     -5.698798e+02
     -5.715140e+02
     -5.671313e+02
     -5.564479e+02
     -5.392805e+02
     -5.155537e+02
     -4.853053e+02
     -4.486874e+02
     -4.059640e+02
     -3.575061e+02
     -3.037837e+02
     -2.453566e+02
     -1.828635e+02
     -1.170117e+02
     -4.856634e+01
      2.165891e+01
      9.281056e+01
      1.640027e+02
      2.343236e+02
      3.028421e+02
      3.686141e+02
      4.306901e+02
      4.881248e+02
      5.399884e+02
      5.853817e+02
      6.234542e+02
      6.534257e+02
      6.746120e+02
      6.864537e+02
      6.885480e+02
      6.806826e+02
      6.628721e+02
      6.353931e+02
      5.988186e+02
      5.540474e+02
      5.023243e+02
      4.452447e+02
      3.847342e+02
      3.229928e+02
      2.623904e+02
      2.053051e+02
      1.539075e+02
      1.099107e+02
      7.433494e+01
      4.735676e+01
      2.831112e+01
      1.587554e+01
      8.395312e+00
      4.243173e+00
      2.091404e+00
      1.024170e+00
      5.010360e-01
      2.428014e-01
      1.158775e-01
      5.535654e-02
      2.747288e-02
      1.454501e-02
      8.132727e-03
      4.677582e-03
      2.736743e-03
      1.643885e-03
      1.032515e-03
      6.865541e-04
      4.797627e-04
      3.442406e-04
      2.493203e-04
      1.827691e-04
      1.373615e-04
      1.062341e-04
      8.377637e-05
      6.673903e-05
      5.365110e-05
      4.366772e-05
      3.601598e-05
      3.002529e-05
      2.523784e-05
      2.137452e-05
      1.824142e-05
      1.568053e-05
      1.356527e-05
      1.180172e-05
      1.032086e-05
      9.069273e-06
      8.004255e-06
      7.091843e-06
      6.305245e-06
      5.623105e-06
      5.028145e-06
      4.506282e-06
      4.046002e-06
      3.637847e-06
      3.273996e-06
      2.947946e-06
      2.654272e-06
      2.388431e-06
      2.146614e-06
      1.925628e-06
      1.722794e-06
      1.535884e-06
      1.363061e-06
      1.202833e-06
      1.054028e-06
      9.157636e-07
      7.874296e-07
      6.686710e-07
      5.593661e-07
      4.595981e-07
      3.696117e-07
      2.897505e-07
      2.203679e-07
      1.617130e-07
      1.138008e-07
      7.628598e-08
      4.837832e-08
      2.883810e-08
      1.608012e-08
      8.375148e-09
      4.092342e-09
      1.899052e-09
      8.530782e-10
      3.781215e-10
      1.670156e-10
      7.366607e-11
      3.284187e-11
      1.526681e-11
      7.511270e-12
      3.845286e-12
      2.139155e-12
      1.395939e-12
      8.689100e-13
      2.894488e-13
     -8.190465e-14
     -4.774554e-14
      1.549631e-13
      1.996697e-13
      5.478811e-14
     -9.171341e-14
     -9.990217e-14
      5.510832e-15
      1.662184e-13
      3.491982e-13
      4.430060e-13
      3.656401e-13
      2.063447e-13
      7.978894e-14
      2.312684e-14
      6.959630e-14
      2.262964e-13
      3.869998e-13
      4.078389e-13
      2.719847e-13
      9.012828e-14
     -3.253842e-14
     -4.615051e-14
      6.090360e-14
      2.398903e-13
      3.531478e-13
      2.767790e-13
      6.680123e-14
     -1.185448e-13
     -2.394443e-13
     -3.243326e-13
     -3.194792e-13
     -2.179384e-13
     -2.063452e-13
     -4.617403e-13
     -8.537885e-13
     -9.874251e-13
     -6.097415e-13
     -9.599495e-15
      1.791864e-13
     -2.110180e-13
     -4.990402e-13
     -7.166787e-13
     -7.814589e-13
     -4.553269e-13
      1.703934e-13
      5.613019e-13
      4.051739e-13
      1.168554e-13
      2.040544e-13
      4.734627e-13
      4.844351e-13
      3.376371e-13
      2.973021e-13
      1.175616e-13
     -4.261039e-13
     -7.465727e-13
     -2.058301e-13
      6.575862e-13
      7.737143e-13
      9.432924e-14
     -4.810197e-13
     -3.792142e-13
      1.902534e-13
      7.282027e-13
      8.836963e-13
      5.948586e-13
      5.857336e-14
     -4.661247e-13
     -8.082262e-13
     -8.951349e-13
     -7.535390e-13
     -4.648448e-13
     -1.024042e-13
      2.546680e-13
      4.730704e-13
      4.105325e-13
      1.273909e-13
     -1.798967e-15
      3.523728e-13
      9.948930e-13
      1.418099e-12
      1.490154e-12
      1.599466e-12
      2.232068e-12
      3.866975e-12
      7.515117e-12
      1.570443e-11
      3.419505e-11
      7.560984e-11
      1.682324e-10
      3.772669e-10
      8.500457e-10
      1.895193e-09
      4.089542e-09
      8.374762e-09
      1.608222e-08
      2.884152e-08
      4.838172e-08
      7.628864e-08
      1.138024e-07
      1.617134e-07
      2.203674e-07
      2.897496e-07
      3.696105e-07
      4.595965e-07
      5.593644e-07
      6.686694e-07
      7.874289e-07
      9.157641e-07
      1.054030e-06
      1.202835e-06
      1.363062e-06
      1.535885e-06
      1.722795e-06
      1.925629e-06
      2.146616e-06
      2.388432e-06
      2.654274e-06
      2.947949e-06
      3.274000e-06
      3.637852e-06
      4.046006e-06
      4.506289e-06
      5.028162e-06
      5.623126e-06
      6.305248e-06
      7.091838e-06
      8.004334e-06
      9.069478e-06
      1.032091e-05
      1.180129e-05
      1.356506e-05
      1.568232e-05
      1.824449e-05
      2.137246e-05
      2.522730e-05
      3.002380e-05
      3.605190e-05
      4.371670e-05
      5.360267e-05
      6.654875e-05
      8.372641e-05
      1.067929e-04
      1.383037e-04
      1.825360e-04
      2.466336e-04
      3.418666e-04
      4.854061e-04
      7.050895e-04
      1.053974e-03
      1.646045e-03
      2.720333e-03
      4.728545e-03
      8.480258e-03
      1.558069e-02
      2.972840e-02
      5.957344e-02
      1.237069e-01
      2.594003e-01
      5.414968e-01
      1.125657e+00
      2.331912e+00
      4.766786e+00
      9.443772e+00
      1.782657e+01
      3.172398e+01
      5.302398e+01
      8.333703e+01
      1.236693e+02
      1.742325e+02
      2.344323e+02
      3.030070e+02
      3.782477e+02
      4.582312e+02
      5.410181e+02
      6.247951e+02
      7.079620e+02
      7.891719e+02
      8.673384e+02
      9.416220e+02
      1.011404e+03
      1.076258e+03
      1.135914e+03
      1.190233e+03
      1.239181e+03
      1.282799e+03
      1.321190e+03
      1.354499e+03
      1.382900e+03
      1.406585e+03
      1.425753e+03
      1.440607e+03
      1.451346e+03
      1.458163e+03
      1.461242e+03
      1.460758e+03
      1.456875e+03
      1.449749e+03
      1.439528e+03
      1.426352e+03
      1.410358e+03
      1.391677e+03
      1.370440e+03
      1.346775e+03
      1.320810e+03
      1.292671e+03
      1.262483e+03
      1.230368e+03
      1.196443e+03
      1.160816e+03
      1.123588e+03
      1.084843e+03
      1.044651e+03
      1.003057e+03
      9.600841e+02
      9.157249e+02
      8.699396e+02
      8.226514e+02
      7.737432e+02
      7.230534e+02
      6.703722e+02
      6.154370e+02
      5.579269e+02
      4.974559e+02
      4.335627e+02
      3.656982e+02
      2.932118e+02
      2.153330e+02
      1.311407e+02
      3.950872e+01
     -6.095418e+01
     -1.719024e+02
     -2.950837e+02
     -4.319257e+02
     -5.829214e+02
     -7.470094e+02
     -9.212193e+02
     -1.100775e+03
     -1.279661e+03
     -1.451477e+03
     -1.610288e+03
     -1.751284e+03
     -1.871110e+03
     -1.967916e+03
     -2.041191e+03
     -2.091497e+03
     -2.120169e+03
     -2.129043e+03
     -2.120235e+03
     -2.095962e+03
     -2.058424e+03
     -2.009726e+03
     -1.951823e+03
     -1.886498e+03
     -1.815349e+03
     -1.739796e+03
     -1.661080e+03
     -1.580281e+03
     -1.498329e+03
     -1.416019e+03
     -1.334023e+03
     -1.252905e+03
     -1.173134e+03
     -1.095098e+03
     -1.019109e+03
     -9.454228e+02
     -8.742385e+02
     -8.057139e+02
     -7.399702e+02
     -6.770988e+02
     -6.171674e+02
     -5.602242e+02
     -5.063019e+02
     -4.554202e+02
     -4.075879e+02
     -3.628039e+02
     -3.210574e+02
     -2.823282e+02
     -2.465855e+02
     -2.137873e+02
     -1.838793e+02
     -1.567935e+02
     -1.324476e+02
     -1.107441e+02
     -9.157047e+01
     -7.479876e+01
     -6.028692e+01
     -4.787990e+01
     -3.741164e+01
     -2.870749e+01
     -2.158701e+01
     -1.586720e+01
     -1.136584e+01
     -7.904963e+00
     -5.314190e+00
     -3.433855e+00
     -2.117744e+00
     -1.235348e+00
     -6.735505e-01
     -3.377056e-01
     -1.520103e-01
     -5.902938e-02
     -1.821662e-02
     -3.416077e-03
      4.028240e-04
      6.533586e-04
      2.713251e-04
      4.040504e-05
     -1.768809e-05
     -1.198377e-05
     -1.966542e-06
      8.861008e-07
      4.969698e-07
      1.491161e-08
     -5.766107e-08
     -1.264017e-08
      4.914911e-09
      2.123252e-09
     -3.629246e-10
     -2.698047e-10
      2.944782e-11
      3.057702e-11
     -3.542316e-12
     -3.177607e-12
      5.705988e-13
      2.834537e-13
     -8.978664e-14
     -1.670015e-14
      1.153387e-14
     -4.287618e-16
     -1.021352e-15
      2.670564e-16
      2.982089e-17
     -3.214158e-17
      6.421850e-18
      8.797836e-19
     -8.343890e-19
      2.081901e-19
     -5.089089e-21
     -1.496762e-20
      6.221127e-21
     -1.352967e-21
      9.521683e-23
      5.870255e-23
     -3.289863e-23
      1.087740e-23
     -2.832752e-24
      6.296927e-25
     -1.238144e-25
      2.195376e-26
     -3.550280e-27
      5.270644e-28
     -7.203613e-29
      9.056532e-30
     -1.041335e-30
      1.079333e-31
     -9.745473e-33
      6.958085e-34
     -2.354349e-35
     -3.854785e-36
      1.117881e-36
     -1.891855e-37
      2.628352e-38
     -3.252738e-39
      3.706927e-40
     -3.957519e-41
      3.998577e-42
     -3.849158e-43
      3.546888e-44
     -3.139560e-45
      2.676736e-46
     -2.202927e-47
      1.753190e-48
     -1.351280e-49
      1.009974e-50
     -7.328449e-52
      5.167521e-53
     -3.544096e-54
      2.366076e-55
     -1.538744e-56
      9.754526e-58
     -6.031331e-59
      3.639418e-60
     -2.144320e-61
      1.234237e-62
     -6.943153e-64
      3.819009e-65
     -2.054735e-66
      1.081776e-67
     -5.575097e-69
      2.813515e-70
     -1.390813e-71
      6.736671e-73
     -3.198210e-74
      1.488591e-75
     -6.794660e-77
      3.042253e-78
     -1.336488e-79
      5.762081e-81
     -2.438579e-82
      1.013286e-83
     -4.134809e-85
      1.657276e-86
     -6.525806e-88
      2.524961e-89
     -9.601397e-91
      3.588797e-92
     -1.318775e-93
      4.765084e-95
     -1.693230e-96
      5.917967e-98
     -2.034716e-99
     6.882895e-101
    -2.291046e-102
     7.504978e-104
    -2.419767e-105
     7.679977e-107
    -2.399721e-108
     7.382897e-110
    -2.236695e-111
     6.673417e-113
    -1.961088e-114
     5.676729e-116
    -1.618805e-117
     4.548079e-119
    -1.259039e-120
     3.434535e-122
    -9.233194e-124
     2.446406e-125
    -6.389007e-127
     1.644756e-128
    -4.174135e-130
     1.044386e-131
    -2.576423e-133
     6.267077e-135
    -1.503262e-136
     3.555944e-138
    -8.295708e-140
     1.908786e-141
    -4.332041e-143
     9.698047e-145
    -2.141692e-146
     4.665886e-148
    -1.002855e-149
     2.126628e-151
    -4.449535e-153
     9.186035e-155
    -1.871334e-156
     3.761863e-158
    -7.462787e-160
     1.461042e-161
    -2.822957e-163
     5.383213e-165
    -1.013186e-166
     1.882183e-168
    -3.451219e-170
     6.246459e-172
    -1.115984e-173
     1.968138e-175
    -3.426393e-177
     5.888607e-179
    -9.990570e-181
     1.673317e-182
    -2.766838e-184
     4.516614e-186
    -7.278993e-188
     1.158146e-189
    -1.819252e-191
     2.821384e-193
    -4.319895e-195
     6.530203e-197
    -9.745903e-199
     1.436011e-200
    -2.088966e-202
     3.000120e-204
    -4.253772e-206
     5.954312e-208
    -8.228152e-210
     1.122475e-211
    -1.511620e-213
     2.009495e-215
    -2.636901e-217
     3.415428e-219
    -4.366368e-221
     5.509295e-223
    -6.860340e-225
     8.430223e-227
    -1.022215e-228
     1.222972e-230
    -1.443504e-232
     1.680727e-234
    -1.930179e-236
     2.186020e-238
    -2.441143e-240
     2.687384e-242
    -2.915848e-244
     3.117339e-246
    -3.282865e-248
     3.404186e-250
    -3.474367e-252
     3.488291e-254
    -3.443080e-256
     3.338384e-258
    -3.176510e-260
     2.962368e-262
    -2.703229e-264
     2.408323e-266
    -2.088292e-268
     1.754554e-270
    -1.418630e-272
     1.091482e-274
    -7.829204e-277
     5.011308e-279
    -2.523369e-281
     4.062891e-284
     1.320475e-285
    -2.657562e-287
     3.623142e-289
    -4.249493e-291
     4.579086e-293
    -4.660566e-295
     4.544946e-297
    -4.282294e-299
     3.919069e-301
    -3.496210e-303
     3.047980e-305
    -2.601497e-307
     2.176851e-309
    -1.787672e-311
     1.441973e-313
    -1.132435e-315
     6.443614e-318
    -1.083486e-320
     1.482197e-323
     -0.000000e+00
     -0.000000e+00
     -0.000000e+00
     -0.000000e+00
      0.000000e+00
      0.000000e+00
