      0.000000e+00
      0.000000e+00
     -7.247998e-15
     -3.572545e-14
     -7.982276e-14
     -8.436593e-14
     -4.193750e-14
      4.612976e-14
      1.213236e-13
      2.028778e-14
     -8.897966e-14
      4.630428e-14
      1.632860e-13
     -1.236559e-12
      1.342137e-11
      2.725056e-10
     -2.028437e-08
      6.127203e-07
     -1.136391e-05
      1.145370e-04
      1.857030e-04
     -2.516574e-02
      3.611400e-01
     -1.914634e+00
     -3.656553e+00
      4.605536e+01
      1.920475e+02
      3.255243e+02
      2.475254e+02
     -4.764913e+01
     -3.393064e+02
     -4.685175e+02
     -4.473559e+02
     -2.886336e+02
      4.418724e+00
      2.766836e+02
      3.233059e+02
      1.693300e+02
      2.228296e+01
     -1.520859e+01
     -4.110651e-01
      5.351719e+00
      8.907096e-01
     -1.036845e+00
     -2.529515e-01
      1.687551e-01
      5.165585e-02
     -2.350268e-02
     -9.402931e-03
      2.167678e-03
      1.069143e-03
     -1.642280e-03
     -6.612088e-03
     -5.224334e-04
      4.714687e-02
      7.475726e-02
     -2.327297e-01
     -7.785869e-01
      7.709222e-01
      6.446750e+00
      6.155578e+00
     -1.562753e+01
     -1.085914e+01
      1.865662e+02
      7.066371e+02
      1.359750e+03
      1.681137e+03
      1.379150e+03
      5.789128e+02
     -4.023692e+02
     -1.257301e+03
     -1.669576e+03
     -1.455109e+03
     -8.278330e+02
     -2.614461e+02
     -1.556274e+01
      1.208471e+01
     -4.900065e-01
     -6.875000e-01
      1.824731e-01
     -2.243044e-02
      1.487153e-03
     -2.896410e-05
     -4.861466e-06
      6.446811e-07
     -4.679136e-08
      2.482949e-09
     -1.048199e-10
      3.663276e-12
     -1.084690e-13
      2.762633e-15
     -6.116550e-17
      1.186229e-18
     -2.026449e-20
      3.061756e-22
     -4.103022e-24
      4.885564e-26
     -5.173375e-28
      4.871482e-30
      0.000000e+00
      0.000000e+00
