      0.000000e+00
      0.000000e+00
     -3.118733e-15
     -2.899030e-15
     -2.320121e-15
     -1.609222e-15
     -9.848070e-16
     -4.162240e-16
      3.203695e-16
      1.406383e-15
      2.720506e-15
      3.766748e-15
      3.895837e-15
      2.718948e-15
      4.467514e-16
     -2.106163e-15
     -3.908025e-15
     -4.274062e-15
     -3.260325e-15
     -1.653771e-15
     -5.967076e-16
     -1.085951e-15
     -3.573175e-15
     -7.744862e-15
     -1.249157e-14
     -1.616172e-14
     -1.723858e-14
     -1.532944e-14
     -1.188901e-14
     -9.902180e-15
     -1.228123e-14
     -1.980851e-14
     -3.017952e-14
     -3.919470e-14
     -4.351677e-14
     -4.293357e-14
     -4.019053e-14
     -3.837368e-14
     -3.802228e-14
     -3.659928e-14
     -3.099481e-14
     -2.094642e-14
     -1.017799e-14
     -3.882976e-15
     -4.458257e-15
     -9.191146e-15
     -1.215900e-14
     -9.075222e-15
     -1.290766e-15
      4.195029e-15
     -1.234702e-15
     -2.246438e-14
     -5.707685e-14
     -9.506310e-14
     -1.216854e-13
     -1.227796e-13
     -9.138234e-14
     -3.325718e-14
      3.249269e-14
      8.050696e-14
      9.218179e-14
      6.745337e-14
      2.686801e-14
      7.301951e-16
      1.095647e-14
      5.699155e-14
      1.150579e-13
      1.514249e-13
      1.414893e-13
      8.328458e-14
     -1.882832e-15
     -8.100724e-14
     -1.259149e-13
     -1.258897e-13
     -9.096158e-14
     -4.596459e-14
     -1.944490e-14
     -3.212170e-14
     -8.807821e-14
     -1.707520e-13
     -2.459592e-13
     -2.735392e-13
     -2.253232e-13
     -1.012944e-13
      6.651778e-14
      2.271864e-13
      3.345721e-13
      3.671048e-13
      3.321767e-13
      2.555168e-13
      1.661405e-13
      8.709887e-14
      3.312102e-14
      8.999174e-15
      5.171637e-15
     -4.228929e-15
     -5.204287e-14
     -1.569155e-13
     -3.033196e-13
     -4.406648e-13
     -5.080509e-13
     -4.711253e-13
     -3.453900e-13
     -1.876269e-13
     -5.969323e-14
      1.018051e-14
      4.071754e-14
      7.594935e-14
      1.450727e-13
      2.345632e-13
      2.946428e-13
      2.765798e-13
      1.736265e-13
      3.442174e-14
     -6.328266e-14
     -6.221723e-14
      3.533598e-14
      1.666360e-13
      2.474363e-13
      2.248363e-13
      1.083186e-13
     -4.126883e-14
     -1.552582e-13
     -2.013709e-13
     -1.981397e-13
     -1.923438e-13
     -2.189918e-13
     -2.738841e-13
     -3.172590e-13
     -3.042456e-13
     -2.205038e-13
     -9.954246e-14
     -1.048227e-14
     -2.278183e-14
     -1.677316e-13
     -4.184228e-13
     -6.993514e-13
     -9.198075e-13
     -1.012214e-12
     -9.557476e-13
     -7.764923e-13
     -5.294834e-13
     -2.757382e-13
     -6.525389e-14
      7.087578e-14
      1.224724e-13
      1.001500e-13
      3.257995e-14
     -4.262935e-14
     -9.540753e-14
     -1.198727e-13
     -1.382672e-13
     -1.844119e-13
     -2.743023e-13
     -3.849953e-13
     -4.606276e-13
     -4.449087e-13
     -3.179284e-13
     -1.107121e-13
      1.116451e-13
      2.832633e-13
      3.623437e-13
      3.347271e-13
      2.042391e-13
     -1.232823e-14
     -2.777761e-13
     -5.259443e-13
     -6.720628e-13
     -6.496147e-13
     -4.560800e-13
     -1.731378e-13
      6.392125e-14
      1.391011e-13
      2.681362e-14
     -1.909684e-13
     -3.810676e-13
     -4.538063e-13
     -4.258669e-13
     -3.990825e-13
     -4.670507e-13
     -6.230225e-13
     -7.477347e-13
     -6.940980e-13
     -4.046946e-13
      3.281984e-14
      4.384066e-13
      6.575727e-13
      6.498925e-13
      4.840559e-13
      2.593111e-13
      3.288922e-14
     -1.851167e-13
     -3.822988e-13
     -5.077757e-13
     -4.982140e-13
     -3.433910e-13
     -1.203071e-13
      4.861810e-14
      8.281027e-14
     -4.102436e-16
     -1.085403e-13
     -1.501394e-13
     -9.681059e-14
      1.232283e-14
      1.096702e-13
      1.391025e-13
      7.350054e-14
     -8.148827e-14
     -2.847588e-13
     -4.650465e-13
     -5.482130e-13
     -4.984127e-13
     -3.406060e-13
     -1.407974e-13
      4.074759e-14
      1.811731e-13
      2.859559e-13
      3.562460e-13
      3.724094e-13
      3.126191e-13
      1.854205e-13
      3.953478e-14
     -6.244132e-14
     -8.381434e-14
     -3.250360e-14
      5.455612e-14
      1.436174e-13
      2.240579e-13
      3.028517e-13
      3.847575e-13
      4.595234e-13
      5.067259e-13
      5.105600e-13
      4.691527e-13
      3.914513e-13
      2.885806e-13
      1.706822e-13
      5.124310e-14
     -4.978207e-14
     -1.120363e-13
     -1.262654e-13
     -9.882556e-14
     -4.266759e-14
      3.639424e-14
      1.419733e-13
      2.726082e-13
      4.043051e-13
      4.909581e-13
      4.887605e-13
      3.870351e-13
      2.184858e-13
      3.753871e-14
     -1.166230e-13
     -2.408551e-13
     -3.542175e-13
     -4.621605e-13
     -5.333813e-13
     -5.154432e-13
     -3.805597e-13
     -1.616134e-13
      5.907768e-14
      2.067394e-13
      2.716906e-13
      3.150301e-13
      4.111143e-13
      5.720634e-13
      7.202798e-13
      7.375565e-13
      5.544980e-13
      2.092558e-13
     -1.692885e-13
     -4.370664e-13
     -5.108978e-13
     -3.978245e-13
     -1.742006e-13
      5.724206e-14
      2.066565e-13
      2.260694e-13
      1.283854e-13
     -1.224641e-14
     -9.030957e-14
     -2.294004e-14
      2.017154e-13
      5.138395e-13
      7.955282e-13
      9.355868e-13
      8.752431e-13
      6.296019e-13
      2.849668e-13
     -2.667163e-14
     -1.771119e-13
     -1.047482e-13
      1.418409e-13
      4.167875e-13
      5.523926e-13
      4.547005e-13
      1.549827e-13
     -2.166275e-13
     -5.097197e-13
     -6.233876e-13
     -5.259024e-13
     -2.354898e-13
      1.953113e-13
      6.704029e-13
      1.043520e-12
      1.160677e-12
      9.558923e-13
      5.346002e-13
      1.550106e-13
      8.166644e-14
      3.971390e-13
      9.180564e-13
      1.301000e-12
      1.276907e-12
      8.407763e-13
      2.495260e-13
     -1.692314e-13
     -2.462942e-13
     -6.506672e-14
      1.342314e-13
      1.458464e-13
     -6.609154e-14
     -3.717831e-13
     -5.869636e-13
     -5.934482e-13
     -3.932266e-13
     -8.615375e-14
      1.919205e-13
      3.301639e-13
      2.819960e-13
      7.640262e-14
     -2.004437e-13
     -4.491491e-13
     -6.085286e-13
     -6.843771e-13
     -7.320096e-13
     -7.984322e-13
     -8.652262e-13
     -8.442841e-13
     -6.459204e-13
     -2.770031e-13
      1.155373e-13
      3.151947e-13
      1.900882e-13
     -1.844181e-13
     -5.469310e-13
     -6.206805e-13
     -3.117447e-13
      2.202919e-13
      6.756864e-13
      8.204222e-13
      6.255989e-13
      2.485905e-13
     -1.022762e-13
     -2.982815e-13
     -3.267441e-13
     -2.392132e-13
     -8.330124e-14
      1.204846e-13
      3.541641e-13
      5.728710e-13
      7.111254e-13
      7.258888e-13
      6.381678e-13
      5.286522e-13
      4.777140e-13
      4.920286e-13
      4.844488e-13
      3.393900e-13
      2.114294e-14
     -3.677799e-13
     -6.408184e-13
     -6.604266e-13
     -4.393215e-13
     -1.194850e-13
      1.541462e-13
      3.515060e-13
      5.601131e-13
      8.733297e-13
      1.271440e-12
      1.608043e-12
      1.714908e-12
      1.530447e-12
      1.140684e-12
      7.062208e-13
      3.489359e-13
      9.532174e-14
     -9.216168e-14
     -2.464082e-13
     -3.607959e-13
     -4.097068e-13
     -3.866790e-13
     -3.134264e-13
     -2.142856e-13
     -9.080168e-14
      7.247127e-14
      2.775858e-13
      4.917500e-13
      6.568054e-13
      7.189049e-13
      6.512322e-13
      4.567055e-13
      1.609280e-13
     -1.897130e-13
     -5.258363e-13
     -7.635195e-13
     -8.317748e-13
     -7.078674e-13
     -4.377364e-13
     -1.257540e-13
      1.045667e-13
      1.628083e-13
      3.402514e-14
     -2.111194e-13
     -4.505227e-13
     -5.777666e-13
     -5.639421e-13
     -4.694755e-13
     -3.916959e-13
     -3.851986e-13
     -4.202946e-13
     -4.174276e-13
     -3.291074e-13
     -1.944818e-13
     -1.124177e-13
     -1.527201e-13
     -2.843976e-13
     -3.876953e-13
     -3.433290e-13
     -1.259161e-13
      1.723619e-13
      4.024359e-13
      4.548256e-13
      3.257154e-13
      1.157960e-13
     -3.100971e-14
     -1.155812e-14
      1.760251e-13
      4.303572e-13
      6.079715e-13
      6.130533e-13
      4.582573e-13
      2.549736e-13
      1.390688e-13
      1.819787e-13
      3.445828e-13
      5.011098e-13
      5.170225e-13
      3.339537e-13
      9.188384e-15
     -3.193551e-13
     -5.248788e-13
     -5.771048e-13
     -5.531958e-13
     -5.593818e-13
     -6.253861e-13
     -6.653308e-13
     -5.473545e-13
     -2.188734e-13
      2.191116e-13
      5.566092e-13
      6.091271e-13
      3.421439e-13
     -1.033343e-13
     -4.972482e-13
     -6.559981e-13
     -5.399021e-13
     -2.589133e-13
      7.373070e-15
      1.209696e-13
      5.999093e-14
     -8.574129e-14
     -1.890479e-13
     -1.747795e-13
     -6.087336e-14
      7.351817e-14
      1.595506e-13
      1.879568e-13
      2.002583e-13
      2.417561e-13
      3.270199e-13
      4.459786e-13
      5.901620e-13
      7.585084e-13
      9.318420e-13
      1.049628e-12
      1.029840e-12
      8.313374e-13
      5.092618e-13
      2.075886e-13
      7.825900e-14
      1.762467e-13
      4.067126e-13
      5.725485e-13
      5.038969e-13
      1.874589e-13
     -2.013496e-13
     -4.040788e-13
     -2.633783e-13
      1.457702e-13
      5.460574e-13
      6.418053e-13
      3.273113e-13
     -2.351884e-13
     -7.239468e-13
     -8.666940e-13
     -5.975771e-13
     -6.595535e-14
      4.798206e-13
      8.331667e-13
      9.086518e-13
      7.425318e-13
      4.477204e-13
      1.587452e-13
     -1.836973e-14
     -4.373122e-14
      4.634888e-14
      1.684374e-13
      2.459694e-13
      2.493061e-13
      1.917550e-13
      9.233474e-14
     -5.074066e-14
     -2.441155e-13
     -4.583242e-13
     -6.138556e-13
     -6.243793e-13
     -4.656090e-13
     -2.019946e-13
      6.156194e-14
      2.588663e-13
      3.919376e-13
      4.816123e-13
      5.002741e-13
      3.756905e-13
      7.912030e-14
     -2.930270e-13
     -5.479984e-13
     -5.349265e-13
     -2.726334e-13
      5.634658e-14
      2.463859e-13
      2.194535e-13
      5.809999e-14
     -9.189534e-14
     -1.484191e-13
     -1.406899e-13
     -1.549427e-13
     -2.415568e-13
     -3.631853e-13
     -4.179199e-13
     -3.154385e-13
     -5.265010e-14
      2.648171e-13
      4.792161e-13
      4.861533e-13
      3.129588e-13
      1.000556e-13
     -1.127824e-14
      5.256561e-15
      4.613615e-14
     -1.689966e-14
     -2.058888e-13
     -4.029948e-13
     -4.475488e-13
     -2.733068e-13
      3.986112e-14
      3.384806e-13
      5.119688e-13
      5.425275e-13
      4.600255e-13
      2.747633e-13
     -2.630798e-14
     -4.178941e-13
     -7.906901e-13
     -9.933208e-13
     -9.395178e-13
     -6.806569e-13
     -3.672181e-13
     -1.272099e-13
      2.861491e-14
      1.880767e-13
      4.255046e-13
      7.040428e-13
      8.858344e-13
      8.431391e-13
      5.721125e-13
      2.107036e-13
     -5.271583e-14
     -1.033210e-13
      3.894754e-14
      2.571336e-13
      4.316409e-13
      5.147863e-13
      5.368833e-13
      5.529828e-13
      5.808916e-13
      5.804727e-13
      4.875399e-13
      2.718502e-13
     -2.917373e-14
     -3.268407e-13
     -5.296787e-13
     -5.817263e-13
     -4.679160e-13
     -2.046784e-13
      1.537506e-13
      4.977472e-13
      6.775195e-13
      5.799802e-13
      2.258541e-13
     -2.051908e-13
     -4.735427e-13
     -4.448482e-13
     -1.888832e-13
      7.644400e-14
      1.538124e-13
      9.251664e-15
     -2.226904e-13
     -3.617339e-13
     -3.215393e-13
     -1.584780e-13
     -1.076400e-14
      5.823224e-15
     -1.342303e-13
     -3.668305e-13
     -5.875376e-13
     -7.116963e-13
     -7.158546e-13
     -6.416366e-13
     -5.550891e-13
     -4.807668e-13
     -3.615351e-13
     -9.404366e-14
      3.666102e-13
      9.139439e-13
      1.306190e-12
      1.311206e-12
      8.842429e-13
      2.346343e-13
     -2.878768e-13
     -4.142384e-13
     -1.221962e-13
      3.741204e-13
      7.948630e-13
      9.882952e-13
      1.002556e-12
      9.947492e-13
      1.065432e-12
      1.159011e-12
      1.112127e-12
      8.121833e-13
      3.364778e-13
     -5.341863e-14
     -8.364955e-14
      3.082938e-13
      8.781686e-13
      1.211771e-12
      1.016817e-12
      3.483781e-13
     -4.219550e-13
     -8.786387e-13
     -8.561379e-13
     -5.177721e-13
     -1.764158e-13
     -3.578461e-14
     -7.560132e-14
     -1.458069e-13
     -1.433849e-13
     -1.003764e-13
     -1.274752e-13
     -2.954763e-13
     -5.684695e-13
     -8.300978e-13
     -9.622015e-13
     -9.128078e-13
     -7.175384e-13
     -4.720074e-13
     -2.747615e-13
     -1.750339e-13
     -1.603034e-13
     -1.909641e-13
     -2.466681e-13
     -3.349626e-13
     -4.517386e-13
     -5.392997e-13
     -4.988148e-13
     -2.619042e-13
      1.373320e-13
      5.580573e-13
      8.299825e-13
      8.585465e-13
      6.811842e-13
      4.332751e-13
      2.468809e-13
      1.549354e-13
      7.466219e-14
     -1.104023e-13
     -4.292619e-13
     -7.650478e-13
     -9.208569e-13
     -7.689298e-13
     -3.632924e-13
      8.263064e-14
      3.410813e-13
      3.215879e-13
      1.094272e-13
     -1.304030e-13
     -2.935559e-13
     -4.016736e-13
     -5.452644e-13
     -7.635283e-13
     -9.727595e-13
     -1.012413e-12
     -7.776132e-13
     -3.312925e-13
      9.965179e-14
      2.531903e-13
      8.630596e-15
     -4.927481e-13
     -8.828630e-13
     -8.752924e-13
     -8.425073e-13
     -2.001335e-12
     -4.536930e-12
     -2.820217e-12
      1.675392e-11
      5.897179e-11
      6.957807e-11
     -1.144020e-10
     -6.707491e-10
     -1.330263e-09
     -5.281370e-10
      5.025115e-09
      1.809893e-08
      3.269229e-08
      1.823635e-08
     -9.693748e-08
     -4.177901e-07
     -9.965823e-07
     -1.579561e-06
     -1.063684e-06
      3.481401e-06
      1.837522e-05
      5.560781e-05
      1.359512e-04
      2.929839e-04
      5.780875e-04
      1.066457e-03
      1.864149e-03
      3.116182e-03
      5.015677e-03
      7.814012e-03
      1.183193e-02
      1.747155e-02
      2.522917e-02
      3.570879e-02
      4.963616e-02
      6.787333e-02
      9.143350e-02
      1.214959e-01
      1.594208e-01
      2.067641e-01
      2.652918e-01
      3.369934e-01
      4.240953e-01
      5.290722e-01
      6.546583e-01
      8.038568e-01
      9.799474e-01
      1.186493e+00
      1.427343e+00
      1.706639e+00
      2.028809e+00
      2.398572e+00
      2.820929e+00
      3.301159e+00
      3.844809e+00
      4.457681e+00
      5.145818e+00
      5.915490e+00
      6.773170e+00
      7.725518e+00
      8.779351e+00
      9.941619e+00
      1.121938e+01
      1.261976e+01
      1.414994e+01
      1.581708e+01
      1.762835e+01
      1.959083e+01
      2.171149e+01
      2.399719e+01
      2.645457e+01
      2.909008e+01
      3.190990e+01
      3.491991e+01
      3.812564e+01
      4.153226e+01
      4.514452e+01
      4.896671e+01
      5.300266e+01
      5.725566e+01
      6.172847e+01
      6.642326e+01
      7.134162e+01
      7.648449e+01
      8.185219e+01
      8.744437e+01
      9.326000e+01
      9.929737e+01
      1.055541e+02
      1.120270e+02
      1.187124e+02
      1.256056e+02
      1.327016e+02
      1.399945e+02
      1.474777e+02
      1.551439e+02
      1.629854e+02
      1.709936e+02
      1.791596e+02
      1.874736e+02
      1.959256e+02
      2.045047e+02
      2.132000e+02
      2.219996e+02
      2.308917e+02
      2.398638e+02
      2.489031e+02
      2.579967e+02
      2.671312e+02
      2.762931e+02
      2.854687e+02
      2.946441e+02
      3.038054e+02
      3.129385e+02
      3.220292e+02
      3.310636e+02
      3.400275e+02
      3.489069e+02
      3.576879e+02
      3.663566e+02
      3.748995e+02
      3.833029e+02
      3.915536e+02
      3.996385e+02
      4.075448e+02
      4.152596e+02
      4.227708e+02
      4.300662e+02
      4.371339e+02
      4.439625e+02
      4.505407e+02
      4.568577e+02
      4.629028e+02
      4.686657e+02
      4.741365e+02
      4.793056e+02
      4.841635e+02
      4.887014e+02
      4.929106e+02
      4.967828e+02
      5.003098e+02
      5.034841e+02
      5.062984e+02
      5.087455e+02
      5.108187e+02
      5.125119e+02
      5.138188e+02
      5.147340e+02
      5.152519e+02
      5.153678e+02
      5.150769e+02
      5.143751e+02
      5.132585e+02
      5.117236e+02
      5.097674e+02
      5.073872e+02
      5.045809e+02
      5.013466e+02
      4.976831e+02
      4.935895e+02
      4.890654e+02
      4.841111e+02
      4.787271e+02
      4.729146e+02
      4.666755e+02
      4.600120e+02
      4.529270e+02
      4.454239e+02
      4.375069e+02
      4.291805e+02
      4.204501e+02
      4.113217e+02
      4.018016e+02
      3.918971e+02
      3.816160e+02
      3.709667e+02
      3.599581e+02
      3.486001e+02
      3.369027e+02
      3.248769e+02
      3.125341e+02
      2.998861e+02
      2.869455e+02
      2.737253e+02
      2.602390e+02
      2.465005e+02
      2.325240e+02
      2.183245e+02
      2.039168e+02
      1.893164e+02
      1.745389e+02
      1.596002e+02
      1.445164e+02
      1.293035e+02
      1.139778e+02
      9.855566e+01
      8.305334e+01
      6.748705e+01
      5.187294e+01
      3.622696e+01
      2.056491e+01
      4.902326e+00
     -1.074555e+01
     -2.636379e+01
     -4.193783e+01
     -5.745352e+01
     -7.289717e+01
     -8.825553e+01
     -1.035159e+02
     -1.186660e+02
     -1.336944e+02
     -1.485899e+02
     -1.633421e+02
     -1.779411e+02
     -1.923779e+02
     -2.066438e+02
     -2.207309e+02
     -2.346319e+02
     -2.483403e+02
     -2.618501e+02
     -2.751559e+02
     -2.882530e+02
     -3.011372e+02
     -3.138051e+02
     -3.262538e+02
     -3.384807e+02
     -3.504841e+02
     -3.622626e+02
     -3.738153e+02
     -3.851418e+02
     -3.962420e+02
     -4.071164e+02
     -4.177657e+02
     -4.281909e+02
     -4.383935e+02
     -4.483750e+02
     -4.581373e+02
     -4.676825e+02
     -4.770129e+02
     -4.861307e+02
     -4.950386e+02
     -5.037391e+02
     -5.122350e+02
     -5.205289e+02
     -5.286235e+02
     -5.365217e+02
     -5.442261e+02
     -5.517394e+02
     -5.590644e+02
     -5.662035e+02
     -5.731594e+02
     -5.799345e+02
     -5.865311e+02
     -5.929516e+02
     -5.991982e+02
     -6.052729e+02
     -6.111777e+02
     -6.169147e+02
     -6.224856e+02
     -6.278921e+02
     -6.331359e+02
     -6.382186e+02
     -6.431416e+02
     -6.479065e+02
     -6.525144e+02
     -6.569667e+02
     -6.612646e+02
     -6.654093e+02
     -6.694018e+02
     -6.732431e+02
     -6.769344e+02
     -6.804763e+02
     -6.838699e+02
     -6.871160e+02
     -6.902152e+02
     -6.931683e+02
     -6.959757e+02
     -6.986381e+02
     -7.011559e+02
     -7.035294e+02
     -7.057587e+02
     -7.078440e+02
     -7.097853e+02
     -7.115822e+02
     -7.132345e+02
     -7.147416e+02
     -7.161029e+02
     -7.173172e+02
     -7.183836e+02
     -7.193005e+02
     -7.200665e+02
     -7.206795e+02
     -7.211374e+02
     -7.214378e+02
     -7.215779e+02
     -7.215546e+02
     -7.213646e+02
     -7.210043e+02
     -7.204697e+02
     -7.197564e+02
     -7.188599e+02
     -7.177753e+02
     -7.164973e+02
     -7.150205e+02
     -7.133391e+02
     -7.114470e+02
     -7.093381e+02
     -7.070057e+02
     -7.044432e+02
     -7.016437e+02
     -6.986002e+02
     -6.953056e+02
     -6.917526e+02
     -6.879341e+02
     -6.838426e+02
     -6.794710e+02
     -6.748121e+02
     -6.698588e+02
     -6.646043e+02
     -6.590417e+02
     -6.531646e+02
     -6.469668e+02
     -6.404425e+02
     -6.335860e+02
     -6.263923e+02
     -6.188567e+02
     -6.109750e+02
     -6.027436e+02
     -5.941595e+02
     -5.852200e+02
     -5.759234e+02
     -5.662684e+02
     -5.562545e+02
     -5.458819e+02
     -5.351515e+02
     -5.240649e+02
     -5.126246e+02
     -5.008338e+02
     -4.886963e+02
     -4.762169e+02
     -4.634012e+02
     -4.502553e+02
     -4.367864e+02
     -4.230023e+02
     -4.089114e+02
     -3.945231e+02
     -3.798474e+02
     -3.648948e+02
     -3.496766e+02
     -3.342049e+02
     -3.184921e+02
     -3.025513e+02
     -2.863960e+02
     -2.700404e+02
     -2.534990e+02
     -2.367868e+02
     -2.199190e+02
     -2.029113e+02
     -1.857796e+02
     -1.685401e+02
     -1.512092e+02
     -1.338034e+02
     -1.163393e+02
     -9.883374e+01
     -8.130351e+01
     -6.376540e+01
     -4.623618e+01
     -2.873258e+01
     -1.127124e+01
      6.131336e+00
      2.345879e+01
      4.069493e+01
      5.782376e+01
      7.482954e+01
      9.169672e+01
      1.084101e+02
      1.249545e+02
      1.413155e+02
      1.574786e+02
      1.734296e+02
      1.891549e+02
      2.046410e+02
      2.198749e+02
      2.348438e+02
      2.495353e+02
      2.639374e+02
      2.780384e+02
      2.918271e+02
      3.052924e+02
      3.184237e+02
      3.312109e+02
      3.436441e+02
      3.557137e+02
      3.674108e+02
      3.787265e+02
      3.896526e+02
      4.001810e+02
      4.103043e+02
      4.200152e+02
      4.293070e+02
      4.381734e+02
      4.466086e+02
      4.546070e+02
      4.621637e+02
      4.692742e+02
      4.759344e+02
      4.821409e+02
      4.878905e+02
      4.931807e+02
      4.980097e+02
      5.023760e+02
      5.062787e+02
      5.097178e+02
      5.126934e+02
      5.152067e+02
      5.172592e+02
      5.188532e+02
      5.199916e+02
      5.206781e+02
      5.209168e+02
      5.207128e+02
      5.200715e+02
      5.189995e+02
      5.175035e+02
      5.155914e+02
      5.132714e+02
      5.105526e+02
      5.074445e+02
      5.039576e+02
      5.001027e+02
      4.958913e+02
      4.913356e+02
      4.864482e+02
      4.812422e+02
      4.757313e+02
      4.699297e+02
      4.638518e+02
      4.575125e+02
      4.509272e+02
      4.441112e+02
      4.370805e+02
      4.298510e+02
      4.224388e+02
      4.148602e+02
      4.071315e+02
      3.992689e+02
      3.912887e+02
      3.832071e+02
      3.750400e+02
      3.668033e+02
      3.585126e+02
      3.501830e+02
      3.418295e+02
      3.334667e+02
      3.251087e+02
      3.167692e+02
      3.084614e+02
      3.001978e+02
      2.919907e+02
      2.838515e+02
      2.757911e+02
      2.678197e+02
      2.599471e+02
      2.521820e+02
      2.445329e+02
      2.370074e+02
      2.296122e+02
      2.223538e+02
      2.152377e+02
      2.082688e+02
      2.014513e+02
      1.947888e+02
      1.882844e+02
      1.819403e+02
      1.757584e+02
      1.697399e+02
      1.638854e+02
      1.581952e+02
      1.526689e+02
      1.473057e+02
      1.421045e+02
      1.370636e+02
      1.321813e+02
      1.274552e+02
      1.228828e+02
      1.184613e+02
      1.141877e+02
      1.100588e+02
      1.060712e+02
      1.022215e+02
      9.850590e+01
      9.492086e+01
      9.146259e+01
      8.812732e+01
      8.491126e+01
      8.181062e+01
      7.882167e+01
      7.594068e+01
      7.316401e+01
      7.048805e+01
      6.790931e+01
      6.542436e+01
      6.302986e+01
      6.072257e+01
      5.849935e+01
      5.635716e+01
      5.429307e+01
      5.230424e+01
      5.038794e+01
      4.854152e+01
      4.676244e+01
      4.504826e+01
      4.339661e+01
      4.180522e+01
      4.027189e+01
      3.879451e+01
      3.737105e+01
      3.599954e+01
      3.467809e+01
      3.340489e+01
      3.217817e+01
      3.099625e+01
      2.985749e+01
      2.876032e+01
      2.770323e+01
      2.668477e+01
      2.570351e+01
      2.475812e+01
      2.384728e+01
      2.296974e+01
      2.212429e+01
      2.130975e+01
      2.052499e+01
      1.976895e+01
      1.904057e+01
      1.833883e+01
      1.766278e+01
      1.701148e+01
      1.638402e+01
      1.577954e+01
      1.519720e+01
      1.463619e+01
      1.409573e+01
      1.357508e+01
      1.307352e+01
      1.259034e+01
      1.212488e+01
      1.167649e+01
      1.124455e+01
      1.082846e+01
      1.042765e+01
      1.004154e+01
      9.669611e+00
      9.311343e+00
      8.966235e+00
      8.633808e+00
      8.313599e+00
      8.005161e+00
      7.708065e+00
      7.421896e+00
      7.146256e+00
      6.880759e+00
      6.625035e+00
      6.378726e+00
      6.141489e+00
      5.912991e+00
      5.692914e+00
      5.480949e+00
      5.276799e+00
      5.080178e+00
      4.890812e+00
      4.708433e+00
      4.532787e+00
      4.363627e+00
      4.200715e+00
      4.043822e+00
      3.892728e+00
      3.747220e+00
      3.607094e+00
      3.472152e+00
      3.342203e+00
      3.217066e+00
      3.096562e+00
      2.980523e+00
      2.868784e+00
      2.761187e+00
      2.657580e+00
      2.557816e+00
      2.461755e+00
      2.369260e+00
      2.280200e+00
      2.194448e+00
      2.111883e+00
      2.032388e+00
      1.955850e+00
      1.882159e+00
      1.811212e+00
      1.742905e+00
      1.677144e+00
      1.613833e+00
      1.552882e+00
      1.494204e+00
      1.437716e+00
      1.383335e+00
      1.330986e+00
      1.280592e+00
      1.232082e+00
      1.185385e+00
      1.140435e+00
      1.097166e+00
      1.055518e+00
      1.015430e+00
      9.768432e-01
      9.397032e-01
      9.039562e-01
      8.695503e-01
      8.364360e-01
      8.045653e-01
      7.738920e-01
      7.443717e-01
      7.159616e-01
      6.886205e-01
      6.623086e-01
      6.369876e-01
      6.126207e-01
      5.891724e-01
      5.666085e-01
      5.448961e-01
      5.240035e-01
      5.039000e-01
      4.845563e-01
      4.659441e-01
      4.480360e-01
      4.308057e-01
      4.142280e-01
      3.982785e-01
      3.829336e-01
      3.681708e-01
      3.539683e-01
      3.403051e-01
      3.271610e-01
      3.145165e-01
      3.023531e-01
      2.906525e-01
      2.793974e-01
      2.685712e-01
      2.581577e-01
      2.481414e-01
      2.385074e-01
      2.292413e-01
      2.203292e-01
      2.117578e-01
      2.035144e-01
      1.955865e-01
      1.879622e-01
      1.806301e-01
      1.735792e-01
      1.667988e-01
      1.602788e-01
      1.540092e-01
      1.479806e-01
      1.421840e-01
      1.366104e-01
      1.312515e-01
      1.260991e-01
      1.211454e-01
      1.163829e-01
      1.118043e-01
      1.074025e-01
      1.031710e-01
      9.910313e-02
      9.519278e-02
      9.143391e-02
      8.782076e-02
      8.434777e-02
      8.100960e-02
      7.780110e-02
      7.471731e-02
      7.175348e-02
      6.890502e-02
      6.616752e-02
      6.353672e-02
      6.100854e-02
      5.857904e-02
      5.624445e-02
      5.400113e-02
      5.184555e-02
      4.977436e-02
      4.778431e-02
      4.587228e-02
      4.403527e-02
      4.227038e-02
      4.057483e-02
      3.894595e-02
      3.738117e-02
      3.587801e-02
      3.443409e-02
      3.304712e-02
      3.171489e-02
      3.043529e-02
      2.920627e-02
      2.802587e-02
      2.689220e-02
      2.580346e-02
      2.475789e-02
      2.375382e-02
      2.278962e-02
      2.186375e-02
      2.097472e-02
      2.012108e-02
      1.930146e-02
      1.851452e-02
      1.775899e-02
      1.703364e-02
      1.633729e-02
      1.566879e-02
      1.502707e-02
      1.441107e-02
      1.381978e-02
      1.325223e-02
      1.270748e-02
      1.218463e-02
      1.168284e-02
      1.120125e-02
      1.073909e-02
      1.029557e-02
      9.869968e-03
      9.461571e-03
      9.069699e-03
      8.693696e-03
      8.332933e-03
      7.986807e-03
      7.654736e-03
      7.336161e-03
      7.030545e-03
      6.737374e-03
      6.456150e-03
      6.186398e-03
      5.927660e-03
      5.679496e-03
      5.441483e-03
      5.213215e-03
      4.994302e-03
      4.784370e-03
      4.583057e-03
      4.390018e-03
      4.204920e-03
      4.027444e-03
      3.857284e-03
      3.694143e-03
      3.537740e-03
      3.387803e-03
      3.244070e-03
      3.106290e-03
      2.974222e-03
      2.847636e-03
      2.726308e-03
      2.610026e-03
      2.498584e-03
      2.391786e-03
      2.289442e-03
      2.191371e-03
      2.097400e-03
      2.007360e-03
      1.921091e-03
      1.838439e-03
      1.759256e-03
      1.683399e-03
      1.610733e-03
      1.541126e-03
      1.474452e-03
      1.410592e-03
      1.349428e-03
      1.290851e-03
      1.234752e-03
      1.181031e-03
      1.129588e-03
      1.080330e-03
      1.033166e-03
      9.880082e-04
      9.447746e-04
      9.033848e-04
      8.637622e-04
      8.258331e-04
      7.895270e-04
      7.547761e-04
      7.215156e-04
      6.896831e-04
      6.592189e-04
      6.300656e-04
      6.021682e-04
      5.754740e-04
      5.499324e-04
      5.254949e-04
      5.021151e-04
      4.797483e-04
      4.583517e-04
      4.378844e-04
      4.183070e-04
      3.995819e-04
      3.816728e-04
      3.645452e-04
      3.481659e-04
      3.325029e-04
      3.175259e-04
      3.032055e-04
      2.895137e-04
      2.764236e-04
      2.639096e-04
      2.519469e-04
      2.405118e-04
      2.295818e-04
      2.191351e-04
      2.091509e-04
      1.996093e-04
      1.904911e-04
      1.817782e-04
      1.734529e-04
      1.654986e-04
      1.578990e-04
      1.506389e-04
      1.437034e-04
      1.370785e-04
      1.307506e-04
      1.247068e-04
      1.189346e-04
      1.134222e-04
      1.081583e-04
      1.031318e-04
      9.833249e-05
      9.375029e-05
      8.937567e-05
      8.519949e-05
      8.121299e-05
      7.740780e-05
      7.377590e-05
      7.030962e-05
      6.700162e-05
      6.384488e-05
      6.083268e-05
      5.795857e-05
      5.521642e-05
      5.260033e-05
      5.010467e-05
      4.772406e-05
      4.545334e-05
      4.328759e-05
      4.122208e-05
      3.925232e-05
      3.737399e-05
      3.558296e-05
      3.387531e-05
      3.224725e-05
      3.069519e-05
      2.921568e-05
      2.780542e-05
      2.646127e-05
      2.518023e-05
      2.395940e-05
      2.279605e-05
      2.168755e-05
      2.063139e-05
      1.962516e-05
      1.866658e-05
      1.775346e-05
      1.688369e-05
      1.605530e-05
      1.526636e-05
      1.451505e-05
      1.379963e-05
      1.311844e-05
      1.246989e-05
      1.185245e-05
      1.126469e-05
      1.070521e-05
      1.017270e-05
      9.665895e-06
      9.183592e-06
      9.665894e-06
      1.017270e-05
      1.070521e-05
      1.126469e-05
      1.185245e-05
      1.246989e-05
      1.311844e-05
      1.379963e-05
      1.451505e-05
      1.526636e-05
      1.605530e-05
      1.688369e-05
      1.775346e-05
      1.866658e-05
      1.962516e-05
      2.063139e-05
      2.168755e-05
      2.279605e-05
      2.395940e-05
      2.518023e-05
      2.646127e-05
      2.780542e-05
      2.921568e-05
      3.069519e-05
      3.224725e-05
      3.387531e-05
      3.558296e-05
      3.737399e-05
      3.925232e-05
      4.122208e-05
      4.328759e-05
      4.545334e-05
      4.772406e-05
      5.010467e-05
      5.260033e-05
      5.521642e-05
      5.795857e-05
      6.083268e-05
      6.384488e-05
      6.700162e-05
      7.030962e-05
      7.377590e-05
      7.740780e-05
      8.121299e-05
      8.519949e-05
      8.937567e-05
      9.375029e-05
      9.833249e-05
      1.031318e-04
      1.081583e-04
      1.134222e-04
      1.189346e-04
      1.247068e-04
      1.307506e-04
      1.370785e-04
      1.437034e-04
      1.506389e-04
      1.578990e-04
      1.654986e-04
      1.734529e-04
      1.817782e-04
      1.904911e-04
      1.996093e-04
      2.091509e-04
      2.191351e-04
      2.295818e-04
      2.405118e-04
      2.519469e-04
      2.639096e-04
      2.764236e-04
      2.895137e-04
      3.032055e-04
      3.175259e-04
      3.325029e-04
      3.481659e-04
      3.645452e-04
      3.816728e-04
      3.995819e-04
      4.183070e-04
      4.378844e-04
      4.583517e-04
      4.797483e-04
      5.021151e-04
      5.254949e-04
      5.499324e-04
      5.754740e-04
      6.021682e-04
      6.300656e-04
      6.592189e-04
      6.896831e-04
      7.215156e-04
      7.547761e-04
      7.895270e-04
      8.258331e-04
      8.637621e-04
      9.033848e-04
      9.447746e-04
      9.880082e-04
      1.033166e-03
      1.080330e-03
      1.129588e-03
      1.181031e-03
      1.234752e-03
      1.290851e-03
      1.349428e-03
      1.410592e-03
      1.474452e-03
      1.541126e-03
      1.610733e-03
      1.683399e-03
      1.759256e-03
      1.838439e-03
      1.921091e-03
      2.007360e-03
      2.097400e-03
      2.191371e-03
      2.289442e-03
      2.391786e-03
      2.498584e-03
      2.610026e-03
      2.726308e-03
      2.847636e-03
      2.974222e-03
      3.106290e-03
      3.244070e-03
      3.387803e-03
      3.537740e-03
      3.694143e-03
      3.857284e-03
      4.027444e-03
      4.204920e-03
      4.390018e-03
      4.583057e-03
      4.784370e-03
      4.994302e-03
      5.213215e-03
      5.441483e-03
      5.679496e-03
      5.927660e-03
      6.186398e-03
      6.456150e-03
      6.737374e-03
      7.030545e-03
      7.336161e-03
      7.654736e-03
      7.986807e-03
      8.332933e-03
      8.693696e-03
      9.069699e-03
      9.461571e-03
      9.869968e-03
      1.029557e-02
      1.073909e-02
      1.120125e-02
      1.168284e-02
      1.218463e-02
      1.270748e-02
      1.325223e-02
      1.381978e-02
      1.441107e-02
      1.502707e-02
      1.566879e-02
      1.633728e-02
      1.703364e-02
      1.775899e-02
      1.851452e-02
      1.930146e-02
      2.012108e-02
      2.097472e-02
      2.186375e-02
      2.278962e-02
      2.375382e-02
      2.475789e-02
      2.580346e-02
      2.689220e-02
      2.802587e-02
      2.920627e-02
      3.043529e-02
      3.171489e-02
      3.304712e-02
      3.443409e-02
      3.587801e-02
      3.738117e-02
      3.894595e-02
      4.057483e-02
      4.227038e-02
      4.403527e-02
      4.587228e-02
      4.778431e-02
      4.977436e-02
      5.184555e-02
      5.400113e-02
      5.624445e-02
      5.857904e-02
      6.100854e-02
      6.353672e-02
      6.616752e-02
      6.890502e-02
      7.175348e-02
      7.471731e-02
      7.780110e-02
      8.100960e-02
      8.434777e-02
      8.782076e-02
      9.143391e-02
      9.519278e-02
      9.910313e-02
      1.031710e-01
      1.074025e-01
      1.118043e-01
      1.163829e-01
      1.211454e-01
      1.260991e-01
      1.312515e-01
      1.366104e-01
      1.421840e-01
      1.479806e-01
      1.540092e-01
      1.602788e-01
      1.667988e-01
      1.735792e-01
      1.806301e-01
      1.879622e-01
      1.955865e-01
      2.035144e-01
      2.117578e-01
      2.203292e-01
      2.292413e-01
      2.385074e-01
      2.481414e-01
      2.581577e-01
      2.685712e-01
      2.793974e-01
      2.906525e-01
      3.023531e-01
      3.145165e-01
      3.271610e-01
      3.403051e-01
      3.539683e-01
      3.681708e-01
      3.829336e-01
      3.982785e-01
      4.142280e-01
      4.308057e-01
      4.480360e-01
      4.659441e-01
      4.845563e-01
      5.039000e-01
      5.240035e-01
      5.448961e-01
      5.666085e-01
      5.891724e-01
      6.126207e-01
      6.369876e-01
      6.623086e-01
      6.886205e-01
      7.159616e-01
      7.443717e-01
      7.738920e-01
      8.045653e-01
      8.364360e-01
      8.695503e-01
      9.039562e-01
      9.397032e-01
      9.768432e-01
      1.015430e+00
      1.055518e+00
      1.097166e+00
      1.140435e+00
      1.185385e+00
      1.232082e+00
      1.280592e+00
      1.330986e+00
      1.383335e+00
      1.437716e+00
      1.494204e+00
      1.552882e+00
      1.613833e+00
      1.677144e+00
      1.742905e+00
      1.811212e+00
      1.882159e+00
      1.955850e+00
      2.032388e+00
      2.111883e+00
      2.194448e+00
      2.280200e+00
      2.369260e+00
      2.461755e+00
      2.557816e+00
      2.657580e+00
      2.761187e+00
      2.868784e+00
      2.980523e+00
      3.096562e+00
      3.217066e+00
      3.342203e+00
      3.472152e+00
      3.607094e+00
      3.747220e+00
      3.892728e+00
      4.043822e+00
      4.200715e+00
      4.363627e+00
      4.532787e+00
      4.708433e+00
      4.890812e+00
      5.080178e+00
      5.276799e+00
      5.480949e+00
      5.692914e+00
      5.912991e+00
      6.141489e+00
      6.378726e+00
      6.625035e+00
      6.880759e+00
      7.146256e+00
      7.421896e+00
      7.708065e+00
      8.005161e+00
      8.313599e+00
      8.633808e+00
      8.966235e+00
      9.311343e+00
      9.669611e+00
      1.004154e+01
      1.042765e+01
      1.082846e+01
      1.124455e+01
      1.167649e+01
      1.212488e+01
      1.259034e+01
      1.307352e+01
      1.357508e+01
      1.409573e+01
      1.463619e+01
      1.519720e+01
      1.577954e+01
      1.638402e+01
      1.701148e+01
      1.766278e+01
      1.833883e+01
      1.904057e+01
      1.976895e+01
      2.052499e+01
      2.130975e+01
      2.212429e+01
      2.296974e+01
      2.384728e+01
      2.475812e+01
      2.570351e+01
      2.668477e+01
      2.770323e+01
      2.876032e+01
      2.985749e+01
      3.099625e+01
      3.217817e+01
      3.340489e+01
      3.467809e+01
      3.599954e+01
      3.737105e+01
      3.879451e+01
      4.027189e+01
      4.180522e+01
      4.339661e+01
      4.504826e+01
      4.676244e+01
      4.854152e+01
      5.038794e+01
      5.230425e+01
      5.429308e+01
      5.635718e+01
      5.849939e+01
      6.072265e+01
      6.303002e+01
      6.542468e+01
      6.790993e+01
      7.048917e+01
      7.316595e+01
      7.594393e+01
      7.882692e+01
      8.181885e+01
      8.492379e+01
      8.814595e+01
      9.148968e+01
      9.495948e+01
      9.855996e+01
      1.022959e+02
      1.061722e+02
      1.101940e+02
      1.143663e+02
      1.186945e+02
      1.231840e+02
      1.278404e+02
      1.326693e+02
      1.376765e+02
      1.428677e+02
      1.482490e+02
      1.538262e+02
      1.596054e+02
      1.655928e+02
      1.717943e+02
      1.782160e+02
      1.848641e+02
      1.917446e+02
      1.988634e+02
      2.062266e+02
      2.138398e+02
      2.217087e+02
      2.298391e+02
      2.382361e+02
      2.469050e+02
      2.558508e+02
      2.650781e+02
      2.745915e+02
      2.843951e+02
      2.944928e+02
      3.048881e+02
      3.155841e+02
      3.265836e+02
      3.378888e+02
      3.495018e+02
      3.614240e+02
      3.736563e+02
      3.861992e+02
      3.990527e+02
      4.122163e+02
      4.256888e+02
      4.394686e+02
      4.535535e+02
      4.679406e+02
      4.826266e+02
      4.976075e+02
      5.128787e+02
      5.284351e+02
      5.442709e+02
      5.603797e+02
      5.767545e+02
      5.933879e+02
      6.102716e+02
      6.273969e+02
      6.447546e+02
      6.623347e+02
      6.801270e+02
      6.981206e+02
      7.163039e+02
      7.346650e+02
      7.531917e+02
      7.718709e+02
      7.906896e+02
      8.096338e+02
      8.286896e+02
      8.478424e+02
      8.670776e+02
      8.863798e+02
      9.057338e+02
      9.251238e+02
      9.445338e+02
      9.639476e+02
      9.833490e+02
      1.002721e+03
      1.022048e+03
      1.041312e+03
      1.060496e+03
      1.079584e+03
      1.098559e+03
      1.117403e+03
      1.136099e+03
      1.154630e+03
      1.172980e+03
      1.191130e+03
      1.209065e+03
      1.226767e+03
      1.244220e+03
      1.261407e+03
      1.278311e+03
      1.294917e+03
      1.311208e+03
      1.327169e+03
      1.342783e+03
      1.358036e+03
      1.372911e+03
      1.387395e+03
      1.401472e+03
      1.415128e+03
      1.428349e+03
      1.441121e+03
      1.453432e+03
      1.465266e+03
      1.476613e+03
      1.487459e+03
      1.497793e+03
      1.507604e+03
      1.516879e+03
      1.525608e+03
      1.533781e+03
      1.541388e+03
      1.548419e+03
      1.554866e+03
      1.560721e+03
      1.565975e+03
      1.570621e+03
      1.574652e+03
      1.578062e+03
      1.580845e+03
      1.582995e+03
      1.584509e+03
      1.585381e+03
      1.585610e+03
      1.585190e+03
      1.584122e+03
      1.582401e+03
      1.580028e+03
      1.577003e+03
      1.573324e+03
      1.568994e+03
      1.564012e+03
      1.558382e+03
      1.552106e+03
      1.545188e+03
      1.537630e+03
      1.529437e+03
      1.520615e+03
      1.511169e+03
      1.501104e+03
      1.490429e+03
      1.479149e+03
      1.467273e+03
      1.454809e+03
      1.441766e+03
      1.428152e+03
      1.413977e+03
      1.399252e+03
      1.383987e+03
      1.368192e+03
      1.351879e+03
      1.335058e+03
      1.317743e+03
      1.299944e+03
      1.281674e+03
      1.262945e+03
      1.243769e+03
      1.224161e+03
      1.204131e+03
      1.183694e+03
      1.162861e+03
      1.141647e+03
      1.120064e+03
      1.098124e+03
      1.075842e+03
      1.053229e+03
      1.030298e+03
      1.007063e+03
      9.835352e+02
      9.597273e+02
      9.356515e+02
      9.113196e+02
      8.867436e+02
      8.619348e+02
      8.369047e+02
      8.116644e+02
      7.862246e+02
      7.605959e+02
      7.347888e+02
      7.088131e+02
      6.826788e+02
      6.563954e+02
      6.299721e+02
      6.034179e+02
      5.767417e+02
      5.499518e+02
      5.230566e+02
      4.960641e+02
      4.689820e+02
      4.418179e+02
      4.145792e+02
      3.872729e+02
      3.599061e+02
      3.324855e+02
      3.050176e+02
      2.775090e+02
      2.499658e+02
      2.223943e+02
      1.948005e+02
      1.671903e+02
      1.395695e+02
      1.119438e+02
      8.431886e+01
      5.670030e+01
      2.909363e+01
      1.504306e+00
     -2.606222e+01
     -5.360054e+01
     -8.110526e+01
     -1.085710e+02
     -1.359924e+02
     -1.633641e+02
     -1.906807e+02
     -2.179368e+02
     -2.451270e+02
     -2.722459e+02
     -2.992880e+02
     -3.262478e+02
     -3.531197e+02
     -3.798983e+02
     -4.065779e+02
     -4.331529e+02
     -4.596175e+02
     -4.859660e+02
     -5.121926e+02
     -5.382915e+02
     -5.642567e+02
     -5.900823e+02
     -6.157622e+02
     -6.412903e+02
     -6.666606e+02
     -6.918666e+02
     -7.169022e+02
     -7.417608e+02
     -7.664361e+02
     -7.909215e+02
     -8.152104e+02
     -8.392959e+02
     -8.631713e+02
     -8.868296e+02
     -9.102638e+02
     -9.334667e+02
     -9.564310e+02
     -9.791494e+02
     -1.001614e+03
     -1.023818e+03
     -1.045753e+03
     -1.067412e+03
     -1.088785e+03
     -1.109866e+03
     -1.130645e+03
     -1.151115e+03
     -1.171266e+03
     -1.191091e+03
     -1.210580e+03
     -1.229724e+03
     -1.248514e+03
     -1.266942e+03
     -1.284997e+03
     -1.302670e+03
     -1.319953e+03
     -1.336834e+03
     -1.353305e+03
     -1.369356e+03
     -1.384978e+03
     -1.400159e+03
     -1.414891e+03
     -1.429164e+03
     -1.442968e+03
     -1.456294e+03
     -1.469131e+03
     -1.481470e+03
     -1.493303e+03
     -1.504618e+03
     -1.515408e+03
     -1.525664e+03
     -1.535376e+03
     -1.544537e+03
     -1.553138e+03
     -1.561171e+03
     -1.568628e+03
     -1.575503e+03
     -1.581789e+03
     -1.587479e+03
     -1.592567e+03
     -1.597048e+03
     -1.600916e+03
     -1.604167e+03
     -1.606797e+03
     -1.608802e+03
     -1.610180e+03
     -1.610928e+03
     -1.611044e+03
     -1.610527e+03
     -1.609377e+03
     -1.607593e+03
     -1.605177e+03
     -1.602130e+03
     -1.598453e+03
     -1.594150e+03
     -1.589224e+03
     -1.583678e+03
     -1.577519e+03
     -1.570750e+03
     -1.563378e+03
     -1.555410e+03
     -1.546853e+03
     -1.537715e+03
     -1.528004e+03
     -1.517730e+03
     -1.506902e+03
     -1.495531e+03
     -1.483627e+03
     -1.471203e+03
     -1.458269e+03
     -1.444838e+03
     -1.430924e+03
     -1.416539e+03
     -1.401697e+03
     -1.386412e+03
     -1.370699e+03
     -1.354574e+03
     -1.338050e+03
     -1.321144e+03
     -1.303871e+03
     -1.286248e+03
     -1.268290e+03
     -1.250015e+03
     -1.231439e+03
     -1.212579e+03
     -1.193452e+03
     -1.174075e+03
     -1.154465e+03
     -1.134641e+03
     -1.114618e+03
     -1.094415e+03
     -1.074049e+03
     -1.053537e+03
     -1.032897e+03
     -1.012146e+03
     -9.913023e+02
     -9.703820e+02
     -9.494027e+02
     -9.283815e+02
     -9.073353e+02
     -8.862808e+02
     -8.652348e+02
     -8.442137e+02
     -8.232338e+02
     -8.023112e+02
     -7.814618e+02
     -7.607012e+02
     -7.400449e+02
     -7.195080e+02
     -6.991054e+02
     -6.788517e+02
     -6.587611e+02
     -6.388477e+02
     -6.191250e+02
     -5.996063e+02
     -5.803046e+02
     -5.612323e+02
     -5.424017e+02
     -5.238244e+02
     -5.055117e+02
     -4.874745e+02
     -4.697232e+02
     -4.522677e+02
     -4.351175e+02
     -4.182814e+02
     -4.017679e+02
     -3.855849e+02
     -3.697398e+02
     -3.542392e+02
     -3.390895e+02
     -3.242964e+02
     -3.098649e+02
     -2.957995e+02
     -2.821041e+02
     -2.687821e+02
     -2.558361e+02
     -2.432682e+02
     -2.310799e+02
     -2.192720e+02
     -2.078450e+02
     -1.967984e+02
     -1.861313e+02
     -1.758423e+02
     -1.659292e+02
     -1.563894e+02
     -1.472197e+02
     -1.384165e+02
     -1.299753e+02
     -1.218916e+02
     -1.141599e+02
     -1.067747e+02
     -9.972970e+01
     -9.301839e+01
     -8.663379e+01
     -8.056856e+01
     -7.481503e+01
     -6.936520e+01
     -6.421079e+01
     -5.934327e+01
     -5.475387e+01
     -5.043366e+01
     -4.637350e+01
     -4.256414e+01
     -3.899623e+01
     -3.566033e+01
     -3.254697e+01
     -2.964666e+01
     -2.694992e+01
     -2.444733e+01
     -2.212953e+01
     -1.998724e+01
     -1.801132e+01
     -1.619277e+01
     -1.452276e+01
     -1.299264e+01
     -1.159398e+01
     -1.031855e+01
     -9.158385e+00
     -8.105765e+00
     -7.153240e+00
     -6.293637e+00
     -5.520071e+00
     -4.825954e+00
     -4.204997e+00
     -3.651218e+00
     -3.158940e+00
     -2.722796e+00
     -2.337726e+00
     -1.998974e+00
     -1.702085e+00
     -1.442901e+00
     -1.217553e+00
     -1.022454e+00
     -8.542935e-01
     -7.100220e-01
     -5.868465e-01
     -4.822170e-01
     -3.938156e-01
     -3.195448e-01
     -2.575149e-01
     -2.060317e-01
     -1.635838e-01
     -1.288299e-01
     -1.005862e-01
     -7.781384e-02
     -5.960710e-02
     -4.518110e-02
     -3.386050e-02
     -2.506844e-02
     -1.831600e-02
     -1.319223e-02
     -9.354864e-03
     -6.521603e-03
     -4.462062e-03
     -2.990381e-03
     -1.958489e-03
     -1.250032e-03
     -7.749546e-04
     -4.647276e-04
     -2.681784e-04
     -1.479079e-04
     -7.724199e-05
     -3.768157e-05
     -1.680621e-05
     -6.588057e-06
     -2.069268e-06
     -3.541824e-07
      1.329800e-07
      1.729416e-07
      1.037377e-07
      4.192696e-08
      9.544315e-09
     -1.589121e-09
     -2.956280e-09
     -1.651334e-09
     -4.899827e-10
      1.461957e-11
      1.055888e-10
      6.065632e-11
      1.455550e-11
     -3.832205e-12
     -5.039117e-12
     -1.917258e-12
      3.065524e-14
      4.007561e-13
      1.824253e-13
      1.994658e-15
     -3.513075e-14
     -1.454071e-14
      1.236691e-15
      3.207968e-15
      8.513512e-16
     -3.217744e-16
     -2.502056e-16
     -1.218058e-17
      4.075236e-17
      1.198037e-17
     -4.206531e-18
     -2.876368e-18
      1.301566e-19
      4.854478e-19
      5.967144e-20
     -6.611820e-20
     -1.827836e-20
      7.537232e-21
      3.553285e-21
     -7.066289e-22
     -5.697694e-22
      4.761572e-23
      8.149692e-23
     -2.837133e-25
     -1.080482e-23
     -6.774974e-25
      1.363964e-24
      1.716757e-25
     -1.686898e-25
     -3.219964e-26
      2.126028e-26
      5.334807e-27
     -2.861787e-27
     -8.029730e-28
      4.218382e-28
      1.062788e-28
     -6.615420e-29
     -1.110654e-29
      1.029549e-29
      5.645576e-31
     -1.473875e-30
      1.043975e-31
      1.798194e-31
     -3.916252e-32
     -1.662476e-32
      7.440572e-33
      7.574772e-34
     -9.945080e-34
      8.589179e-35
      9.485133e-35
     -2.566409e-35
     -5.613933e-36
      3.576007e-36
      1.880183e-38
     -3.765818e-37
      5.155831e-38
      3.651671e-38
     -1.245946e-38
     -2.540509e-39
      2.323854e-39
     -2.424422e-40
     -2.578901e-40
      1.131221e-40
     -1.947274e-42
     -1.424612e-41
      5.227225e-42
     -9.063520e-44
     -6.041573e-43
      2.354654e-43
     -1.871180e-44
     -1.956056e-44
      9.637079e-45
     -1.640394e-45
     -3.772563e-46
      3.203752e-46
     -8.966265e-47
      4.080475e-48
      7.134418e-48
     -3.298116e-48
      6.773286e-49
      2.656432e-50
     -7.244137e-50
      2.769317e-50
     -5.238723e-51
     -1.479765e-52
      4.809096e-52
     -1.817125e-52
      3.611168e-53
     -1.302679e-54
     -1.644203e-54
      4.430951e-55
      8.404236e-56
     -1.189655e-55
      5.871990e-56
     -1.973002e-56
      4.799610e-57
     -6.998994e-58
     -5.427768e-59
      8.228620e-59
     -3.482459e-59
      9.956516e-60
     -1.907454e-60
      7.171427e-62
      1.439176e-61
     -8.736608e-62
      3.583403e-62
     -1.230178e-62
      3.773051e-63
     -1.065160e-63
      2.814232e-64
     -7.032063e-65
      1.673789e-65
     -3.814828e-66
      8.358319e-67
     -1.765932e-67
      3.606760e-68
     -7.135620e-69
      1.369784e-69
     -2.555032e-70
      4.636491e-71
     -8.193671e-72
      1.411385e-72
     -2.371455e-73
      3.889201e-74
     -6.228857e-75
      9.746304e-76
     -1.490361e-76
      2.227678e-77
     -3.255089e-78
      4.649496e-79
     -6.490807e-80
      8.852738e-81
     -1.178897e-81
      1.531407e-82
     -1.937897e-83
      2.384152e-84
     -2.843341e-85
      3.272573e-86
     -3.609640e-87
      3.770373e-88
     -3.647083e-89
      3.108587e-90
     -2.002286e-91
      1.586568e-93
      2.601673e-93
     -6.458300e-94
      1.157920e-94
     -1.810730e-95
      2.614636e-96
     -3.574723e-97
      4.689584e-98
     -5.950404e-99
     7.340452e-100
    -8.835067e-101
     1.040218e-101
    -1.200338e-102
     1.359549e-103
    -1.513258e-104
     1.656818e-105
    -1.785769e-106
     1.896073e-107
    -1.984318e-108
     2.047899e-109
    -2.085134e-110
     2.095334e-111
    -2.078806e-112
     2.036803e-113
    -1.971417e-114
     1.885437e-115
    -1.782177e-116
     1.665280e-117
    -1.538538e-118
     1.405704e-119
    -1.270338e-120
     1.135679e-121
    -1.004545e-122
     8.792734e-124
    -7.616916e-125
     6.531189e-126
    -5.543929e-127
     4.659160e-128
    -3.877147e-129
     3.195065e-130
    -2.607691e-131
     2.108077e-132
    -1.688161e-133
     1.339308e-134
    -1.052752e-135
     8.199571e-137
    -6.328682e-138
     4.840944e-139
    -3.670098e-140
     2.757984e-141
    -2.054503e-142
     1.517248e-143
    -1.110899e-144
     8.064781e-146
    -5.805541e-147
     4.144345e-148
    -2.934018e-149
     2.060122e-150
    -1.434749e-151
     9.911531e-153
    -6.792275e-154
     4.617719e-155
    -3.114617e-156
     2.084364e-157
    -1.384078e-158
     9.119928e-160
    -5.963369e-161
     3.869781e-162
    -2.492297e-163
     1.593149e-164
    -1.010833e-165
     6.366381e-167
    -3.980324e-168
     2.470468e-169
    -1.522288e-170
     9.313078e-172
    -5.657037e-173
     3.411969e-174
    -2.043438e-175
     1.215285e-176
    -7.177517e-178
     4.209871e-179
    -2.452338e-180
     1.418818e-181
    -8.153155e-183
     4.653657e-184
    -2.638454e-185
     1.485961e-186
    -8.313502e-188
     4.620561e-189
    -2.551259e-190
     1.399517e-191
    -7.627455e-193
     4.130218e-194
    -2.222141e-195
     1.187923e-196
    -6.310096e-198
     3.330633e-199
    -1.746918e-200
     9.105101e-202
    -4.716011e-203
     2.427468e-204
    -1.241741e-205
     6.312745e-207
    -3.189515e-208
     1.601621e-209
    -7.993431e-211
     3.965098e-212
    -1.954928e-213
     9.580146e-215
    -4.666449e-216
     2.259343e-217
    -1.087343e-218
     5.201733e-220
    -2.473624e-221
     1.169313e-222
    -5.494739e-224
     2.566782e-225
    -1.191965e-226
     5.502726e-228
    -2.525447e-229
     1.152262e-230
    -5.226650e-232
     2.357008e-233
    -1.056745e-234
     4.710395e-236
    -2.087508e-237
     9.197908e-239
    -4.029449e-240
     1.755109e-241
    -7.600988e-243
     3.273026e-244
    -1.401354e-245
     5.965834e-247
    -2.525370e-248
     1.062955e-249
    -4.448842e-251
     1.851511e-252
    -7.662291e-254
     3.153187e-255
    -1.290342e-256
     5.250852e-258
    -2.124859e-259
     8.550886e-261
    -3.421989e-262
     1.361877e-263
    -5.390074e-265
     2.121556e-266
    -8.304676e-268
     3.232994e-269
    -1.251719e-270
     4.819850e-272
    -1.845827e-273
     7.030470e-275
    -2.663296e-276
     1.003464e-277
    -3.760424e-279
     1.401619e-280
    -5.196216e-282
     1.916080e-283
    -7.027727e-285
     2.563874e-286
    -9.303887e-288
     3.358333e-289
    -1.205814e-290
     4.306649e-292
    -1.530055e-293
     5.407398e-295
    -1.901031e-296
     6.648367e-298
    -2.312978e-299
     8.005052e-301
    -2.756123e-302
     9.440187e-304
    -3.216737e-305
     1.090459e-306
    -3.677622e-308
     1.233942e-309
    -4.119061e-311
     1.367993e-312
    -4.523594e-314
     1.487692e-315
    -2.016200e-317
     8.660971e-320
    -3.656086e-322
     -0.000000e+00
     -0.000000e+00
     -0.000000e+00
     -0.000000e+00
     -0.000000e+00
     -0.000000e+00
     -0.000000e+00
     -0.000000e+00
     -0.000000e+00
     -0.000000e+00
     -0.000000e+00
     -0.000000e+00
     -0.000000e+00
     -0.000000e+00
     -0.000000e+00
     -0.000000e+00
     -0.000000e+00
     -0.000000e+00
     -0.000000e+00
     -0.000000e+00
     -0.000000e+00
     -0.000000e+00
     -0.000000e+00
     -0.000000e+00
     -0.000000e+00
     -0.000000e+00
     -0.000000e+00
     -0.000000e+00
     -0.000000e+00
     -0.000000e+00
     -0.000000e+00
     -0.000000e+00
     -0.000000e+00
     -0.000000e+00
     -0.000000e+00
     -0.000000e+00
     -0.000000e+00
     -0.000000e+00
     -0.000000e+00
     -0.000000e+00
     -0.000000e+00
     -0.000000e+00
     -0.000000e+00
     -0.000000e+00
     -0.000000e+00
     -0.000000e+00
     -0.000000e+00
     -0.000000e+00
     -0.000000e+00
     -0.000000e+00
     -0.000000e+00
     -0.000000e+00
     -0.000000e+00
     -0.000000e+00
     -0.000000e+00
     -0.000000e+00
     -0.000000e+00
     -0.000000e+00
     -0.000000e+00
     -0.000000e+00
     -0.000000e+00
     -0.000000e+00
     -0.000000e+00
     -0.000000e+00
     -0.000000e+00
     -0.000000e+00
     -0.000000e+00
     -0.000000e+00
     -0.000000e+00
     -0.000000e+00
     -0.000000e+00
     -0.000000e+00
     -0.000000e+00
     -0.000000e+00
     -0.000000e+00
     -0.000000e+00
     -0.000000e+00
     -0.000000e+00
     -0.000000e+00
     -0.000000e+00
     -0.000000e+00
     -0.000000e+00
     -0.000000e+00
     -0.000000e+00
     -0.000000e+00
     -0.000000e+00
     -0.000000e+00
     -0.000000e+00
     -0.000000e+00
     -0.000000e+00
     -0.000000e+00
     -0.000000e+00
     -0.000000e+00
     -0.000000e+00
     -0.000000e+00
     -0.000000e+00
     -0.000000e+00
     -0.000000e+00
     -0.000000e+00
     -0.000000e+00
     -0.000000e+00
     -0.000000e+00
     -0.000000e+00
     -0.000000e+00
     -0.000000e+00
     -0.000000e+00
     -0.000000e+00
     -0.000000e+00
     -0.000000e+00
     -0.000000e+00
     -0.000000e+00
     -0.000000e+00
     -0.000000e+00
     -0.000000e+00
     -0.000000e+00
     -0.000000e+00
     -0.000000e+00
     -0.000000e+00
     -0.000000e+00
     -0.000000e+00
     -0.000000e+00
     -0.000000e+00
     -0.000000e+00
     -0.000000e+00
     -0.000000e+00
     -0.000000e+00
     -0.000000e+00
     -0.000000e+00
     -0.000000e+00
     -0.000000e+00
     -0.000000e+00
     -0.000000e+00
     -0.000000e+00
     -0.000000e+00
     -0.000000e+00
     -0.000000e+00
     -0.000000e+00
     -0.000000e+00
     -0.000000e+00
     -0.000000e+00
     -0.000000e+00
     -0.000000e+00
     -0.000000e+00
     -0.000000e+00
     -0.000000e+00
     -0.000000e+00
     -0.000000e+00
     -0.000000e+00
     -0.000000e+00
     -0.000000e+00
     -0.000000e+00
     -0.000000e+00
     -0.000000e+00
     -0.000000e+00
     -0.000000e+00
     -0.000000e+00
     -0.000000e+00
     -0.000000e+00
     -0.000000e+00
     -0.000000e+00
     -0.000000e+00
     -0.000000e+00
     -0.000000e+00
     -0.000000e+00
     -0.000000e+00
     -0.000000e+00
     -0.000000e+00
     -0.000000e+00
     -0.000000e+00
     -0.000000e+00
     -0.000000e+00
     -0.000000e+00
     -0.000000e+00
     -0.000000e+00
     -0.000000e+00
     -0.000000e+00
     -0.000000e+00
     -0.000000e+00
     -0.000000e+00
     -0.000000e+00
     -0.000000e+00
     -0.000000e+00
     -0.000000e+00
     -0.000000e+00
     -0.000000e+00
     -0.000000e+00
     -0.000000e+00
     -0.000000e+00
     -0.000000e+00
     -0.000000e+00
     -0.000000e+00
     -0.000000e+00
     -0.000000e+00
     -0.000000e+00
     -0.000000e+00
     -0.000000e+00
     -0.000000e+00
     -0.000000e+00
     -0.000000e+00
     -0.000000e+00
     -0.000000e+00
     -0.000000e+00
     -0.000000e+00
     -0.000000e+00
     -0.000000e+00
     -0.000000e+00
     -0.000000e+00
     -0.000000e+00
     -0.000000e+00
     -0.000000e+00
     -0.000000e+00
     -0.000000e+00
     -0.000000e+00
     -0.000000e+00
     -0.000000e+00
     -0.000000e+00
     -0.000000e+00
     -0.000000e+00
     -0.000000e+00
     -0.000000e+00
     -0.000000e+00
     -0.000000e+00
     -0.000000e+00
     -0.000000e+00
     -0.000000e+00
     -0.000000e+00
     -0.000000e+00
     -0.000000e+00
     -0.000000e+00
     -0.000000e+00
     -0.000000e+00
     -0.000000e+00
     -0.000000e+00
     -0.000000e+00
     -0.000000e+00
     -0.000000e+00
     -0.000000e+00
     -0.000000e+00
     -0.000000e+00
     -0.000000e+00
     -0.000000e+00
     -0.000000e+00
     -0.000000e+00
     -0.000000e+00
     -0.000000e+00
     -0.000000e+00
     -0.000000e+00
     -0.000000e+00
     -0.000000e+00
     -0.000000e+00
     -0.000000e+00
     -0.000000e+00
     -0.000000e+00
     -0.000000e+00
     -0.000000e+00
     -0.000000e+00
     -0.000000e+00
     -0.000000e+00
     -0.000000e+00
     -0.000000e+00
     -0.000000e+00
     -0.000000e+00
     -0.000000e+00
     -0.000000e+00
     -0.000000e+00
     -0.000000e+00
     -0.000000e+00
     -0.000000e+00
     -0.000000e+00
     -0.000000e+00
     -0.000000e+00
     -0.000000e+00
     -0.000000e+00
     -0.000000e+00
     -0.000000e+00
     -0.000000e+00
     -0.000000e+00
     -0.000000e+00
     -0.000000e+00
     -0.000000e+00
     -0.000000e+00
     -0.000000e+00
     -0.000000e+00
     -0.000000e+00
     -0.000000e+00
     -0.000000e+00
     -0.000000e+00
     -0.000000e+00
     -0.000000e+00
     -0.000000e+00
     -0.000000e+00
     -0.000000e+00
     -0.000000e+00
     -0.000000e+00
     -0.000000e+00
     -0.000000e+00
     -0.000000e+00
     -0.000000e+00
     -0.000000e+00
     -0.000000e+00
     -0.000000e+00
     -0.000000e+00
     -0.000000e+00
     -0.000000e+00
     -0.000000e+00
     -0.000000e+00
     -0.000000e+00
     -0.000000e+00
     -0.000000e+00
     -0.000000e+00
     -0.000000e+00
     -0.000000e+00
     -0.000000e+00
     -0.000000e+00
     -0.000000e+00
     -0.000000e+00
     -0.000000e+00
     -0.000000e+00
     -0.000000e+00
     -0.000000e+00
     -0.000000e+00
     -0.000000e+00
     -0.000000e+00
     -0.000000e+00
     -0.000000e+00
     -0.000000e+00
     -0.000000e+00
     -0.000000e+00
     -0.000000e+00
     -0.000000e+00
     -0.000000e+00
     -0.000000e+00
     -0.000000e+00
     -0.000000e+00
     -0.000000e+00
     -0.000000e+00
     -0.000000e+00
     -0.000000e+00
     -0.000000e+00
     -0.000000e+00
     -0.000000e+00
     -0.000000e+00
     -0.000000e+00
     -0.000000e+00
     -0.000000e+00
     -0.000000e+00
     -0.000000e+00
     -0.000000e+00
     -0.000000e+00
     -0.000000e+00
     -0.000000e+00
     -0.000000e+00
     -0.000000e+00
     -0.000000e+00
     -0.000000e+00
     -0.000000e+00
     -0.000000e+00
     -0.000000e+00
     -0.000000e+00
     -0.000000e+00
     -0.000000e+00
     -0.000000e+00
     -0.000000e+00
     -0.000000e+00
     -0.000000e+00
     -0.000000e+00
     -0.000000e+00
     -0.000000e+00
     -0.000000e+00
     -0.000000e+00
     -0.000000e+00
     -0.000000e+00
     -0.000000e+00
     -0.000000e+00
     -0.000000e+00
     -0.000000e+00
     -0.000000e+00
     -0.000000e+00
     -0.000000e+00
     -0.000000e+00
     -0.000000e+00
     -0.000000e+00
     -0.000000e+00
     -0.000000e+00
     -0.000000e+00
     -0.000000e+00
     -0.000000e+00
     -0.000000e+00
     -0.000000e+00
     -0.000000e+00
     -0.000000e+00
     -0.000000e+00
     -0.000000e+00
      0.000000e+00
      0.000000e+00
