      0.000000e+00
      0.000000e+00
     -8.108629e-17
     -5.374907e-16
     -9.152078e-16
     -8.322785e-16
     -5.500496e-17
      1.277033e-15
      2.663899e-15
      3.516281e-15
      3.470232e-15
      2.482046e-15
      6.943687e-16
     -1.667675e-15
     -4.212343e-15
     -6.315503e-15
     -7.356653e-15
     -7.136580e-15
     -6.054460e-15
     -4.962366e-15
     -5.115449e-15
     -8.350305e-15
     -1.675611e-14
     -3.115104e-14
     -4.929049e-14
     -6.610084e-14
     -7.689136e-14
     -8.096444e-14
     -8.134780e-14
     -7.968465e-14
     -7.127036e-14
     -4.710849e-14
     -3.813950e-15
      4.708244e-14
      8.135416e-14
      7.762830e-14
      3.467967e-14
     -2.505971e-14
     -7.006826e-14
     -8.018235e-14
     -5.557714e-14
     -8.777564e-15
      4.916846e-14
      1.132424e-13
      1.769745e-13
      2.247099e-13
      2.359906e-13
      2.007863e-13
      1.316259e-13
      6.015776e-14
      1.888569e-14
      2.060405e-14
      4.933239e-14
      6.892533e-14
      4.522244e-14
     -3.083785e-14
     -1.344950e-13
     -2.212785e-13
     -2.569322e-13
     -2.424607e-13
     -2.143104e-13
     -2.170124e-13
     -2.675606e-13
     -3.400662e-13
     -3.860572e-13
     -3.768430e-13
     -3.320451e-13
     -3.057110e-13
     -3.379710e-13
     -4.142747e-13
     -4.704219e-13
     -4.406327e-13
     -3.081206e-13
     -1.191501e-13
      4.489292e-14
      1.138442e-13
      6.583917e-14
     -6.202016e-14
     -1.948292e-13
     -2.631327e-13
     -2.410017e-13
     -1.517288e-13
     -4.282126e-14
      3.896186e-14
      5.228263e-14
     -3.576604e-14
     -2.217555e-13
     -4.325944e-13
     -5.441122e-13
     -4.678382e-13
     -2.337734e-13
      2.531087e-14
      1.894567e-13
      2.559394e-13
      3.236078e-13
      4.714153e-13
      6.566061e-13
      7.387859e-13
      6.106609e-13
      3.127530e-13
      2.298214e-14
     -7.637043e-14
      5.697213e-14
      2.933761e-13
      4.394556e-13
      3.913208e-13
      2.013205e-13
      1.242461e-14
     -6.280287e-14
     -5.950224e-15
      1.344524e-13
      2.991965e-13
      4.355316e-13
      4.808104e-13
      3.701734e-13
      9.174081e-14
     -2.610099e-13
     -5.112148e-13
     -5.046517e-13
     -2.241439e-13
      1.869119e-13
      5.221692e-13
      6.548027e-13
      6.040544e-13
      4.749508e-13
      3.427211e-13
      2.011069e-13
      1.371410e-14
     -2.075622e-13
     -3.906916e-13
     -4.623117e-13
     -4.032836e-13
     -2.485480e-13
     -5.109425e-14
      1.453597e-13
      3.133605e-13
      4.401757e-13
      5.176860e-13
      5.220744e-13
      4.099112e-13
      1.608634e-13
     -1.597624e-13
     -3.974823e-13
     -4.015010e-13
     -1.442786e-13
      2.460985e-13
      5.736281e-13
      7.004030e-13
      6.094050e-13
      3.827886e-13
      1.457227e-13
      1.705222e-14
      6.497024e-14
      2.653151e-13
      4.953950e-13
      5.955845e-13
      4.712262e-13
      1.563110e-13
     -2.127304e-13
     -4.845895e-13
     -5.686346e-13
     -4.561403e-13
     -2.014142e-13
      1.057726e-13
      3.658460e-13
      4.962614e-13
      4.551944e-13
      2.547157e-13
     -3.550785e-14
     -2.978503e-13
     -4.105572e-13
     -3.297407e-13
     -1.514336e-13
     -6.736404e-14
     -2.109239e-13
     -5.223672e-13
     -7.810838e-13
     -7.981108e-13
     -5.866519e-13
     -3.368001e-13
     -2.205331e-13
     -2.306927e-13
     -2.171440e-13
     -6.887229e-14
      1.622390e-13
      3.266814e-13
      3.488246e-13
      3.080108e-13
      3.415538e-13
      4.830956e-13
      6.147616e-13
      5.793125e-13
      3.317274e-13
     -1.325462e-14
     -2.655366e-13
     -2.930680e-13
     -1.069838e-13
      1.477026e-13
      2.860590e-13
      2.060834e-13
     -4.295330e-14
     -3.022941e-13
     -4.235774e-13
     -3.650801e-13
     -1.912341e-13
      5.972999e-16
      1.466934e-13
      2.323906e-13
      2.728936e-13
      2.897725e-13
      2.913886e-13
      2.600844e-13
      1.616730e-13
     -1.763660e-14
     -2.376393e-13
     -4.148940e-13
     -4.766811e-13
     -4.081777e-13
     -2.487173e-13
     -4.809649e-14
      1.667069e-13
      3.825401e-13
      5.670576e-13
      6.567801e-13
      5.917410e-13
      3.756907e-13
      1.048501e-13
     -8.176347e-14
     -1.108051e-13
     -4.631257e-14
     -3.408888e-14
     -1.470454e-13
     -2.863416e-13
     -2.666949e-13
     -2.218703e-14
      2.879358e-13
      4.116421e-13
      2.507546e-13
     -4.792253e-14
     -2.640547e-13
     -3.431060e-13
     -4.264048e-13
     -6.441228e-13
     -9.292795e-13
     -1.079952e-12
     -9.854346e-13
     -7.332003e-13
     -4.778817e-13
     -2.623999e-13
     -3.013608e-14
      2.032243e-13
      2.756538e-13
      3.854056e-14
     -4.270930e-13
     -8.132846e-13
     -8.359589e-13
     -4.777293e-13
      1.807603e-14
      3.675410e-13
      4.467547e-13
      3.166350e-13
      1.231522e-13
      4.547006e-15
      4.938270e-14
      2.654628e-13
      5.530583e-13
      7.384227e-13
      6.861228e-13
      4.046533e-13
      3.809679e-14
     -2.541207e-13
     -4.117109e-13
     -4.780609e-13
     -5.121771e-13
     -5.152079e-13
     -4.469137e-13
     -3.010971e-13
     -1.449135e-13
     -6.945377e-14
     -1.011595e-13
     -1.743117e-13
     -2.023329e-13
     -1.732672e-13
     -1.614135e-13
     -2.376522e-13
     -3.752120e-13
     -4.558440e-13
     -3.769680e-13
     -1.582539e-13
      5.411219e-14
      9.523523e-14
     -8.683023e-14
     -3.872396e-13
     -6.273691e-13
     -6.911591e-13
     -5.933526e-13
     -4.312495e-13
     -2.923635e-13
     -2.201656e-13
     -2.453535e-13
     -3.981991e-13
     -6.558065e-13
     -8.965059e-13
     -9.611623e-13
     -7.966736e-13
     -5.278359e-13
     -3.496706e-13
     -3.290519e-13
     -3.295071e-13
     -1.611894e-13
      1.894010e-13
      5.032373e-13
      5.277235e-13
      2.339333e-13
     -1.405659e-13
     -3.141671e-13
     -2.197054e-13
     -3.848177e-14
      6.931739e-15
     -1.259921e-13
     -2.817405e-13
     -2.850764e-13
     -1.208942e-13
      5.634800e-14
      7.789862e-14
     -7.635181e-14
     -2.636034e-13
     -3.266008e-13
     -2.576729e-13
     -2.040019e-13
     -2.980549e-13
     -4.966666e-13
     -6.210990e-13
     -5.650260e-13
     -4.288392e-13
     -4.124248e-13
     -5.818642e-13
     -7.750450e-13
     -7.494521e-13
     -4.109335e-13
      9.867394e-14
      5.092848e-13
      6.085997e-13
      3.689427e-13
     -4.613524e-14
     -3.863563e-13
     -4.718107e-13
     -3.068737e-13
     -6.971162e-14
      3.715213e-14
      1.564649e-14
      1.161464e-13
      2.071381e-13
     -8.046210e-13
     -1.953625e-12
      5.192600e-12
      2.205255e-11
     -6.819095e-12
     -1.655890e-10
     -2.225580e-10
      7.388774e-10
      2.935168e-09
      1.208474e-09
     -1.659093e-08
     -4.766999e-08
     -1.563315e-08
      2.588856e-07
      8.401471e-07
      9.443142e-07
     -2.121801e-06
     -1.279507e-05
     -3.207541e-05
     -4.131644e-05
      3.182508e-05
      3.705164e-04
      1.350862e-03
      3.648151e-03
      8.366840e-03
      1.719850e-02
      3.261885e-02
      5.814010e-02
      9.863459e-02
      1.607384e-01
      2.533316e-01
      3.880769e-01
      5.799906e-01
      8.480074e-01
      1.215505e+00
      1.710753e+00
      2.367250e+00
      3.223932e+00
      4.325216e+00
      5.720874e+00
      7.465719e+00
      9.619097e+00
      1.224420e+01
      1.540717e+01
      1.917608e+01
      2.361971e+01
      2.880627e+01
      3.480194e+01
      4.166947e+01
      4.946662e+01
      5.824475e+01
      6.804738e+01
      7.890883e+01
      9.085305e+01
      1.038925e+02
      1.180274e+02
      1.332449e+02
      1.495184e+02
      1.668079e+02
      1.850591e+02
      2.042043e+02
      2.241623e+02
      2.448389e+02
      2.661278e+02
      2.879112e+02
      3.100608e+02
      3.324387e+02
      3.548988e+02
      3.772871e+02
      3.994435e+02
      4.212026e+02
      4.423945e+02
      4.628462e+02
      4.823821e+02
      5.008252e+02
      5.179976e+02
      5.337219e+02
      5.478213e+02
      5.601206e+02
      5.704474e+02
      5.786324e+02
      5.845106e+02
      5.879223e+02
      5.887139e+02
      5.867396e+02
      5.818622e+02
      5.739550e+02
      5.629032e+02
      5.486057e+02
      5.309769e+02
      5.099489e+02
      4.854734e+02
      4.575241e+02
      4.260985e+02
      3.912206e+02
      3.529428e+02
      3.113481e+02
      2.665523e+02
      2.187057e+02
      1.679951e+02
      1.146453e+02
      5.892026e+01
      1.124553e+00
     -5.839624e+01
     -1.192549e+02
     -1.810228e+02
     -2.432299e+02
     -3.053663e+02
     -3.668837e+02
     -4.271977e+02
     -4.856916e+02
     -5.417203e+02
     -5.946168e+02
     -6.436994e+02
     -6.882812e+02
     -7.276817e+02
     -7.612412e+02
     -7.883381e+02
     -8.084085e+02
     -8.209698e+02
     -8.256469e+02
     -8.221998e+02
     -8.105531e+02
     -7.908243e+02
     -7.633488e+02
     -7.286981e+02
     -6.876875e+02
     -6.413691e+02
     -5.910065e+02
     -5.380287e+02
     -4.839640e+02
     -4.303568e+02
     -3.786751e+02
     -3.302206e+02
     -2.860525e+02
     -2.469372e+02
     -2.133317e+02
     -1.854009e+02
     -1.630632e+02
     -1.460530e+02
     -1.339871e+02
     -1.264243e+02
     -1.229097e+02
     -1.230048e+02
     -1.263018e+02
     -1.324300e+02
     -1.410545e+02
     -1.518740e+02
     -1.646162e+02
     -1.790336e+02
     -1.949000e+02
     -2.120069e+02
     -2.301600e+02
     -2.491772e+02
     -2.688859e+02
     -2.891208e+02
     -3.097222e+02
     -3.305350e+02
     -3.514063e+02
     -3.721855e+02
     -3.927223e+02
     -4.128671e+02
     -4.324697e+02
     -4.513797e+02
     -4.694465e+02
     -4.865193e+02
     -5.024480e+02
     -5.170837e+02
     -5.302796e+02
     -5.418924e+02
     -5.517832e+02
     -5.598189e+02
     -5.658739e+02
     -5.698311e+02
     -5.715840e+02
     -5.710371e+02
     -5.681081e+02
     -5.627289e+02
     -5.548462e+02
     -5.444230e+02
     -5.314387e+02
     -5.158901e+02
     -4.977913e+02
     -4.771739e+02
     -4.540869e+02
     -4.285963e+02
     -4.007845e+02
     -3.707496e+02
     -3.386050e+02
     -3.044778e+02
     -2.685085e+02
     -2.308496e+02
     -1.916647e+02
     -1.511273e+02
     -1.094201e+02
     -6.673381e+01
     -2.326638e+01
      2.077786e+01
      6.518891e+01
      1.097519e+02
      1.542474e+02
      1.984527e+02
      2.421416e+02
      2.850856e+02
      3.270542e+02
      3.678157e+02
      4.071382e+02
      4.447903e+02
      4.805421e+02
      5.141666e+02
      5.454410e+02
      5.741485e+02
      6.000799e+02
      6.230358e+02
      6.428289e+02
      6.592864e+02
      6.722527e+02
      6.815922e+02
      6.871927e+02
      6.889683e+02
      6.868626e+02
      6.808526e+02
      6.709517e+02
      6.572132e+02
      6.397338e+02
      6.186566e+02
      5.941740e+02
      5.665299e+02
      5.360215e+02
      5.029999e+02
      4.678696e+02
      4.310860e+02
      3.931515e+02
      3.546079e+02
      3.160270e+02
      2.779966e+02
      2.411041e+02
      2.059155e+02
      1.729524e+02
      1.426668e+02
      1.154172e+02
      9.144658e+01
      7.086729e+01
      5.365491e+01
      3.965349e+01
      2.859297e+01
      2.011764e+01
      1.382170e+01
      9.286948e+00
      6.116584e+00
      3.960536e+00
      2.529710e+00
      1.599363e+00
      1.004032e+00
      6.275130e-01
      3.913072e-01
      2.439323e-01
      1.523193e-01
      9.550796e-02
      6.032121e-02
      3.851718e-02
      2.496152e-02
      1.647062e-02
      1.108406e-02
      7.606276e-03
      5.315350e-03
      3.777106e-03
      2.727744e-03
      2.002488e-03
      1.494690e-03
      1.133613e-03
      8.722371e-04
      6.796945e-04
      5.358097e-04
      4.270982e-04
      3.441473e-04
      2.801610e-04
      2.302135e-04
      1.907821e-04
      1.593558e-04
      1.341071e-04
      1.136644e-04
      9.698084e-05
      8.325856e-05
      7.189110e-05
      6.241373e-05
      5.446449e-05
      4.775786e-05
      4.206762e-05
      3.721401e-05
      3.305340e-05
      2.947002e-05
      2.636985e-05
      2.367615e-05
      2.132602e-05
      1.926763e-05
      1.745802e-05
      1.586144e-05
      1.444799e-05
      1.319254e-05
      1.207391e-05
      1.107416e-05
      1.017804e-05
      9.372548e-06
      8.646528e-06
      7.990412e-06
      7.395946e-06
      6.855991e-06
      6.364357e-06
      5.915656e-06
      5.505188e-06
      5.128843e-06
      4.783013e-06
      4.464526e-06
      4.170587e-06
      3.898723e-06
      3.646748e-06
      3.412720e-06
      3.194912e-06
      2.991785e-06
      2.801969e-06
      2.624236e-06
      2.457488e-06
      2.300744e-06
      2.153123e-06
      2.013835e-06
      1.882173e-06
      1.757504e-06
      1.639263e-06
      1.526945e-06
      1.420104e-06
      1.318344e-06
      1.221319e-06
      1.128729e-06
      1.040318e-06
      9.558729e-07
      8.752178e-07
      7.982171e-07
      7.247716e-07
      6.548168e-07
      5.883214e-07
      5.252850e-07
      4.657346e-07
      4.097208e-07
      3.573125e-07
      3.085908e-07
      2.636407e-07
      2.225412e-07
      1.853546e-07
      1.521147e-07
      1.228152e-07
      9.739812e-08
      7.574382e-08
      5.766580e-08
      4.291061e-08
      3.116391e-08
      2.206264e-08
      1.521336e-08
      1.021489e-08
      6.681487e-09
      4.262971e-09
      2.659042e-09
      1.626487e-09
      9.793009e-10
      5.828710e-10
      3.445178e-10
      2.032125e-10
      1.203039e-10
      7.191475e-11
      4.348564e-11
      2.645188e-11
      1.609966e-11
      9.863798e-12
      6.223613e-12
      4.210168e-12
      3.097333e-12
      2.287442e-12
      1.525823e-12
      9.463287e-13
      6.558606e-13
      4.737526e-13
      2.409057e-13
      8.999442e-14
      1.728460e-13
      3.626542e-13
      4.324695e-13
      3.347863e-13
      1.472226e-13
     -1.028624e-13
     -3.933996e-13
     -5.786385e-13
     -4.887472e-13
     -1.630627e-13
      1.457269e-13
      2.441346e-13
      1.875114e-13
      1.442787e-13
      1.719467e-13
      2.168495e-13
      2.295673e-13
      1.895420e-13
      1.215490e-13
      1.213926e-13
      2.325305e-13
      3.201967e-13
      2.316328e-13
      3.746401e-14
     -7.419520e-14
     -1.001263e-13
     -1.817701e-13
     -2.858922e-13
     -2.194027e-13
      2.181298e-14
      2.037865e-13
      1.681764e-13
     -2.004408e-14
     -2.018254e-13
     -2.457801e-13
     -1.138400e-13
      7.686531e-14
      1.361779e-13
      3.650896e-14
     -2.796362e-14
      7.731918e-14
      1.890769e-13
      3.402574e-14
     -4.017046e-13
     -8.182767e-13
     -9.054136e-13
     -6.359100e-13
     -2.654965e-13
     -7.561796e-14
     -1.350689e-13
     -3.072932e-13
     -4.292006e-13
     -4.388611e-13
     -3.802021e-13
     -3.311325e-13
     -3.054787e-13
     -2.385859e-13
     -1.180297e-13
     -7.639864e-14
     -2.507449e-13
     -5.708932e-13
     -7.855906e-13
     -6.990003e-13
     -3.148587e-13
      2.290827e-13
      5.120470e-13
      4.973401e-13
      2.227866e-13
      8.522889e-14
      2.251833e-13
      3.249826e-13
      7.730644e-14
     -3.605048e-13
     -5.646428e-13
     -3.644363e-13
      1.473728e-14
      2.539248e-13
      2.536437e-13
      1.675546e-13
      1.885189e-13
      3.374612e-13
      5.012124e-13
      6.277045e-13
      7.601915e-13
      8.808532e-13
      8.531167e-13
      5.901740e-13
      2.321591e-13
      5.037084e-14
      1.103725e-13
      1.411990e-13
     -7.850153e-14
     -3.072994e-13
     -1.243303e-13
      4.180873e-13
      7.972746e-13
      6.912641e-13
      3.071688e-13
      2.733772e-14
      3.284651e-14
      3.029620e-13
      7.095589e-13
      9.996470e-13
      8.893583e-13
      3.849822e-13
     -9.765093e-14
     -1.862161e-13
     -3.693756e-14
     -5.550785e-14
     -2.536641e-13
     -3.088953e-13
     -1.534473e-13
     -8.053232e-15
      7.707290e-14
      2.072926e-13
      2.564119e-13
     -5.909786e-15
     -4.272190e-13
     -5.258371e-13
     -7.270966e-14
      6.022258e-13
      9.171085e-13
      6.100514e-13
     -8.485890e-15
     -4.717269e-13
     -7.348904e-13
     -9.880086e-13
     -9.917707e-13
     -2.512421e-13
      1.053475e-12
      1.998264e-12
      2.006403e-12
      1.483199e-12
      1.152282e-12
      1.208978e-12
      1.492271e-12
      2.210388e-12
      3.906100e-12
      6.761700e-12
      1.073082e-11
      1.661400e-11
      2.649660e-11
      4.342639e-11
      7.208930e-11
      1.208821e-10
      2.042584e-10
      3.458201e-10
      5.838847e-10
      9.795691e-10
      1.626050e-09
      2.658248e-09
      4.262083e-09
      6.680758e-09
      1.021469e-08
      1.521377e-08
      2.206316e-08
      3.116403e-08
      4.291025e-08
      5.766519e-08
      7.574323e-08
      9.739777e-08
      1.228151e-07
      1.521147e-07
      1.853547e-07
      2.225415e-07
      2.636410e-07
      3.085906e-07
      3.573118e-07
      4.097198e-07
      4.657337e-07
      5.252845e-07
      5.883215e-07
      6.548175e-07
      7.247729e-07
      7.982184e-07
      8.752186e-07
      9.558730e-07
      1.040318e-06
      1.128729e-06
      1.221319e-06
      1.318345e-06
      1.420105e-06
      1.526946e-06
      1.639263e-06
      1.757503e-06
      1.882171e-06
      2.013833e-06
      2.153122e-06
      2.300744e-06
      2.457489e-06
      2.624236e-06
      2.801969e-06
      2.991785e-06
      3.194912e-06
      3.412721e-06
      3.646749e-06
      3.898724e-06
      4.170588e-06
      4.464527e-06
      4.783013e-06
      5.128844e-06
      5.505190e-06
      5.915657e-06
      6.364358e-06
      6.855992e-06
      7.395948e-06
      7.990416e-06
      8.646533e-06
      9.372552e-06
      1.017805e-05
      1.107416e-05
      1.207391e-05
      1.319254e-05
      1.444800e-05
      1.586146e-05
      1.745804e-05
      1.926765e-05
      2.132605e-05
      2.367619e-05
      2.636991e-05
      2.947012e-05
      3.305349e-05
      3.721405e-05
      4.206772e-05
      4.775829e-05
      5.446524e-05
      6.241416e-05
      7.189055e-05
      8.325816e-05
      9.698386e-05
      1.136721e-04
      1.341130e-04
      1.593489e-04
      1.907658e-04
      2.302211e-04
      2.802320e-04
      3.442584e-04
      4.271260e-04
      5.356378e-04
      6.794599e-04
      8.724607e-04
      1.134863e-03
      1.496787e-03
      2.004006e-03
      2.727052e-03
      3.775536e-03
      5.321258e-03
      7.636990e-03
      1.116352e-02
      1.662618e-02
      2.523493e-02
      3.902066e-02
      6.138740e-02
      9.799898e-02
      1.581738e-01
      2.570393e-01
      4.188016e-01
      6.815886e-01
      1.104360e+00
      1.776190e+00
      2.827674e+00
      4.443232e+00
      6.871848e+00
      1.043286e+01
      1.551322e+01
      2.255384e+01
      3.202476e+01
      4.439162e+01
      6.007819e+01
      7.943065e+01
      1.026890e+02
      1.299689e+02
      1.612559e+02
      1.964106e+02
      2.351827e+02
      2.772312e+02
      3.221475e+02
      3.694785e+02
      4.187483e+02
      4.694765e+02
      5.211941e+02
      5.734547e+02
      6.258426e+02
      6.779787e+02
      7.295231e+02
      7.801759e+02
      8.296772e+02
      8.778050e+02
      9.243735e+02
      9.692297e+02
      1.012251e+03
      1.053342e+03
      1.092432e+03
      1.129470e+03
      1.164426e+03
      1.197284e+03
      1.228043e+03
      1.256712e+03
      1.283312e+03
      1.307869e+03
      1.330419e+03
      1.351001e+03
      1.369656e+03
      1.386432e+03
      1.401376e+03
      1.414537e+03
      1.425964e+03
      1.435707e+03
      1.443815e+03
      1.450336e+03
      1.455317e+03
      1.458803e+03
      1.460838e+03
      1.461467e+03
      1.460728e+03
      1.458664e+03
      1.455311e+03
      1.450707e+03
      1.444887e+03
      1.437887e+03
      1.429741e+03
      1.420481e+03
      1.410141e+03
      1.398752e+03
      1.386346e+03
      1.372955e+03
      1.358609e+03
      1.343341e+03
      1.327182e+03
      1.310161e+03
      1.292310e+03
      1.273659e+03
      1.254239e+03
      1.234078e+03
      1.213205e+03
      1.191647e+03
      1.169430e+03
      1.146580e+03
      1.123117e+03
      1.099063e+03
      1.074434e+03
      1.049247e+03
      1.023510e+03
      9.972326e+02
      9.704173e+02
      9.430629e+02
      9.151633e+02
      8.867070e+02
      8.576771e+02
      8.280506e+02
      7.977982e+02
      7.668839e+02
      7.352647e+02
      7.028900e+02
      6.697016e+02
      6.356326e+02
      6.006074e+02
      5.645408e+02
      5.273376e+02
      4.888912e+02
      4.490829e+02
      4.077805e+02
      3.648366e+02
      3.200868e+02
      2.733469e+02
      2.244103e+02
      1.730444e+02
      1.189868e+02
      6.194168e+01
      1.576630e+00
     -6.247740e+01
     -1.306206e+02
     -2.032692e+02
     -2.808258e+02
     -3.636348e+02
     -4.519233e+02
     -5.457339e+02
     -6.448632e+02
     -7.488149e+02
     -8.567831e+02
     -9.676683e+02
     -1.080127e+03
     -1.192647e+03
     -1.303638e+03
     -1.411522e+03
     -1.514817e+03
     -1.612200e+03
     -1.702556e+03
     -1.785001e+03
     -1.858885e+03
     -1.923791e+03
     -1.979511e+03
     -2.026020e+03
     -2.063454e+03
     -2.092073e+03
     -2.112239e+03
     -2.124390e+03
     -2.129014e+03
     -2.126634e+03
     -2.117790e+03
     -2.103026e+03
     -2.082883e+03
     -2.057887e+03
     -2.028545e+03
     -1.995342e+03
     -1.958738e+03
     -1.919163e+03
     -1.877022e+03
     -1.832691e+03
     -1.786518e+03
     -1.738824e+03
     -1.689903e+03
     -1.640026e+03
     -1.589439e+03
     -1.538367e+03
     -1.487012e+03
     -1.435558e+03
     -1.384171e+03
     -1.332998e+03
     -1.282173e+03
     -1.231814e+03
     -1.182025e+03
     -1.132899e+03
     -1.084518e+03
     -1.036954e+03
     -9.902679e+02
     -9.445147e+02
     -8.997407e+02
     -8.559859e+02
     -8.132844e+02
     -7.716651e+02
     -7.311522e+02
     -6.917659e+02
     -6.535229e+02
     -6.164368e+02
     -5.805185e+02
     -5.457765e+02
     -5.122172e+02
     -4.798451e+02
     -4.486633e+02
     -4.186729e+02
     -3.898738e+02
     -3.622644e+02
     -3.358416e+02
     -3.106009e+02
     -2.865363e+02
     -2.636400e+02
     -2.419027e+02
     -2.213132e+02
     -2.018584e+02
     -1.835231e+02
     -1.662902e+02
     -1.501402e+02
     -1.350513e+02
     -1.209995e+02
     -1.079585e+02
     -9.589939e+01
     -8.479127e+01
     -7.460087e+01
     -6.529278e+01
     -5.682968e+01
     -4.917238e+01
     -4.228013e+01
     -3.611079e+01
     -3.062114e+01
     -2.576710e+01
     -2.150412e+01
     -1.778741e+01
     -1.457233e+01
     -1.181469e+01
     -9.471066e+00
     -7.499169e+00
     -5.858105e+00
     -4.508681e+00
     -3.413677e+00
     -2.538075e+00
     -1.849275e+00
     -1.317257e+00
     -9.147249e-01
     -6.171935e-01
     -4.030434e-01
     -2.535275e-01
     -1.527318e-01
     -8.748318e-02
     -4.720054e-02
     -2.368461e-02
     -1.084855e-02
     -4.398772e-03
     -1.485749e-03
     -3.519265e-04
     -6.255264e-06
      4.995512e-05
      3.153733e-05
      1.080442e-05
      1.204840e-06
     -1.010915e-06
     -6.933772e-07
     -1.774203e-07
      2.486170e-08
      3.716030e-08
      1.102358e-08
     -1.424974e-09
     -2.110923e-09
     -4.647260e-10
      1.686734e-10
      1.118468e-10
      3.428043e-12
     -1.493747e-11
     -3.423218e-12
      1.454319e-12
      6.860774e-13
     -1.060065e-13
     -1.025849e-13
      4.917510e-15
      1.362838e-14
      8.736608e-18
     -1.724483e-15
     -1.446312e-17
      2.131536e-16
     -4.583289e-18
     -2.547027e-17
      2.222366e-18
      2.810298e-18
     -5.405492e-19
     -2.591163e-19
      9.595137e-20
      1.462993e-20
     -1.304317e-20
      7.673829e-22
      1.257659e-21
     -3.481902e-22
     -5.372754e-23
      4.921436e-23
     -7.027401e-24
     -3.113722e-24
      1.586598e-24
     -1.608279e-25
     -1.058815e-25
      4.971728e-26
     -6.517186e-27
     -2.439195e-27
      1.486489e-27
     -3.272442e-28
     -1.010980e-29
      3.346606e-29
     -1.268936e-29
      2.352572e-30
      9.378536e-32
     -2.423055e-31
      1.006643e-31
     -2.592669e-32
      3.857567e-33
      2.577256e-34
     -4.317606e-34
      1.926096e-34
     -6.316405e-35
      1.749614e-35
     -4.306815e-36
      9.663295e-37
     -2.005996e-37
      3.890296e-38
     -7.095669e-39
      1.223052e-39
     -1.999130e-40
      3.106292e-41
     -4.595484e-42
      6.477812e-43
     -8.698777e-44
      1.111355e-44
     -1.346937e-45
      1.540186e-46
     -1.645072e-47
      1.609775e-48
     -1.382576e-49
      9.191927e-51
     -1.905233e-52
     -8.105578e-53
      2.064660e-53
     -3.524647e-54
      5.118235e-55
     -6.754253e-56
      8.331761e-57
     -9.750684e-58
      1.092237e-58
     -1.177856e-59
      1.227751e-60
     -1.240661e-61
      1.218150e-62
     -1.164195e-63
      1.084564e-64
     -9.860735e-66
      8.758475e-67
     -7.606618e-68
      6.464416e-69
     -5.379398e-70
      4.385969e-71
     -3.505581e-72
      2.748087e-73
     -2.113841e-74
      1.596119e-75
     -1.183521e-76
      8.621023e-78
     -6.171043e-79
      4.342210e-80
     -3.004299e-81
      2.044446e-82
     -1.368745e-83
      9.017618e-85
     -5.847715e-86
      3.733393e-87
     -2.347133e-88
      1.453376e-89
     -8.865632e-91
      5.328628e-92
     -3.156269e-93
      1.842728e-94
     -1.060597e-95
      6.018830e-97
     -3.368325e-98
      1.859182e-99
    -1.012277e-100
     5.437606e-102
    -2.882083e-103
     1.507486e-104
    -7.782223e-106
     3.965629e-107
    -1.994946e-108
     9.908590e-110
    -4.859636e-111
     2.353722e-112
    -1.125934e-113
     5.320140e-115
    -2.483302e-116
     1.145186e-117
    -5.218004e-119
     2.349395e-120
    -1.045372e-121
     4.597145e-123
    -1.998233e-124
     8.585820e-126
    -3.646965e-127
     1.531550e-128
    -6.359382e-130
     2.611061e-131
    -1.060158e-132
     4.257041e-134
    -1.690677e-135
     6.641400e-137
    -2.580688e-138
     9.920134e-140
    -3.772550e-141
     1.419437e-142
    -5.284317e-144
     1.946616e-145
    -7.096058e-147
     2.559914e-148
    -9.139675e-150
     3.229671e-151
    -1.129620e-152
     3.910904e-154
    -1.340344e-155
     4.547500e-157
    -1.527458e-158
     5.079582e-160
    -1.672518e-161
     5.452794e-163
    -1.760329e-164
     5.627497e-166
    -1.781574e-167
     5.585722e-169
    -1.734447e-170
     5.334184e-172
    -1.624871e-173
     4.902664e-175
    -1.465297e-176
     4.338274e-178
    -1.272400e-179
     3.697110e-181
    -1.064266e-182
     3.035311e-184
    -8.577043e-186
     2.401425e-187
    -6.662133e-189
     1.831409e-190
    -4.988845e-192
     1.346704e-193
    -3.602600e-195
     9.550933e-197
    -2.509431e-198
     6.534586e-200
    -1.686505e-201
     4.314166e-203
    -1.093852e-204
     2.749070e-206
    -6.848421e-208
     1.691161e-209
    -4.139816e-211
     1.004594e-212
    -2.416712e-214
     5.763619e-216
    -1.362740e-217
     3.194393e-219
    -7.423906e-221
     1.710628e-222
    -3.908120e-224
     8.852775e-226
    -1.988383e-227
     4.428321e-229
    -9.779268e-231
     2.141465e-232
    -4.650094e-234
     1.001308e-235
    -2.138147e-237
     4.527722e-239
    -9.508293e-241
     1.980223e-242
    -4.089990e-244
     8.377895e-246
    -1.702000e-247
     3.429286e-249
    -6.852903e-251
     1.358248e-252
    -2.670080e-254
     5.206153e-256
    -1.006847e-257
     1.931391e-259
    -3.674884e-261
     6.935690e-263
    -1.298417e-264
     2.411142e-266
    -4.441414e-268
     8.115491e-270
    -1.470987e-271
     2.644893e-273
    -4.717564e-275
     8.347233e-277
    -1.465166e-278
     2.551262e-280
    -4.407087e-282
     7.552321e-284
    -1.283942e-285
     2.165460e-287
    -3.623249e-289
     6.014411e-291
    -9.904624e-293
     1.618213e-294
    -2.622946e-296
     4.217950e-298
    -6.729369e-300
     1.065149e-301
    -1.672676e-303
     2.606036e-305
    -4.028262e-307
     6.177681e-309
    -9.399503e-311
     1.418919e-312
    -2.125991e-314
     2.995126e-316
    -2.489898e-318
     6.072067e-321
    -9.881313e-324
     -0.000000e+00
     -0.000000e+00
     -0.000000e+00
     -0.000000e+00
     -0.000000e+00
     -0.000000e+00
     -0.000000e+00
     -0.000000e+00
     -0.000000e+00
     -0.000000e+00
     -0.000000e+00
     -0.000000e+00
     -0.000000e+00
     -0.000000e+00
     -0.000000e+00
     -0.000000e+00
     -0.000000e+00
     -0.000000e+00
     -0.000000e+00
     -0.000000e+00
     -0.000000e+00
     -0.000000e+00
     -0.000000e+00
     -0.000000e+00
     -0.000000e+00
     -0.000000e+00
     -0.000000e+00
     -0.000000e+00
     -0.000000e+00
     -0.000000e+00
     -0.000000e+00
     -0.000000e+00
     -0.000000e+00
     -0.000000e+00
     -0.000000e+00
     -0.000000e+00
     -0.000000e+00
     -0.000000e+00
     -0.000000e+00
     -0.000000e+00
     -0.000000e+00
     -0.000000e+00
     -0.000000e+00
     -0.000000e+00
     -0.000000e+00
     -0.000000e+00
     -0.000000e+00
     -0.000000e+00
     -0.000000e+00
     -0.000000e+00
     -0.000000e+00
     -0.000000e+00
     -0.000000e+00
     -0.000000e+00
     -0.000000e+00
     -0.000000e+00
     -0.000000e+00
     -0.000000e+00
     -0.000000e+00
     -0.000000e+00
     -0.000000e+00
     -0.000000e+00
     -0.000000e+00
     -0.000000e+00
     -0.000000e+00
     -0.000000e+00
     -0.000000e+00
     -0.000000e+00
     -0.000000e+00
     -0.000000e+00
     -0.000000e+00
     -0.000000e+00
     -0.000000e+00
     -0.000000e+00
     -0.000000e+00
     -0.000000e+00
     -0.000000e+00
     -0.000000e+00
     -0.000000e+00
     -0.000000e+00
     -0.000000e+00
     -0.000000e+00
     -0.000000e+00
     -0.000000e+00
     -0.000000e+00
     -0.000000e+00
     -0.000000e+00
     -0.000000e+00
     -0.000000e+00
     -0.000000e+00
     -0.000000e+00
     -0.000000e+00
     -0.000000e+00
     -0.000000e+00
     -0.000000e+00
     -0.000000e+00
     -0.000000e+00
     -0.000000e+00
     -0.000000e+00
     -0.000000e+00
     -0.000000e+00
     -0.000000e+00
      0.000000e+00
      0.000000e+00
