      0.000000e+00
      0.000000e+00
     -8.374658e-16
     -3.347932e-15
     -4.498206e-15
     -2.233531e-15
      1.694508e-15
      8.786949e-16
     -1.027236e-14
     -2.853396e-14
     -4.073376e-14
     -3.423743e-14
     -1.096780e-14
      1.043632e-14
      9.904722e-15
     -1.585500e-14
     -5.275238e-14
     -8.570990e-14
     -1.080025e-13
     -1.104032e-13
     -7.240602e-14
      1.713953e-14
      1.270065e-13
      1.891361e-13
      1.562295e-13
      5.307519e-14
     -4.279241e-14
     -7.452859e-14
     -5.125222e-14
     -2.106110e-14
     -1.607950e-14
     -3.520107e-14
     -6.963136e-14
     -1.243873e-13
     -2.051038e-13
     -2.916652e-13
     -3.422372e-13
     -3.324545e-13
     -2.777797e-13
     -1.999223e-13
     -8.482897e-14
      9.043264e-14
      2.863114e-13
      3.993638e-13
      3.629247e-13
      2.289855e-13
      1.166083e-13
      8.109863e-14
      6.198882e-14
     -2.608702e-14
     -1.676540e-13
     -2.408618e-13
     -1.503563e-13
      5.333205e-14
      2.133112e-13
      2.194071e-13
      9.793729e-14
     -3.799834e-14
     -8.230518e-14
      1.765806e-14
      2.356947e-13
      4.425235e-13
      4.646844e-13
      2.537343e-13
     -8.596543e-15
     -5.673707e-14
      1.657354e-13
      4.046644e-13
      3.451783e-13
     -3.798341e-14
     -4.243415e-13
     -4.687258e-13
     -1.611465e-13
      1.649701e-13
      1.812549e-13
     -1.122162e-13
     -4.155163e-13
     -4.322825e-13
     -1.185895e-13
      3.112467e-13
      5.538710e-13
      4.213080e-13
     -2.053240e-14
     -4.801737e-13
     -6.671651e-13
     -5.382346e-13
     -3.008258e-13
     -1.673705e-13
     -1.530808e-13
     -1.313920e-13
     -1.922778e-14
      1.557910e-13
      3.329653e-13
      4.776881e-13
      5.520069e-13
      4.986535e-13
      3.112056e-13
      9.547895e-14
     -2.953396e-15
      4.858198e-14
      1.331734e-13
      1.330741e-13
      7.503523e-14
      7.022720e-14
      1.426781e-13
      2.139961e-13
      2.619793e-13
      3.716900e-13
      5.621428e-13
      6.673892e-13
      5.109053e-13
      1.538761e-13
     -1.483755e-13
     -2.305614e-13
     -1.591321e-13
     -8.946529e-14
     -8.800094e-14
     -1.300345e-13
     -1.780413e-13
     -1.911108e-13
     -1.180103e-13
      2.918027e-14
      1.172723e-13
      6.787580e-15
     -2.512296e-13
     -4.190723e-13
     -3.325524e-13
     -9.682065e-14
      5.084568e-14
      2.819751e-14
     -2.925071e-14
      3.155221e-14
      2.098745e-13
      3.840030e-13
      4.424412e-13
      3.687236e-13
      2.494080e-13
      2.079753e-13
      2.810667e-13
      3.467849e-13
      2.274214e-13
     -1.039894e-13
     -4.540234e-13
     -5.828289e-13
     -4.307909e-13
     -1.502277e-13
      5.625445e-14
      9.493016e-14
      1.586897e-14
     -5.590464e-14
     -4.012748e-14
      6.013863e-15
     -5.762238e-14
     -2.606724e-13
     -4.301977e-13
     -3.750111e-13
     -1.310687e-13
      8.332898e-14
      1.518229e-13
      1.772529e-13
      2.811721e-13
      4.084976e-13
      4.180625e-13
      3.011609e-13
      1.909120e-13
      9.746585e-14
      1.056845e-13
      4.917736e-13
     -1.172604e-12
     -2.624358e-12
      1.671367e-11
     -1.707866e-12
     -1.793056e-10
      1.784998e-10
      1.711404e-09
     -2.207337e-09
     -1.686957e-08
      1.417446e-08
      1.688565e-07
      4.935179e-08
     -1.460541e-06
     -2.940562e-06
      6.822218e-06
      4.144746e-05
      5.255862e-05
     -1.920713e-04
     -1.072973e-03
     -2.294116e-03
     -1.952494e-04
      1.798776e-02
      8.360929e-02
      2.594743e-01
      6.544358e-01
      1.437102e+00
      2.845614e+00
      5.190635e+00
      8.849435e+00
      1.425001e+01
      2.184555e+01
      3.208098e+01
      4.535444e+01
      6.197781e+01
      8.214014e+01
      1.058785e+02
      1.330592e+02
      1.633714e+02
      1.963343e+02
      2.313165e+02
      2.675645e+02
      3.042388e+02
      3.404519e+02
      3.753055e+02
      4.079224e+02
      4.374732e+02
      4.631938e+02
      4.843969e+02
      5.004767e+02
      5.109115e+02
      5.152645e+02
      5.131863e+02
      5.044216e+02
      4.888188e+02
      4.663434e+02
      4.370933e+02
      4.013125e+02
      3.594013e+02
      3.119185e+02
      2.595747e+02
      2.032143e+02
      1.437865e+02
      8.230658e+01
      1.981141e+01
     -4.268865e+01
     -1.042554e+02
     -1.640627e+02
     -2.214259e+02
     -2.758197e+02
     -3.268817e+02
     -3.744037e+02
     -4.183120e+02
     -4.586399e+02
     -4.954968e+02
     -5.290377e+02
     -5.594357e+02
     -5.868616e+02
     -6.114698e+02
     -6.333924e+02
     -6.527383e+02
     -6.695958e+02
     -6.840362e+02
     -6.961157e+02
     -7.058727e+02
     -7.133217e+02
     -7.184420e+02
     -7.211639e+02
     -7.213550e+02
     -7.188094e+02
     -7.132423e+02
     -7.042950e+02
     -6.915479e+02
     -6.745467e+02
     -6.528352e+02
     -6.259968e+02
     -5.936974e+02
     -5.557267e+02
     -5.120336e+02
     -4.627508e+02
     -4.082071e+02
     -3.489249e+02
     -2.856048e+02
     -2.190973e+02
     -1.503669e+02
     -8.045136e+01
     -1.042068e+01
      5.866081e+01
      1.257659e+02
      1.899284e+02
      2.502591e+02
      3.059553e+02
      3.563059e+02
      4.006938e+02
      4.386001e+02
      4.696103e+02
      4.934238e+02
      5.098680e+02
      5.189131e+02
      5.206870e+02
      5.154866e+02
      5.037820e+02
      4.862112e+02
      4.635636e+02
      4.367519e+02
      4.067728e+02
      3.746615e+02
      3.414405e+02
      3.080708e+02
      2.754065e+02
      2.441611e+02
      2.148843e+02
      1.879539e+02
      1.635812e+02
      1.418289e+02
      1.226372e+02
      1.058558e+02
      9.127651e+01
      7.866316e+01
      6.777580e+01
      5.838760e+01
      5.029433e+01
      4.331754e+01
      3.730345e+01
      3.211988e+01
      2.765286e+01
      2.380383e+01
      2.048758e+01
      1.763059e+01
      1.516947e+01
      1.304963e+01
      1.122397e+01
      9.651888e+00
      8.298341e+00
      7.133121e+00
      6.130183e+00
      5.267069e+00
      4.524415e+00
      3.885526e+00
      3.336009e+00
      2.863457e+00
      2.457175e+00
      2.107947e+00
      1.807829e+00
      1.549976e+00
      1.328490e+00
      1.138291e+00
      9.750031e-01
      8.348568e-01
      7.146067e-01
      6.114585e-01
      5.230070e-01
      4.471818e-01
      3.822017e-01
      3.265340e-01
      2.788605e-01
      2.380478e-01
      2.031211e-01
      1.732428e-01
      1.476930e-01
      1.258533e-01
      1.071925e-01
      9.125455e-02
      7.764799e-02
      6.603689e-02
      5.613305e-02
      4.768934e-02
      4.049391e-02
      3.436518e-02
      2.914761e-02
      2.470799e-02
      2.093228e-02
      1.772293e-02
      1.499644e-02
      1.268147e-02
      1.071702e-02
      9.050992e-03
      7.638883e-03
      6.442724e-03
      5.430120e-03
      4.573445e-03
      3.849159e-03
      3.237207e-03
      2.720515e-03
      2.284555e-03
      1.916971e-03
      1.607262e-03
      1.346507e-03
      1.127131e-03
      9.427097e-04
      7.877928e-04
      6.577637e-04
      5.487122e-04
      4.573295e-04
      3.808172e-04
      3.168103e-04
      2.633116e-04
      2.186359e-04
      1.813618e-04
      1.502919e-04
      1.244179e-04
      1.028915e-04
      8.499983e-05
      7.014388e-05
      5.782114e-05
      4.761021e-05
      3.915810e-05
      3.216937e-05
      2.639696e-05
      2.163451e-05
      1.770975e-05
      1.447909e-05
      1.182289e-05
      9.641625e-06
      1.182292e-05
      1.447912e-05
      1.770979e-05
      2.163456e-05
      2.639702e-05
      3.216944e-05
      3.915818e-05
      4.761031e-05
      5.782125e-05
      7.014402e-05
      8.499999e-05
      1.028917e-04
      1.244181e-04
      1.502922e-04
      1.813621e-04
      2.186362e-04
      2.633120e-04
      3.168107e-04
      3.808177e-04
      4.573302e-04
      5.487130e-04
      6.577646e-04
      7.877938e-04
      9.427109e-04
      1.127133e-03
      1.346509e-03
      1.607264e-03
      1.916974e-03
      2.284558e-03
      2.720518e-03
      3.237210e-03
      3.849163e-03
      4.573450e-03
      5.430125e-03
      6.442731e-03
      7.638891e-03
      9.051001e-03
      1.071703e-02
      1.268149e-02
      1.499646e-02
      1.772294e-02
      2.093230e-02
      2.470801e-02
      2.914763e-02
      3.436521e-02
      4.049395e-02
      4.768938e-02
      5.613309e-02
      6.603694e-02
      7.764806e-02
      9.125463e-02
      1.071926e-01
      1.258534e-01
      1.476931e-01
      1.732429e-01
      2.031213e-01
      2.380480e-01
      2.788607e-01
      3.265342e-01
      3.822019e-01
      4.471821e-01
      5.230074e-01
      6.114590e-01
      7.146072e-01
      8.348574e-01
      9.750038e-01
      1.138292e+00
      1.328491e+00
      1.549977e+00
      1.807830e+00
      2.107949e+00
      2.457177e+00
      2.863459e+00
      3.336011e+00
      3.885529e+00
      4.524418e+00
      5.267073e+00
      6.130187e+00
      7.133125e+00
      8.298346e+00
      9.651896e+00
      1.122398e+01
      1.304963e+01
      1.516947e+01
      1.763060e+01
      2.048763e+01
      2.380391e+01
      2.765289e+01
      3.211977e+01
      3.730331e+01
      4.331800e+01
      5.029652e+01
      5.839271e+01
      6.778501e+01
      7.868027e+01
      9.131738e+01
      1.059701e+02
      1.229476e+02
      1.425925e+02
      1.652746e+02
      1.913793e+02
      2.212928e+02
      2.553810e+02
      2.939670e+02
      3.373055e+02
      3.855579e+02
      4.387702e+02
      4.968542e+02
      5.595750e+02
      6.265460e+02
      6.972301e+02
      7.709491e+02
      8.468989e+02
      9.241695e+02
      1.001769e+03
      1.078646e+03
      1.153720e+03
      1.225899e+03
      1.294104e+03
      1.357291e+03
      1.414464e+03
      1.464695e+03
      1.507134e+03
      1.541029e+03
      1.565733e+03
      1.580725e+03
      1.585615e+03
      1.580161e+03
      1.564271e+03
      1.538013e+03
      1.501609e+03
      1.455430e+03
      1.399983e+03
      1.335893e+03
      1.263874e+03
      1.184709e+03
      1.099217e+03
      1.008223e+03
      9.125376e+02
      8.129307e+02
      7.101187e+02
      6.047542e+02
      4.974231e+02
      3.886474e+02
      2.788927e+02
      1.685775e+02
      5.808613e+01
     -5.222058e+01
     -1.619941e+02
     -2.708898e+02
     -3.785600e+02
     -4.846495e+02
     -5.887922e+02
     -6.906077e+02
     -7.896993e+02
     -8.856499e+02
     -9.780186e+02
     -1.066337e+03
     -1.150103e+03
     -1.228782e+03
     -1.301806e+03
     -1.368578e+03
     -1.428478e+03
     -1.480883e+03
     -1.525181e+03
     -1.560799e+03
     -1.587222e+03
     -1.604029e+03
     -1.610911e+03
     -1.607698e+03
     -1.594375e+03
     -1.571094e+03
     -1.538173e+03
     -1.496098e+03
     -1.445506e+03
     -1.387171e+03
     -1.321983e+03
     -1.250922e+03
     -1.175037e+03
     -1.095417e+03
     -1.013176e+03
     -9.294232e+02
     -8.452539e+02
     -7.617268e+02
     -6.798504e+02
     -6.005671e+02
     -5.247379e+02
     -4.531259e+02
     -3.863812e+02
     -3.250261e+02
     -2.694420e+02
     -2.198606e+02
     -1.763594e+02
     -1.388634e+02
     -1.071541e+02
     -8.088417e+01
     -5.959981e+01
     -4.276716e+01
     -2.980229e+01
     -2.010201e+01
     -1.307321e+01
     -8.158699e+00
     -4.857491e+00
     -2.738640e+00
     -1.448046e+00
     -7.086257e-01
     -3.148603e-01
     -1.232002e-01
     -4.009289e-02
     -9.383881e-03
     -6.086825e-04
      7.380169e-04
      4.093704e-04
      9.002839e-05
     -1.234959e-05
     -1.493868e-05
     -3.295926e-06
      8.428621e-07
      5.994454e-07
      2.682840e-08
     -6.576290e-08
     -1.241451e-08
      6.234627e-09
      1.863863e-09
     -6.203649e-10
     -2.090008e-10
      7.170300e-11
      1.809775e-11
     -8.945165e-12
     -8.074395e-13
      1.001029e-12
     -9.262750e-14
     -7.652802e-14
      2.569518e-14
      5.289081e-16
     -2.415431e-15
      6.713526e-16
     -1.119893e-17
     -5.125205e-17
      1.944290e-17
     -3.436889e-18
     -9.195269e-20
      2.897484e-19
     -1.190015e-19
      3.347170e-20
     -7.587316e-21
      1.466894e-21
     -2.482591e-22
      3.721814e-23
     -4.951557e-24
      5.788375e-25
     -5.755177e-26
      4.393273e-27
     -1.401598e-28
     -3.242249e-29
      9.224318e-30
     -1.592603e-30
      2.254081e-31
     -2.824188e-32
      3.235187e-33
     -3.446724e-34
      3.450906e-35
     -3.269693e-36
      2.946474e-37
     -2.534927e-38
      2.088295e-39
     -1.651339e-40
      1.255967e-41
     -9.203786e-43
      6.508035e-44
     -4.446288e-45
      2.938432e-46
     -1.880431e-47
      1.166362e-48
     -7.018062e-50
      4.099690e-51
     -2.326753e-52
      1.283828e-53
     -6.891147e-55
      3.600456e-56
     -1.832066e-57
      9.083731e-59
     -4.390716e-60
      2.069908e-61
     -9.521316e-63
      4.275125e-64
     -1.874447e-65
      8.028382e-67
     -3.360188e-68
      1.374747e-69
     -5.499741e-71
      2.152046e-72
     -8.239008e-74
      3.086960e-75
     -1.132226e-76
      4.066213e-78
     -1.430230e-79
      4.928104e-81
     -1.663826e-82
      5.505310e-84
     -1.785621e-85
      5.678258e-87
     -1.770681e-88
      5.415556e-90
     -1.624793e-91
      4.782751e-93
     -1.381501e-94
      3.916380e-96
     -1.089790e-97
      2.977057e-99
    -7.985028e-101
     2.103138e-102
    -5.440213e-104
     1.382208e-105
    -3.449773e-107
     8.458939e-109
    -2.037961e-110
     4.824754e-112
    -1.122526e-113
     2.566850e-115
    -5.769346e-117
     1.274712e-118
    -2.768806e-120
     5.912921e-122
    -1.241575e-123
     2.563515e-125
    -5.204990e-127
     1.039328e-128
    -2.041078e-130
     3.942441e-132
    -7.490178e-134
     1.399785e-135
    -2.573313e-137
     4.653750e-139
    -8.279598e-141
     1.449190e-142
    -2.495538e-144
     4.228014e-146
    -7.047761e-148
     1.155888e-149
    -1.865240e-151
     2.961500e-153
    -4.626443e-155
     7.111151e-157
    -1.075439e-158
     1.600213e-160
    -2.342648e-162
     3.374119e-164
    -4.781038e-166
     6.664573e-168
    -9.138755e-170
     1.232644e-171
    -1.635274e-173
     2.133566e-175
    -2.737398e-177
     3.453281e-179
    -4.282773e-181
     5.220880e-183
    -6.254636e-185
     7.362058e-187
    -8.511706e-189
     9.663035e-191
    -1.076769e-192
     1.177177e-194
    -1.261905e-196
     1.325489e-198
    -1.363061e-200
     1.370783e-202
    -1.346240e-204
     1.288734e-206
    -1.199453e-208
     1.081478e-210
    -9.396191e-213
     7.800954e-215
    -6.100865e-217
     4.371970e-219
    -2.688936e-221
     1.119706e-223
     2.790202e-226
    -1.465075e-227
     2.412610e-229
    -3.112340e-231
     3.570337e-233
    -3.805669e-235
     3.847231e-237
    -3.730200e-239
     3.492507e-241
    -3.171675e-243
     2.802250e-245
    -2.413989e-247
     2.030806e-249
    -1.670439e-251
     1.344700e-253
    -1.060152e-255
     8.190451e-258
    -6.203598e-260
     4.608241e-262
    -3.358235e-264
      0.000000e+00
      0.000000e+00
