      0.000000e+00
      0.000000e+00
     -4.418133e-16
      1.830544e-18
     -1.766966e-16
     -2.504733e-15
     -3.110256e-15
      3.030999e-15
      4.502418e-15
     -2.659148e-14
     -9.521958e-14
     -1.530844e-13
     -1.416697e-13
     -6.982837e-14
     -1.532509e-14
     -3.587497e-14
     -1.013430e-13
     -1.240477e-13
     -4.277851e-14
      1.178566e-13
      2.510667e-13
      2.459724e-13
      1.005849e-13
     -5.567756e-14
     -1.002659e-13
     -6.197407e-14
     -6.978291e-14
     -1.746095e-13
     -2.855719e-13
     -2.862918e-13
     -1.716483e-13
     -4.720038e-14
     -6.893933e-15
     -4.991556e-14
     -1.271390e-13
     -2.077260e-13
     -2.597050e-13
     -2.317850e-13
     -1.174008e-13
      1.482824e-14
      1.003104e-13
      1.242885e-13
      6.499178e-14
     -1.074955e-13
     -3.374861e-13
     -4.838589e-13
     -4.484387e-13
     -2.437856e-13
      4.643805e-14
      2.981434e-13
      3.845231e-13
      2.880763e-13
      1.511246e-13
      1.332035e-13
      2.349742e-13
      3.064768e-13
      2.136056e-13
     -1.501592e-14
     -2.112357e-13
     -2.517282e-13
     -1.733032e-13
     -7.247800e-14
      1.342825e-14
      7.800978e-14
      1.152674e-13
      1.527265e-13
      2.053261e-13
      2.026914e-13
      7.836294e-14
     -9.838308e-14
     -2.094976e-13
     -2.717851e-13
     -3.605358e-13
     -3.733704e-13
     -1.264517e-13
      2.592571e-13
      4.897999e-13
      2.585224e-13
     -2.179076e-12
      2.548371e-11
     -1.878129e-10
      9.491139e-10
     -2.863209e-09
      2.784281e-10
      4.212763e-08
     -1.596469e-07
     -1.027083e-07
      2.173983e-06
     -1.179054e-06
     -2.473191e-05
     -7.647250e-07
      2.911042e-04
      6.324759e-04
     -2.023059e-03
     -1.539641e-02
     -3.256773e-02
      6.519176e-02
      7.559351e-01
      3.273702e+00
      9.982367e+00
      2.441215e+01
      5.069860e+01
      9.244272e+01
      1.513427e+02
      2.261050e+02
      3.120246e+02
      4.013198e+02
      4.839994e+02
      5.489138e+02
      5.847394e+02
      5.808922e+02
      5.285803e+02
      4.222399e+02
      2.614264e+02
      5.295112e+01
     -1.871694e+02
     -4.325065e+02
     -6.465702e+02
     -7.867702e+02
     -8.159829e+02
     -7.229601e+02
     -5.401507e+02
     -3.374094e+02
     -1.858483e+02
     -1.192927e+02
     -1.273320e+02
     -1.798534e+02
     -2.526805e+02
     -3.335478e+02
     -4.148591e+02
     -4.878875e+02
     -5.426480e+02
     -5.697597e+02
     -5.617617e+02
     -5.140981e+02
     -4.260629e+02
     -3.012689e+02
     -1.473408e+02
      2.495072e+01
      2.026920e+02
      3.716884e+02
      5.171989e+02
      6.248146e+02
      6.818541e+02
      6.795412e+02
      6.159916e+02
      4.996786e+02
      3.520033e+02
      2.051970e+02
      9.135653e+01
      2.634859e+01
      2.662132e+00
     -2.633166e-01
      9.936390e-01
      8.738299e-01
      1.583578e-01
     -9.950075e-02
     -3.718725e-02
      1.226381e-02
      5.496827e-03
     -2.628237e-03
     -1.251593e-03
      2.115219e-04
     -3.157982e-05
     -2.250199e-04
     -1.133253e-04
     -3.914168e-05
     -3.843479e-05
     -3.901634e-05
     -2.903967e-05
     -2.037016e-05
     -1.541635e-05
     -1.172004e-05
     -8.310659e-06
     -5.404948e-06
     -3.158418e-06
     -1.561299e-06
     -5.891204e-07
     -1.433871e-07
     -1.681255e-08
     -4.734499e-09
     -5.252180e-09
     -1.696414e-09
      3.494988e-10
      3.327045e-10
      5.926832e-11
      7.227817e-12
      1.131406e-11
      7.769785e-12
      4.539688e-12
      3.162777e-12
      2.132836e-12
      1.478084e-12
      1.152550e-12
      9.673033e-13
      7.593171e-13
      5.792413e-13
      5.699130e-13
      6.421077e-13
      5.788468e-13
      2.535750e-13
     -8.279583e-14
      4.264095e-14
      4.499252e-13
      5.888895e-13
      7.209627e-13
      9.003791e-13
      1.125422e-12
      1.749891e-12
      2.717143e-12
      3.504712e-12
      2.747915e-12
      6.951875e-13
      7.382782e-12
      4.552943e-11
      1.286397e-10
      1.620386e-10
     -3.496408e-10
     -2.177943e-09
     -4.015096e-09
     -2.668202e-09
     -1.750152e-08
     -1.464443e-07
     -5.888510e-07
     -1.560964e-06
     -3.172448e-06
     -5.409608e-06
     -8.226863e-06
     -1.163669e-05
     -1.577226e-05
     -2.099485e-05
     -2.789406e-05
     -3.617989e-05
     -4.272920e-05
     -4.851102e-05
     -8.140666e-05
     -1.775423e-04
     -2.668018e-04
     -2.116072e-04
     -1.188324e-06
      1.091729e-03
      3.524908e-03
     -4.426100e-03
     -4.195940e-02
     -3.131100e-02
      2.924278e-01
      9.472976e-01
      9.633551e-01
     -1.099770e-01
      3.680214e+00
      2.988067e+01
      1.019801e+02
      2.330310e+02
      4.142319e+02
      6.203518e+02
      8.244879e+02
      1.007860e+03
      1.160944e+03
      1.280724e+03
      1.367904e+03
      1.424964e+03
      1.454970e+03
      1.460931e+03
      1.445540e+03
      1.411164e+03
      1.359951e+03
      1.293943e+03
      1.215116e+03
      1.125306e+03
      1.026023e+03
      9.180411e+02
      8.008118e+02
      6.723573e+02
      5.300637e+02
      3.703652e+02
      1.839905e+02
     -5.000717e+01
     -3.584184e+02
     -7.493809e+02
     -1.187723e+03
     -1.600145e+03
     -1.912554e+03
     -2.086549e+03
     -2.126252e+03
     -2.060580e+03
     -1.923464e+03
     -1.743890e+03
     -1.543694e+03
     -1.338269e+03
     -1.137910e+03
     -9.491323e+02
     -7.758120e+02
     -6.200801e+02
     -4.829873e+02
     -3.649320e+02
     -2.658709e+02
     -1.853551e+02
     -1.224641e+02
     -7.572330e+01
     -4.308517e+01
     -2.202365e+01
     -9.747531e+00
     -3.499662e+00
     -8.745005e-01
     -6.346997e-02
      5.714994e-02
      2.330953e-02
      1.005001e-04
     -2.239100e-03
     -2.716821e-04
      1.985951e-04
      2.667086e-05
     -1.926160e-05
     -5.107571e-07
      1.669790e-06
     -2.633496e-07
     -6.523208e-08
      3.471037e-08
     -5.674844e-09
     -2.889187e-10
      3.952440e-10
     -1.187701e-10
      2.363633e-11
     -3.592128e-12
      4.330725e-13
     -4.075593e-14
      2.640816e-15
     -2.863738e-17
     -2.385315e-17
      4.693264e-18
     -6.145140e-19
      6.577032e-20
     -6.131362e-21
      5.127387e-22
     -3.911355e-23
      2.751441e-24
     -1.798524e-25
      1.098713e-26
     -6.301098e-28
      3.404812e-29
     -1.738725e-30
      8.412901e-32
     -3.865453e-33
      1.689800e-34
     -7.040322e-36
      2.799830e-37
     -1.064252e-38
      3.871357e-40
     -1.349183e-41
      4.509268e-43
     -1.446666e-44
      4.458850e-46
     -1.321309e-47
      3.767210e-49
     -1.034070e-50
      2.734346e-52
     -6.968935e-54
      1.712796e-55
     -4.061337e-57
      9.294731e-59
     -2.053868e-60
      4.383522e-62
     -9.039007e-64
      1.801281e-65
     -3.469817e-67
      6.462227e-69
     -1.163802e-70
      2.026995e-72
     -3.414611e-74
      5.563730e-76
     -8.768590e-78
      1.336640e-79
     -1.970511e-81
      2.809028e-83
     -3.871227e-85
      5.156118e-87
     -6.634393e-89
      8.242362e-91
     -9.880369e-93
      1.141757e-94
     -1.270400e-96
      1.358910e-98
    -1.394443e-100
     1.368616e-102
    -1.279293e-104
     1.131446e-106
    -9.368345e-109
     7.124942e-111
    -4.782935e-113
     2.540405e-115
    -5.672391e-118
    -1.015806e-119
     2.147884e-121
    -2.827674e-123
     3.103396e-125
    -3.056599e-127
     2.783875e-129
    -2.380297e-131
     1.927200e-133
      0.000000e+00
      0.000000e+00
