      0.000000e+00
      0.000000e+00
     -4.418133e-16
      1.830544e-18
     -1.766966e-16
     -2.504733e-15
     -3.110256e-15
      3.030999e-15
      4.502418e-15
     -2.659148e-14
     -9.521958e-14
     -1.530844e-13
     -1.416697e-13
     -6.982837e-14
     -1.532509e-14
     -3.587497e-14
     -1.013430e-13
     -1.240477e-13
     -4.277851e-14
      1.178566e-13
      2.510667e-13
      2.459724e-13
      1.005849e-13
     -5.567756e-14
     -1.002659e-13
     -6.197407e-14
     -6.978291e-14
     -1.746095e-13
     -2.855719e-13
     -2.862918e-13
     -1.716483e-13
     -4.720038e-14
     -6.893933e-15
     -4.991556e-14
     -1.271390e-13
     -2.077260e-13
     -2.597050e-13
     -2.317850e-13
     -1.174008e-13
      1.482824e-14
      1.003104e-13
      1.242885e-13
      6.499178e-14
     -1.074955e-13
     -3.374861e-13
     -4.838589e-13
     -4.484387e-13
     -2.437856e-13
      4.643805e-14
      2.981434e-13
      3.845231e-13
      2.880763e-13
      1.511246e-13
      1.332035e-13
      2.349742e-13
      3.064768e-13
      2.136056e-13
     -1.501592e-14
     -2.112357e-13
     -2.517282e-13
     -1.733032e-13
     -7.247800e-14
      1.342825e-14
      7.800978e-14
      1.152674e-13
      1.527265e-13
      2.053261e-13
      2.026914e-13
      7.836294e-14
     -9.838308e-14
     -2.094976e-13
     -2.717852e-13
     -3.605363e-13
     -3.733417e-13
     -1.269679e-13
      2.659634e-13
      4.193575e-13
      8.721354e-13
     -6.574237e-12
      5.031289e-11
     -2.858652e-10
      1.089763e-09
     -1.520941e-09
     -1.122803e-08
      7.775198e-08
     -1.143809e-07
     -8.518278e-07
      3.592380e-06
      6.693141e-06
     -5.438892e-05
     -8.407573e-05
      6.474510e-04
      1.869712e-03
     -4.264529e-03
     -3.310975e-02
     -5.646387e-02
      1.609350e-01
      1.344720e+00
      4.992018e+00
      1.341673e+01
      2.935684e+01
      5.514750e+01
      9.173076e+01
      1.379221e+02
      1.902780e+02
      2.436430e+02
      2.921471e+02
      3.302514e+02
      3.534845e+02
      3.587401e+02
      3.442632e+02
      3.095878e+02
      2.556233e+02
      1.848723e+02
      1.015605e+02
      1.139648e+01
     -7.917061e+01
     -1.640602e+02
     -2.386661e+02
     -3.005380e+02
     -3.493937e+02
     -3.865168e+02
     -4.138641e+02
     -4.332848e+02
     -4.461168e+02
     -4.531638e+02
     -4.548377e+02
     -4.512066e+02
     -4.418328e+02
     -4.255194e+02
     -4.002391e+02
     -3.634858e+02
     -3.130751e+02
     -2.481423e+02
     -1.699259e+02
     -8.197500e+01
      1.033064e+01
      1.007493e+02
      1.832415e+02
      2.527561e+02
      3.055790e+02
      3.393462e+02
      3.529789e+02
      3.467543e+02
      3.225219e+02
      2.838622e+02
      2.359033e+02
      1.846373e+02
      1.358410e+02
      9.395212e+01
      6.132736e+01
      3.815646e+01
      2.301141e+01
      1.372964e+01
      8.227657e+00
      4.959415e+00
      2.979293e+00
      1.770818e+00
      1.044940e+00
      6.181729e-01
      3.682021e-01
      2.196379e-01
      1.304058e-01
      7.715786e-02
      4.573790e-02
      2.719909e-02
      1.617107e-02
      9.593079e-03
      5.688101e-03
      3.377085e-03
      2.006175e-03
      1.190967e-03
      7.066976e-04
      4.194801e-04
      2.490672e-04
      1.478612e-04
      8.776435e-05
      5.209710e-05
      3.092776e-05
      1.835983e-05
      1.089855e-05
      6.469578e-06
      3.840544e-06
      2.279848e-06
      1.353365e-06
      8.033888e-07
      4.769121e-07
      2.831066e-07
      1.680587e-07
      9.976359e-08
      5.922218e-08
      3.515591e-08
      2.086949e-08
      1.238858e-08
      7.354169e-09
      4.365728e-09
      2.591528e-09
      1.538156e-09
      9.130390e-10
      5.420932e-10
      3.217996e-10
      5.427639e-10
      9.142119e-10
      1.540366e-09
      2.595461e-09
      4.372174e-09
      7.364753e-09
      1.240654e-08
      2.090014e-08
      3.520794e-08
      5.931043e-08
      9.991280e-08
      1.683099e-07
      2.835292e-07
      4.776249e-07
      8.045924e-07
      1.355390e-06
      2.283247e-06
      3.846285e-06
      6.479323e-06
      1.091486e-05
      1.838686e-05
      3.097396e-05
      5.217748e-05
      8.789613e-05
      1.480683e-04
      2.494333e-04
      4.201817e-04
      7.078158e-04
      1.192395e-03
      2.008701e-03
      3.383571e-03
      5.699613e-03
      9.602797e-03
      1.617917e-02
      2.724845e-02
      4.587923e-02
      7.729346e-02
      1.303262e-01
      2.196535e-01
      3.695660e-01
      6.212641e-01
      1.046163e+00
      1.765972e+00
      2.979341e+00
      5.003222e+00
      8.357775e+00
      1.393794e+01
      2.328744e+01
      3.890727e+01
      6.443059e+01
      1.044604e+02
      1.639515e+02
      2.472058e+02
      3.567392e+02
      4.923687e+02
      6.507995e+02
      8.258022e+02
      1.008858e+03
      1.190033e+03
      1.358844e+03
      1.505025e+03
      1.619210e+03
      1.693614e+03
      1.722747e+03
      1.704030e+03
      1.638122e+03
      1.528749e+03
      1.381992e+03
      1.205188e+03
      1.005751e+03
      7.902615e+02
      5.640423e+02
      3.312083e+02
      9.502614e+01
     -1.416577e+02
     -3.760844e+02
     -6.053662e+02
     -8.263003e+02
     -1.035127e+03
     -1.227245e+03
     -1.397041e+03
     -1.538019e+03
     -1.643395e+03
     -1.707083e+03
     -1.724848e+03
     -1.695275e+03
     -1.620259e+03
     -1.504902e+03
     -1.356916e+03
     -1.185772e+03
     -1.001820e+03
     -8.155200e+02
     -6.367507e+02
     -4.741241e+02
     -3.342709e+02
     -2.211927e+02
     -1.358830e+02
     -7.642187e+01
     -3.861747e+01
     -1.706325e+01
     -6.306551e+00
     -1.783981e+00
     -2.926772e-01
      2.659416e-02
      3.116118e-02
      5.898690e-03
     -1.460269e-03
     -7.795137e-04
      3.708414e-05
      7.453906e-05
     -6.800406e-07
     -6.546959e-06
      4.150237e-07
      4.951689e-07
     -1.030478e-07
     -1.829732e-08
      1.148332e-08
     -1.747925e-09
     -2.240393e-10
      1.788130e-10
     -5.040958e-11
      9.580321e-12
     -1.364798e-12
      1.457792e-13
     -1.008722e-14
     -3.353396e-17
      1.486484e-16
     -2.999264e-17
      4.199474e-18
     -4.836573e-19
      4.852018e-20
     -4.359208e-21
      3.565088e-22
     -2.682809e-23
      1.872056e-24
     -1.218430e-25
      7.430972e-27
     -4.262793e-28
      2.307370e-29
     -1.181630e-30
      5.738462e-32
     -2.648142e-33
      1.163317e-34
     -4.872580e-36
      1.948705e-37
     -7.451085e-39
      2.727008e-40
     -9.563300e-42
      3.216648e-43
     -1.038622e-44
      3.221968e-46
     -9.609842e-48
      2.757642e-49
     -7.618275e-51
      2.027312e-52
     -5.199441e-54
      1.285796e-55
     -3.067291e-57
      7.061164e-59
     -1.569241e-60
      3.367686e-62
     -6.981087e-64
      1.398196e-65
     -2.706167e-67
      5.062371e-69
     -9.154191e-71
      1.600251e-72
     -2.704423e-74
      4.418489e-76
     -6.978410e-78
      1.065286e-79
     -1.571501e-81
      2.239631e-83
     -3.082340e-85
      4.094483e-87
     -5.246046e-89
      6.477162e-91
     -7.697237e-93
      8.789863e-95
     -9.624292e-97
      1.007276e-98
    -1.003125e-100
     9.439848e-103
    -8.298265e-105
     6.672379e-107
    -4.689473e-109
     2.522180e-111
    -3.638767e-114
    -1.599665e-115
     3.216613e-117
    -4.388251e-119
     5.077662e-121
    -5.307181e-123
     5.146419e-125
    -4.694459e-127
     4.060561e-129
    -3.347233e-131
     2.638283e-133
      0.000000e+00
      0.000000e+00
