      0.000000e+00
      0.000000e+00
     -1.528235e-15
     -7.644613e-16
     -1.186200e-15
     -4.310787e-15
     -1.626588e-14
     -5.976378e-14
     -1.395797e-13
     -1.932073e-13
     -1.600260e-13
     -9.829053e-14
     -1.257821e-13
     -2.465745e-13
     -3.386498e-13
     -3.268041e-13
     -2.615067e-13
     -1.818251e-13
     -4.364650e-14
      1.274520e-13
      1.884231e-13
      1.076021e-13
      4.575133e-14
      1.045436e-13
      2.104152e-13
      2.675197e-13
      2.259395e-13
      9.771936e-14
     -5.567120e-15
     -2.538891e-14
     -4.967248e-15
      1.081647e-13
      3.045415e-13
      3.135035e-13
      2.204586e-14
     -2.772477e-13
     -3.278848e-13
     -1.621117e-13
      1.020952e-13
      3.022308e-13
      2.601512e-13
      5.684701e-14
     -1.476040e-14
      1.196229e-13
      3.460766e-13
     -8.817921e-13
      1.351352e-11
     -1.313757e-10
      1.056826e-09
     -6.417736e-09
      2.440970e-08
     -9.069914e-09
     -4.486242e-07
      1.172902e-06
      1.176431e-05
     -4.729492e-05
     -4.649070e-04
      2.568333e-03
      1.069151e-02
     -5.237268e-02
     -3.093139e-01
      5.475275e-02
      5.418887e+00
      2.625669e+01
      7.729471e+01
      1.691088e+02
      2.974212e+02
      4.378921e+02
      5.500134e+02
      5.870313e+02
      5.078179e+02
      2.907393e+02
     -4.860594e+01
     -4.355649e+02
     -7.288464e+02
     -7.833504e+02
     -5.842420e+02
     -2.977717e+02
     -1.280707e+02
     -1.413621e+02
     -2.651899e+02
     -4.072345e+02
     -5.178287e+02
     -5.694929e+02
     -5.358049e+02
     -4.016362e+02
     -1.778008e+02
      9.872073e+01
      3.740095e+02
      5.875748e+02
      6.834173e+02
      6.279964e+02
      4.412925e+02
      2.138771e+02
      5.356111e+01
     -3.985163e+00
     -3.638737e+00
      3.014255e+00
      2.150503e+00
      1.169160e-03
     -3.244660e-01
     -5.496407e-02
      1.678510e-02
     -5.184132e-04
     -3.382846e-03
     -1.966070e-03
     -2.045117e-03
     -1.295195e-03
     -5.345109e-04
     -2.840149e-04
     -1.666973e-04
     -5.543599e-05
     -4.047997e-06
      1.309681e-06
     -1.017130e-06
     -5.931903e-07
      2.275230e-08
      5.450369e-08
      8.844917e-09
      5.721510e-09
      4.237359e-09
      1.448457e-09
      8.049993e-10
      7.653864e-10
      5.589575e-10
      3.353148e-10
      5.462932e-10
      5.314774e-10
      3.029865e-10
      1.050670e-09
      5.935373e-09
      1.580016e-08
      1.509801e-08
     -3.399481e-08
     -1.522689e-07
     -2.407655e-07
      5.031217e-08
      3.635084e-08
     -8.063517e-06
     -4.319175e-05
     -1.238706e-04
     -2.872213e-04
     -6.947311e-04
     -1.526586e-03
     -2.111192e-03
     -5.183287e-04
      3.047162e-03
      2.196397e-03
     -1.888580e-02
     -1.028570e-01
     -2.003341e-01
      3.322966e-01
      2.277141e+00
      2.910350e+00
     -3.423502e+00
     -4.438488e+00
      5.351150e+01
      2.329151e+02
      5.281552e+02
      8.553781e+02
      1.130650e+03
      1.321405e+03
      1.429601e+03
      1.466551e+03
      1.444270e+03
      1.373584e+03
      1.264184e+03
      1.124016e+03
      9.586590e+02
      7.733597e+02
      5.696087e+02
      3.208844e+02
     -4.692065e+01
     -5.979142e+02
     -1.265422e+03
     -1.835174e+03
     -2.111747e+03
     -2.073665e+03
     -1.834700e+03
     -1.514735e+03
     -1.185120e+03
     -8.815549e+02
     -6.207464e+02
     -4.090025e+02
     -2.473133e+02
     -1.332759e+02
     -6.118831e+01
     -2.212081e+01
     -5.217725e+00
     -1.831463e-01
      3.578128e-01
      8.011544e-02
     -2.215494e-02
     -7.525176e-03
      2.203827e-03
      3.733476e-04
     -2.315732e-04
      2.653808e-05
      7.051041e-06
     -3.536173e-06
      8.057805e-07
     -1.265180e-07
      1.514027e-08
     -1.428807e-09
      1.058018e-10
     -5.722363e-12
      1.480692e-13
      1.180520e-14
     -2.230258e-15
      2.186720e-16
     -1.655164e-17
      1.060022e-18
     -5.967128e-20
      3.013559e-21
     -1.382937e-22
      5.817652e-24
     -2.257988e-25
      8.126249e-27
     -2.722606e-28
      8.519728e-30
     -2.496898e-31
      6.869385e-33
     -1.777630e-34
      4.334303e-36
     -9.972434e-38
      2.167975e-39
     -4.458345e-41
      8.681444e-43
     -1.602085e-44
      2.804016e-46
     -4.657542e-48
      7.346024e-50
     -1.100690e-51
      1.567312e-53
     -2.121527e-55
      2.730452e-57
     -3.341715e-59
      3.889342e-61
     -4.304705e-63
      4.530288e-65
     -4.532545e-67
      4.309970e-69
     -3.893716e-71
      3.340502e-73
     -2.720000e-75
      2.100562e-77
     -1.537275e-79
      1.065090e-81
     -6.977937e-84
      0.000000e+00
      0.000000e+00
