      0.000000e+00
      0.000000e+00
      3.686787e-16
      1.102490e-15
     -2.453286e-16
     -4.454509e-15
     -8.316288e-15
     -6.202743e-15
      5.608988e-15
      2.792727e-14
      5.836132e-14
      8.464319e-14
      8.211202e-14
      3.489411e-14
     -3.516929e-14
     -7.950641e-14
     -7.578292e-14
     -5.339570e-14
     -4.953959e-14
     -5.619162e-14
     -3.290730e-14
      3.612636e-14
      1.130864e-13
      1.300350e-13
      4.517621e-14
     -1.056362e-13
     -2.218935e-13
     -2.303145e-13
     -1.596767e-13
     -1.045118e-13
     -1.223991e-13
     -1.793138e-13
     -1.871755e-13
     -9.197943e-14
      6.670226e-14
      1.875108e-13
      2.044508e-13
      1.451199e-13
      9.226100e-14
      1.036756e-13
      1.722212e-13
      2.351039e-13
      2.032162e-13
      2.512220e-14
     -2.209798e-13
     -3.366314e-13
     -1.943962e-13
      9.015842e-14
      2.618978e-13
      1.956696e-13
     -9.057782e-15
     -1.805737e-13
     -2.366539e-13
     -1.986435e-13
     -1.197213e-13
     -2.467498e-14
      1.009140e-13
      2.638818e-13
      4.030910e-13
      4.120953e-13
      2.654999e-13
      9.637351e-14
      6.295420e-14
      1.236653e-13
      5.237782e-14
     -2.478964e-13
     -5.412441e-13
     -5.044698e-13
     -1.444649e-13
      1.874700e-13
      2.311534e-13
      1.014483e-13
      4.037622e-14
      6.193658e-14
      2.667373e-14
     -7.284693e-14
     -1.324661e-13
     -1.431202e-13
     -1.480919e-13
     -8.118864e-14
      1.286174e-13
      3.719131e-13
      4.869735e-13
      4.904623e-13
      4.891139e-13
      4.573207e-13
      3.079641e-13
      1.185493e-13
      7.611736e-14
      1.970763e-13
      2.861533e-13
      2.272350e-13
      1.432748e-13
      1.646015e-13
      2.169043e-13
      1.914787e-13
      1.589167e-13
      1.619616e-13
      3.135905e-13
     -2.285228e-13
     -1.238618e-13
      6.781067e-12
     -4.436693e-11
      1.306124e-10
      4.726097e-11
     -2.069287e-09
      6.476392e-09
      8.473200e-09
     -9.775396e-08
      5.406466e-08
      1.043693e-06
     -9.652278e-07
     -1.110019e-05
      5.996717e-07
      1.115997e-04
      2.206080e-04
     -5.411293e-04
     -4.005842e-03
     -9.344131e-03
      3.764253e-03
      1.224447e-01
      5.963932e-01
      1.980564e+00
      5.283489e+00
      1.204340e+01
      2.425290e+01
      4.409733e+01
      7.354120e+01
      1.138559e+02
      1.652051e+02
      2.263875e+02
      2.947877e+02
      3.665254e+02
      4.367440e+02
      4.999557e+02
      5.503773e+02
      5.822271e+02
      5.900078e+02
      5.688285e+02
      5.148289e+02
      4.257357e+02
      3.015354e+02
      1.451933e+02
     -3.668257e+01
     -2.333516e+02
     -4.297601e+02
     -6.068770e+02
     -7.429589e+02
     -8.165388e+02
     -8.120989e+02
     -7.280836e+02
     -5.833686e+02
     -4.154218e+02
     -2.669288e+02
     -1.676734e+02
     -1.246976e+02
     -1.271388e+02
     -1.589962e+02
     -2.082697e+02
     -2.680448e+02
     -3.334981e+02
     -3.997615e+02
     -4.616866e+02
     -5.141975e+02
     -5.524416e+02
     -5.719251e+02
     -5.688673e+02
     -5.406748e+02
     -4.863350e+02
     -4.066161e+02
     -3.040552e+02
     -1.827647e+02
     -4.812684e+01
      9.353873e+01
      2.352685e+02
      3.696933e+02
      4.892606e+02
      5.865176e+02
      6.545392e+02
      6.875618e+02
      6.818390e+02
      6.366833e+02
      5.555945e+02
      4.472290e+02
      3.256212e+02
      2.085470e+02
      1.130451e+02
      4.915762e+01
      1.597081e+01
      3.802447e+00
      1.203937e+00
      8.688443e-01
      4.773574e-01
      1.060530e-01
     -1.820510e-02
     -4.648959e-03
      1.011426e-02
      4.754524e-03
     -4.440048e-04
     -4.197661e-04
      3.872949e-04
      3.137806e-04
      7.042803e-05
      2.352780e-05
      4.581129e-05
      4.413677e-05
      2.949648e-05
      2.029904e-05
      1.656986e-05
      1.402173e-05
      1.139372e-05
      9.110659e-06
      7.370952e-06
      5.989775e-06
      4.803957e-06
      3.771050e-06
      2.880119e-06
      2.113750e-06
      1.462114e-06
      9.294019e-07
      5.252565e-07
      2.527603e-07
      9.823854e-08
      2.950023e-08
      7.467050e-09
      2.561505e-09
      1.208809e-09
      3.792326e-10
      2.311179e-11
     -1.905825e-11
     -3.530646e-13
      2.224731e-12
     -2.504185e-13
     -5.046623e-13
      3.888094e-14
      3.658184e-13
      3.707937e-13
      1.594695e-13
     -5.664480e-14
     -2.250919e-13
     -2.575944e-13
     -1.626575e-13
     -1.511766e-13
     -2.700664e-13
     -2.967583e-13
     -1.402637e-13
      1.810735e-14
      4.855535e-14
     -4.631158e-14
     -9.871387e-14
      7.383472e-14
      4.891783e-14
     -5.082869e-14
      3.605826e-14
      1.487041e-13
     -9.093253e-14
     -4.973931e-13
     -5.078198e-13
      5.304381e-14
      4.478591e-13
      2.504433e-13
     -1.459367e-14
      1.793115e-13
      5.923468e-13
      6.271757e-13
      8.475768e-14
     -3.208713e-13
      2.651886e-13
      8.738230e-13
     -1.538207e-12
     -8.691635e-12
     -3.306035e-12
      9.726912e-11
      4.361941e-10
      1.007965e-09
      1.876592e-09
      6.185304e-09
      2.724809e-08
      9.408284e-08
      2.457234e-07
      5.149921e-07
      9.160678e-07
      1.446149e-06
      2.096268e-06
      2.861481e-06
      3.746745e-06
      4.769430e-06
      5.960783e-06
      7.370456e-06
      9.076030e-06
      1.118476e-05
      1.380160e-05
      1.699507e-05
      2.105058e-05
      2.737425e-05
      3.837124e-05
      5.200519e-05
      5.837038e-05
      6.499396e-05
      1.195109e-04
      2.249067e-04
      4.056509e-04
      1.363264e-03
      3.608871e-03
      2.244028e-03
     -8.218224e-03
      9.969879e-03
      1.715571e-01
      5.237812e-01
      8.185403e-01
      1.077677e+00
      3.857736e+00
      1.697958e+01
      5.309574e+01
      1.241689e+02
      2.343820e+02
      3.774240e+02
      5.398793e+02
      7.070368e+02
      8.669472e+02
      1.011670e+03
      1.136828e+03
      1.240656e+03
      1.323088e+03
      1.385059e+03
      1.428000e+03
      1.453510e+03
      1.463161e+03
      1.458404e+03
      1.440547e+03
      1.410782e+03
      1.370228e+03
      1.319969e+03
      1.261073e+03
      1.194571e+03
      1.121400e+03
      1.042310e+03
      9.577704e+02
      8.678521e+02
      7.720639e+02
      6.691486e+02
      5.570761e+02
      4.333389e+02
      2.947955e+02
      1.358446e+02
     -5.419520e+01
     -2.899692e+02
     -5.812776e+02
     -9.204129e+02
     -1.276806e+03
     -1.606188e+03
     -1.868535e+03
     -2.041724e+03
     -2.123609e+03
     -2.125581e+03
     -2.064650e+03
     -1.958124e+03
     -1.821160e+03
     -1.666039e+03
     -1.502242e+03
     -1.336821e+03
     -1.174849e+03
     -1.019838e+03
     -8.741258e+02
     -7.391858e+02
     -6.158933e+02
     -5.047206e+02
     -4.058725e+02
     -3.193619e+02
     -2.450360e+02
     -1.825655e+02
     -1.314174e+02
     -9.083036e+01
     -5.980711e+01
     -3.713761e+01
     -2.145394e+01
     -1.131245e+01
     -5.292154e+00
     -2.095800e+00
     -6.390009e-01
     -1.102086e-01
      1.577553e-02
      1.741148e-02
      4.100938e-03
     -7.016161e-04
     -5.853789e-04
     -2.533280e-05
      5.711914e-05
      6.514295e-06
     -5.418930e-06
     -5.007840e-07
      5.231724e-07
     -9.921839e-09
     -4.220839e-08
      8.137240e-09
      1.520630e-09
     -9.451149e-10
      1.447050e-10
      1.950146e-11
     -1.488984e-11
      3.807684e-12
     -5.359947e-13
      1.189162e-14
      1.673706e-14
     -5.708316e-15
      1.248282e-15
     -2.171508e-16
      3.220478e-17
     -4.209770e-18
      4.946169e-19
     -5.291278e-20
      5.201514e-21
     -4.731229e-22
      4.003321e-23
     -3.164591e-24
      2.345042e-25
     -1.633484e-26
      1.071912e-27
     -6.637574e-29
      3.883058e-30
     -2.147490e-31
      1.122776e-32
     -5.545426e-34
      2.582640e-35
     -1.130266e-36
      4.619658e-38
     -1.743824e-39
      5.948181e-41
     -1.744525e-42
      3.763036e-44
     -7.836125e-47
     -5.360194e-47
      4.170779e-48
     -2.308848e-49
      1.093953e-50
     -4.694864e-52
      1.871583e-53
     -7.025021e-55
      2.503315e-56
     -8.514808e-58
      2.775153e-59
     -8.691155e-61
      2.621121e-62
     -7.625360e-64
      2.142900e-65
     -5.823898e-67
      1.532216e-68
     -3.905568e-70
      9.652116e-72
     -2.314261e-73
      5.386411e-75
     -1.217596e-76
      2.674366e-78
     -5.709922e-80
      1.185476e-81
     -2.394174e-83
      4.704931e-85
     -8.999288e-87
      1.675842e-88
     -3.039004e-90
      5.367817e-92
     -9.236753e-94
      1.548731e-95
     -2.530703e-97
      4.030710e-99
    -6.258328e-101
     9.473861e-103
    -1.398421e-104
     2.012966e-106
    -2.825940e-108
     3.869488e-110
    -5.168205e-112
     6.733621e-114
    -8.558615e-116
     1.061264e-117
    -1.283876e-119
     1.515355e-121
    -1.745036e-123
     1.960636e-125
    -2.149275e-127
     2.298719e-129
    -2.398673e-131
     2.441950e-133
    -2.425317e-135
     2.349892e-137
    -2.221022e-139
     2.047661e-141
    -1.841340e-143
     1.614908e-145
    -1.381218e-147
     1.151958e-149
    -9.367555e-152
     7.426471e-154
    -5.739212e-156
     4.322934e-158
    -3.173218e-160
     2.269606e-162
    -1.581465e-164
     1.073377e-166
      0.000000e+00
      0.000000e+00
