      0.000000e+00
      0.000000e+00
     -8.374658e-16
     -3.347932e-15
     -4.498206e-15
     -2.233531e-15
      1.694508e-15
      8.786949e-16
     -1.027236e-14
     -2.853396e-14
     -4.073376e-14
     -3.423743e-14
     -1.096780e-14
      1.043632e-14
      9.904722e-15
     -1.585500e-14
     -5.275238e-14
     -8.570990e-14
     -1.080025e-13
     -1.104032e-13
     -7.240602e-14
      1.713953e-14
      1.270065e-13
      1.891361e-13
      1.562295e-13
      5.307519e-14
     -4.279241e-14
     -7.452859e-14
     -5.125222e-14
     -2.106110e-14
     -1.607950e-14
     -3.520107e-14
     -6.963136e-14
     -1.243873e-13
     -2.051038e-13
     -2.916652e-13
     -3.422372e-13
     -3.324545e-13
     -2.777797e-13
     -1.999223e-13
     -8.482897e-14
      9.043264e-14
      2.863114e-13
      3.993638e-13
      3.629247e-13
      2.289855e-13
      1.166083e-13
      8.109863e-14
      6.198882e-14
     -2.608702e-14
     -1.676540e-13
     -2.408618e-13
     -1.503563e-13
      5.333205e-14
      2.133112e-13
      2.194071e-13
      9.793729e-14
     -3.799834e-14
     -8.230518e-14
      1.765806e-14
      2.356947e-13
      4.425235e-13
      4.646844e-13
      2.537343e-13
     -8.596543e-15
     -5.673707e-14
      1.657354e-13
      4.046644e-13
      3.451783e-13
     -3.798341e-14
     -4.243415e-13
     -4.687258e-13
     -1.611465e-13
      1.649701e-13
      1.812549e-13
     -1.122162e-13
     -4.155163e-13
     -4.322825e-13
     -1.185895e-13
      3.112467e-13
      5.538710e-13
      4.213080e-13
     -2.053240e-14
     -4.801737e-13
     -6.671651e-13
     -5.382346e-13
     -3.008258e-13
     -1.673705e-13
     -1.530808e-13
     -1.313920e-13
     -1.922778e-14
      1.557910e-13
      3.329653e-13
      4.776881e-13
      5.520069e-13
      4.986535e-13
      3.112056e-13
      9.547895e-14
     -2.953396e-15
      4.858198e-14
      1.331734e-13
      1.330741e-13
      7.503523e-14
      7.022720e-14
      1.426781e-13
      2.139961e-13
      2.619793e-13
      3.716900e-13
      5.621428e-13
      6.673892e-13
      5.109053e-13
      1.538761e-13
     -1.483755e-13
     -2.305614e-13
     -1.591321e-13
     -8.946529e-14
     -8.800094e-14
     -1.300345e-13
     -1.780413e-13
     -1.911108e-13
     -1.180103e-13
      2.918027e-14
      1.172723e-13
      6.787580e-15
     -2.512296e-13
     -4.190723e-13
     -3.325524e-13
     -9.682065e-14
      5.084568e-14
      2.819751e-14
     -2.925071e-14
      3.155221e-14
      2.098745e-13
      3.840030e-13
      4.424412e-13
      3.687236e-13
      2.494080e-13
      2.079753e-13
      2.810667e-13
      3.467849e-13
      2.274214e-13
     -1.039894e-13
     -4.540234e-13
     -5.828289e-13
     -4.307909e-13
     -1.502277e-13
      5.625445e-14
      9.493016e-14
      1.586897e-14
     -5.590464e-14
     -4.012748e-14
      6.013863e-15
     -5.762238e-14
     -2.606724e-13
     -4.301977e-13
     -3.750111e-13
     -1.310687e-13
      8.332900e-14
      1.518229e-13
      1.772527e-13
      2.811737e-13
      4.084918e-13
      4.180680e-13
      3.012153e-13
      1.906177e-13
      9.785097e-14
      1.081038e-13
      4.798796e-13
     -1.170539e-12
     -2.489563e-12
      1.643106e-11
     -2.779082e-12
     -1.748602e-10
      1.860918e-10
      1.659975e-09
     -2.274396e-09
     -1.635152e-08
      1.506405e-08
      1.644226e-07
      3.602081e-08
     -1.436857e-06
     -2.775427e-06
      6.937356e-06
      4.021438e-05
      4.826163e-05
     -1.938262e-04
     -1.040901e-03
     -2.164146e-03
      3.085809e-05
      1.781049e-02
      8.086119e-02
      2.478357e-01
      6.189671e-01
      1.347171e+00
      2.644807e+00
      4.783634e+00
      8.086304e+00
      1.290891e+01
      1.961540e+01
      2.854585e+01
      3.998194e+01
      5.411322e+01
      7.100819e+01
      9.059371e+01
      1.126453e+02
      1.367893e+02
      1.625174e+02
      1.892112e+02
      2.161739e+02
      2.426666e+02
      2.679439e+02
      2.912867e+02
      3.120286e+02
      3.295742e+02
      3.434105e+02
      3.531101e+02
      3.583305e+02
      3.588096e+02
      3.543625e+02
      3.448797e+02
      3.303292e+02
      3.107624e+02
      2.863233e+02
      2.572581e+02
      2.239236e+02
      1.867922e+02
      1.464483e+02
      1.035777e+02
      5.894645e+01
      1.337212e+01
     -3.231256e+01
     -7.729913e+01
     -1.208428e+02
     -1.622976e+02
     -2.011441e+02
     -2.370061e+02
     -2.696557e+02
     -2.990065e+02
     -3.250958e+02
     -3.480590e+02
     -3.681003e+02
     -3.854611e+02
     -4.003932e+02
     -4.131357e+02
     -4.239003e+02
     -4.328638e+02
     -4.401673e+02
     -4.459201e+02
     -4.502061e+02
     -4.530897e+02
     -4.546191e+02
     -4.548260e+02
     -4.537197e+02
     -4.512789e+02
     -4.474401e+02
     -4.420878e+02
     -4.350476e+02
     -4.260849e+02
     -4.149124e+02
     -4.012059e+02
     -3.846286e+02
     -3.648618e+02
     -3.416394e+02
     -3.147822e+02
     -2.842280e+02
     -2.500550e+02
     -2.124932e+02
     -1.719257e+02
     -1.288759e+02
     -8.398586e+01
     -3.798498e+01
      8.345229e+00
      5.420755e+01
      9.882276e+01
      1.414576e+02
      1.814457e+02
      2.181996e+02
      2.512168e+02
      2.800791e+02
      3.044491e+02
      3.240669e+02
      3.387477e+02
      3.483831e+02
      3.529466e+02
      3.525019e+02
      3.472132e+02
      3.373544e+02
      3.233144e+02
      3.055966e+02
      2.848097e+02
      2.616492e+02
      2.368702e+02
      2.112528e+02
      1.855630e+02
      1.605133e+02
      1.367262e+02
      1.147047e+02
      9.481337e+01
      7.727031e+01
      6.215188e+01
      4.940820e+01
      3.888721e+01
      3.036403e+01
      2.357186e+01
      1.823078e+01
      1.407151e+01
      1.085223e+01
      8.367777e+00
      6.451871e+00
      4.974147e+00
      3.834224e+00
      2.955106e+00
      2.277444e+00
      1.755244e+00
      1.352843e+00
      1.042706e+00
      8.036479e-01
      6.193851e-01
      4.773707e-01
      3.679222e-01
      2.835691e-01
      2.185548e-01
      1.684456e-01
      1.298251e-01
      1.000596e-01
      7.711864e-02
      5.943738e-02
      4.580992e-02
      3.530689e-02
      2.721195e-02
      2.097296e-02
      1.616441e-02
      1.245833e-02
      9.601964e-03
      7.400485e-03
      5.703748e-03
      4.396027e-03
      3.388133e-03
      2.611323e-03
      2.012615e-03
      1.551175e-03
      1.195531e-03
      9.214271e-04
      7.101680e-04
      5.473451e-04
      4.218532e-04
      3.251333e-04
      2.505887e-04
      1.931353e-04
      1.488544e-04
      1.147260e-04
      8.842232e-05
      6.814940e-05
      5.252452e-05
      4.048202e-05
      3.120055e-05
      2.404708e-05
      1.853372e-05
      1.428442e-05
      1.100938e-05
      8.485214e-06
      6.539777e-06
      5.040377e-06
      3.884750e-06
      2.994079e-06
      2.307615e-06
      1.778539e-06
      1.370767e-06
      1.056486e-06
      8.142613e-07
      6.275724e-07
      4.836865e-07
      3.727900e-07
      2.873192e-07
      2.214443e-07
      1.706727e-07
      1.315418e-07
      1.013827e-07
      7.813837e-08
      6.022336e-08
      4.641590e-08
      3.577419e-08
      2.757223e-08
      2.125056e-08
      1.637820e-08
      1.262305e-08
      9.728985e-09
      7.498491e-09
      5.779344e-09
      4.454272e-09
      3.432941e-09
      2.645768e-09
      2.039145e-09
      1.571710e-09
      1.211471e-09
      9.337485e-10
      7.196416e-10
      5.546687e-10
      4.276050e-10
      3.296965e-10
      2.541592e-10
      3.289589e-10
      4.269658e-10
      5.545054e-10
      7.192842e-10
      9.328651e-10
      1.210604e-09
      1.571173e-09
      2.038613e-09
      2.645224e-09
      3.432903e-09
      4.454823e-09
      5.779926e-09
      7.498752e-09
      9.729051e-09
      1.262308e-08
      1.637829e-08
      2.125077e-08
      2.757242e-08
      3.577427e-08
      4.641631e-08
      6.022464e-08
      7.814036e-08
      1.013850e-07
      1.315444e-07
      1.706761e-07
      2.214487e-07
      2.873246e-07
      3.727971e-07
      4.836961e-07
      6.275850e-07
      8.142771e-07
      1.056506e-06
      1.370792e-06
      1.778573e-06
      2.307659e-06
      2.994137e-06
      3.884826e-06
      5.040475e-06
      6.539904e-06
      8.485379e-06
      1.100959e-05
      1.428470e-05
      1.853408e-05
      2.404755e-05
      3.120116e-05
      4.048281e-05
      5.252554e-05
      6.815072e-05
      8.842404e-05
      1.147282e-04
      1.488573e-04
      1.931390e-04
      2.505936e-04
      3.251396e-04
      4.218613e-04
      5.473557e-04
      7.101818e-04
      9.214450e-04
      1.195554e-03
      1.551205e-03
      2.012654e-03
      2.611374e-03
      3.388199e-03
      4.396113e-03
      5.703858e-03
      7.400629e-03
      9.602151e-03
      1.245858e-02
      1.616473e-02
      2.097337e-02
      2.721248e-02
      3.530759e-02
      4.581080e-02
      5.943850e-02
      7.712013e-02
      1.000616e-01
      1.298277e-01
      1.684486e-01
      2.185584e-01
      2.835747e-01
      3.679315e-01
      4.773823e-01
      6.193933e-01
      8.036515e-01
      1.042722e+00
      1.352903e+00
      1.755345e+00
      2.277507e+00
      2.955034e+00
      3.834140e+00
      4.974674e+00
      6.454124e+00
      8.372938e+00
      1.086147e+01
      1.408862e+01
      1.827161e+01
      2.368602e+01
      3.067425e+01
      3.965065e+01
      5.110136e+01
      6.557717e+01
      8.367862e+01
      1.060331e+02
      1.332651e+02
      1.659609e+02
      2.046308e+02
      2.496719e+02
      3.013343e+02
      3.596936e+02
      4.246317e+02
      4.958287e+02
      5.727638e+02
      6.547268e+02
      7.408370e+02
      8.300688e+02
      9.212800e+02
      1.013243e+03
      1.104671e+03
      1.194252e+03
      1.280664e+03
      1.362608e+03
      1.438819e+03
      1.508092e+03
      1.569300e+03
      1.621413e+03
      1.663522e+03
      1.694859e+03
      1.714819e+03
      1.722983e+03
      1.719125e+03
      1.703227e+03
      1.675479e+03
      1.636265e+03
      1.586150e+03
      1.525853e+03
      1.456208e+03
      1.378132e+03
      1.292581e+03
      1.200511e+03
      1.102849e+03
      1.000461e+03
      8.941369e+02
      7.845806e+02
      6.724093e+02
      5.581599e+02
      4.423014e+02
      3.252492e+02
      2.073814e+02
      8.905257e+01
     -2.939323e+01
     -1.476134e+02
     -2.652598e+02
     -3.819740e+02
     -4.973826e+02
     -6.110933e+02
     -7.226886e+02
     -8.317186e+02
     -9.376921e+02
     -1.040067e+03
     -1.138243e+03
     -1.231554e+03
     -1.319270e+03
     -1.400603e+03
     -1.474719e+03
     -1.540762e+03
     -1.597880e+03
     -1.645264e+03
     -1.682183e+03
     -1.708021e+03
     -1.722317e+03
     -1.724790e+03
     -1.715362e+03
     -1.694170e+03
     -1.661568e+03
     -1.618115e+03
     -1.564560e+03
     -1.501818e+03
     -1.430942e+03
     -1.353093e+03
     -1.269510e+03
     -1.181482e+03
     -1.090325e+03
     -9.973558e+02
     -9.038729e+02
     -8.111370e+02
     -7.203505e+02
     -6.326369e+02
     -5.490197e+02
     -4.704000e+02
     -3.975342e+02
     -3.310143e+02
     -2.712513e+02
     -2.184648e+02
     -1.726805e+02
     -1.337363e+02
     -1.012981e+02
     -7.488463e+01
     -5.389910e+01
     -3.766684e+01
     -2.547445e+01
     -1.660826e+01
     -1.038877e+01
     -6.198508e+00
     -3.501706e+00
     -1.855002e+00
     -9.094096e-01
     -4.047900e-01
     -1.586836e-01
     -5.175619e-02
     -1.215948e-02
     -8.102387e-04
      9.465728e-04
      5.291173e-04
      1.175820e-04
     -1.534588e-05
     -1.920769e-05
     -4.308751e-06
      1.055996e-06
      7.702182e-07
      3.793579e-08
     -8.353746e-08
     -1.616465e-08
      7.847937e-09
      2.396567e-09
     -7.769269e-10
     -2.673457e-10
      8.978802e-11
      2.313522e-11
     -1.122425e-11
     -1.046031e-12
      1.258193e-12
     -1.139907e-13
     -9.635138e-14
      3.209714e-14
      7.059426e-16
     -3.023524e-15
      8.368306e-16
     -1.340725e-17
     -6.394053e-17
      2.420725e-17
     -4.277209e-18
     -1.118899e-19
      3.587493e-19
     -1.473601e-19
      4.144236e-20
     -9.393735e-21
      1.816488e-21
     -3.075939e-22
      4.616423e-23
     -6.154154e-24
      7.221052e-25
     -7.234121e-26
      5.632289e-27
     -2.046303e-28
     -3.553705e-29
      1.078801e-29
     -1.890603e-30
      2.692841e-31
     -3.385110e-32
      3.885148e-33
     -4.143930e-34
      4.151809e-35
     -3.935327e-36
      3.546979e-37
     -3.051700e-38
      2.513874e-39
     -1.987602e-40
      1.511428e-41
     -1.107317e-42
      7.827731e-44
     -5.346285e-45
      3.532066e-46
     -2.259548e-47
      1.401014e-48
     -8.426860e-50
      4.920796e-51
     -2.791690e-52
      1.539763e-53
     -8.261657e-55
      4.314795e-56
     -2.194673e-57
      1.087723e-58
     -5.255503e-60
      2.476594e-61
     -1.138743e-62
      5.110968e-64
     -2.240028e-65
      9.590358e-67
     -4.012340e-68
      1.640912e-69
     -6.561963e-71
      2.566689e-72
     -9.822636e-74
      3.678889e-75
     -1.348816e-76
      4.842224e-78
     -1.702539e-79
      5.864202e-81
     -1.979139e-82
      6.546220e-84
     -2.122464e-85
      6.746982e-87
     -2.103196e-88
      6.430266e-90
     -1.928555e-91
      5.674937e-93
     -1.638647e-94
      4.643779e-96
     -1.291765e-97
      3.527631e-99
    -9.458654e-101
     2.490457e-102
    -6.440019e-104
     1.635709e-105
    -4.081183e-107
     1.000405e-108
    -2.409471e-110
     5.702542e-112
    -1.326352e-113
     3.032030e-115
    -6.812894e-117
     1.504842e-118
    -3.267733e-120
     6.976428e-122
    -1.464477e-123
     3.022915e-125
    -6.136095e-127
     1.224922e-128
    -2.404924e-130
     4.644027e-132
    -8.820870e-134
     1.648058e-135
    -3.028987e-137
     5.476513e-139
    -9.741117e-141
     1.704613e-142
    -2.934730e-144
     4.971034e-146
    -8.284585e-148
     1.358462e-149
    -2.191706e-151
     3.479192e-153
    -5.434215e-155
     8.351344e-157
    -1.262797e-158
     1.878718e-160
    -2.749995e-162
     3.960336e-164
    -5.611080e-166
     7.820887e-168
    -1.072352e-169
     1.446315e-171
    -1.918668e-173
     2.503278e-175
    -3.211782e-177
     4.051890e-179
    -5.025540e-181
     6.127026e-183
    -7.341334e-185
     8.642925e-187
    -9.995205e-189
     1.135094e-190
    -1.265374e-192
     1.384071e-194
    -1.484616e-196
     1.560621e-198
    -1.606381e-200
     1.617387e-202
    -1.590777e-204
     1.525688e-206
    -1.423446e-208
     1.287581e-210
    -1.123640e-212
     9.388128e-215
    -7.414188e-217
     5.402823e-219
    -3.440814e-221
     1.607273e-223
     3.161829e-227
    -1.426435e-227
     2.546613e-229
    -3.380752e-231
     3.935258e-233
    -4.231626e-235
     4.302797e-237
    -4.189071e-239
     3.934030e-241
    -3.580879e-243
     3.169478e-245
    -2.734230e-247
     2.302852e-249
    -1.895976e-251
     1.527421e-253
    -1.204964e-255
     9.314053e-258
    -7.057651e-260
     5.244507e-262
    -3.823016e-264
      0.000000e+00
      0.000000e+00
