      0.000000e+00
      0.000000e+00
      1.006972e-15
      1.604052e-15
      1.971069e-15
      1.759445e-15
      6.993973e-16
     -1.219770e-15
     -3.625697e-15
     -5.817922e-15
     -7.043917e-15
     -6.887501e-15
     -5.534788e-15
     -3.703184e-15
     -2.218810e-15
     -1.489525e-15
     -1.240989e-15
     -7.352926e-16
      6.473521e-16
      2.865830e-15
      5.113462e-15
      6.247333e-15
      5.468062e-15
      2.798909e-15
     -9.256545e-16
     -4.504750e-15
     -6.931339e-15
     -7.746609e-15
     -7.069623e-15
     -5.398165e-15
     -3.355719e-15
     -1.507459e-15
     -2.860620e-16
     -2.225835e-17
     -1.043010e-15
     -3.742991e-15
     -8.489077e-15
     -1.527981e-14
     -2.328741e-14
     -3.063648e-14
     -3.479907e-14
     -3.367906e-14
     -2.694042e-14
     -1.675397e-14
     -7.246509e-15
     -2.611179e-15
     -4.744364e-15
     -1.182145e-14
     -1.893140e-14
     -2.076412e-14
     -1.498154e-14
     -4.192095e-15
      4.993976e-15
      5.673060e-15
     -4.883558e-15
     -2.278717e-14
     -3.892653e-14
     -4.372272e-14
     -3.258688e-14
     -8.842812e-15
      1.764303e-14
      3.531393e-14
      3.650744e-14
      2.087741e-14
     -4.776151e-15
     -2.980535e-14
     -4.444466e-14
     -4.397091e-14
     -3.060263e-14
     -1.219108e-14
      1.967574e-15
      6.254368e-15
      1.840896e-15
     -4.393919e-15
     -4.774911e-15
      3.552069e-15
      1.618106e-14
      2.400073e-14
      1.908695e-14
      4.822034e-18
     -2.686691e-14
     -5.063158e-14
     -6.159930e-14
     -5.612868e-14
     -3.816745e-14
     -1.704235e-14
     -2.928226e-15
     -2.473167e-15
     -1.689607e-14
     -4.341149e-14
     -7.858373e-14
     -1.205553e-13
     -1.676416e-13
     -2.138370e-13
     -2.453427e-13
     -2.430558e-13
     -1.922819e-13
     -9.473151e-14
      2.598420e-14
      1.315883e-13
      1.870643e-13
      1.790019e-13
      1.225380e-13
      5.218756e-14
      2.740368e-15
     -7.246125e-15
      2.009365e-14
      6.925414e-14
      1.221028e-13
      1.637492e-13
      1.823413e-13
      1.681650e-13
      1.168754e-13
      3.507396e-14
     -5.856304e-14
     -1.406022e-13
     -1.942599e-13
     -2.155202e-13
     -2.090724e-13
     -1.794035e-13
     -1.277734e-13
     -5.982592e-14
      3.696706e-15
      2.694798e-14
     -2.372229e-14
     -1.540089e-13
     -3.264630e-13
     -4.704005e-13
     -5.151374e-13
     -4.287564e-13
     -2.398376e-13
     -2.832320e-14
      1.119648e-13
      1.213651e-13
      8.045467e-15
     -1.527108e-13
     -2.569551e-13
     -2.298517e-13
     -6.999347e-14
      1.478475e-13
      3.151719e-13
      3.514402e-13
      2.457769e-13
      5.387418e-14
     -1.426665e-13
     -2.823981e-13
     -3.448263e-13
     -3.400796e-13
     -2.870331e-13
     -2.035863e-13
     -1.141358e-13
     -5.749554e-14
     -7.552968e-14
     -1.821557e-13
     -3.361273e-13
     -4.461719e-13
     -4.164554e-13
     -2.089799e-13
      1.180290e-13
      4.259638e-13
      5.633318e-13
      4.490513e-13
      1.234158e-13
     -2.648848e-13
     -5.317200e-13
     -5.523566e-13
     -3.266615e-13
      2.198779e-14
      3.153094e-13
      4.201504e-13
      3.247297e-13
      1.462999e-13
      6.188980e-14
      1.981456e-13
      5.436591e-13
      9.390492e-13
      1.157138e-12
      1.030970e-12
      5.551158e-13
     -1.015240e-13
     -6.810672e-13
     -9.706635e-13
     -9.074604e-13
     -5.965977e-13
     -2.378268e-13
     -8.973930e-15
      2.495131e-14
     -7.118067e-14
     -1.612116e-13
     -1.301457e-13
      4.747721e-14
      3.019022e-13
      5.219727e-13
      6.278006e-13
      6.130688e-13
      5.331376e-13
      4.552530e-13
      4.118566e-13
      3.897109e-13
      3.555612e-13
      2.910361e-13
      2.072947e-13
      1.314927e-13
      8.099851e-14
      4.788841e-14
      4.420502e-15
     -7.615139e-14
     -1.972653e-13
     -3.281110e-13
     -4.122649e-13
     -3.972395e-13
     -2.743492e-13
     -1.041949e-13
     -5.202147e-16
     -6.670131e-14
     -3.171352e-13
     -6.403587e-13
     -8.435400e-13
     -7.626275e-13
     -3.691003e-13
      2.015233e-13
      7.226103e-13
      1.002743e-12
      9.818580e-13
      7.399270e-13
      4.255207e-13
      1.631075e-13
      4.842920e-16
     -8.263089e-14
     -1.298958e-13
     -1.697010e-13
     -2.069175e-13
     -2.382503e-13
     -2.672790e-13
     -3.027985e-13
     -3.450924e-13
     -3.785581e-13
     -3.833570e-13
     -3.591235e-13
     -3.384510e-13
     -3.721054e-13
     -4.902716e-13
     -6.666513e-13
     -8.150388e-13
     -8.269239e-13
     -6.296577e-13
     -2.303844e-13
      2.788998e-13
      7.554390e-13
      1.059841e-12
      1.107121e-12
      8.983227e-13
      5.236417e-13
      1.328844e-13
     -1.226081e-13
     -1.572170e-13
      5.680106e-15
      2.444208e-13
      4.066798e-13
      3.992225e-13
      2.441192e-13
      6.206384e-14
     -9.098649e-15
      9.367194e-14
      3.195536e-13
      5.431234e-13
      6.497726e-13
      6.030427e-13
      4.487846e-13
      2.643766e-13
      1.027470e-13
     -2.387694e-14
     -1.186468e-13
     -1.704192e-13
     -1.559402e-13
     -7.277491e-14
      3.344817e-14
      8.245190e-14
      1.162399e-14
     -1.720464e-13
     -3.841158e-13
     -5.106364e-13
     -4.821671e-13
     -3.247318e-13
     -1.529788e-13
     -1.065771e-13
     -2.652053e-13
     -5.917695e-13
     -9.404240e-13
     -1.130731e-12
     -1.049060e-12
     -7.171138e-13
     -2.826743e-13
      6.534319e-14
      2.058800e-13
      1.500516e-13
      2.142818e-14
     -3.138594e-14
      6.923071e-14
      2.857060e-13
      4.955599e-13
      5.707488e-13
      4.538389e-13
      1.869023e-13
     -1.178788e-13
     -3.420413e-13
     -4.191225e-13
     -3.566300e-13
     -2.163644e-13
     -7.198836e-14
      2.827739e-14
      7.464283e-14
      8.296529e-14
      6.972390e-14
      3.336799e-14
     -4.476017e-14
     -1.794089e-13
     -3.544291e-13
     -5.125796e-13
     -5.787675e-13
     -5.105650e-13
     -3.429295e-13
     -1.860376e-13
     -1.612007e-13
     -3.083905e-13
     -5.331526e-13
     -6.458889e-13
     -4.833379e-13
     -3.440172e-14
      5.236186e-13
      9.160664e-13
      9.358234e-13
      5.723075e-13
      1.863202e-14
     -4.429291e-13
     -5.956656e-13
     -3.854669e-13
      8.430141e-14
      6.311868e-13
      1.080687e-12
      1.316347e-12
      1.290770e-12
      1.020756e-12
      5.819990e-13
      9.744859e-14
     -2.933349e-13
     -4.817238e-13
     -4.329335e-13
     -1.993710e-13
      1.044968e-13
      3.532702e-13
      4.638924e-13
      4.294042e-13
      3.205565e-13
      2.527877e-13
      3.277898e-13
      5.730818e-13
      9.124801e-13
      1.192323e-12
      1.258479e-12
      1.043137e-12
      6.065244e-13
      1.039022e-13
     -3.013190e-13
     -5.201536e-13
     -5.645006e-13
     -5.105751e-13
     -4.373327e-13
     -3.860982e-13
     -3.577704e-13
     -3.295869e-13
     -2.675793e-13
     -1.327447e-13
      1.028921e-13
      4.251286e-13
      7.552717e-13
      9.708389e-13
      9.736510e-13
      7.624653e-13
      4.503906e-13
      2.044469e-13
      1.471529e-13
      2.914375e-13
      5.510899e-13
      8.067361e-13
      9.693204e-13
      1.000292e-12
      8.961719e-13
      6.734380e-13
      3.725869e-13
      6.322337e-14
     -1.788918e-13
     -3.209198e-13
     -4.062523e-13
     -5.287866e-13
     -7.530238e-13
     -1.040905e-12
     -1.253923e-12
     -1.242765e-12
     -9.611639e-13
     -5.129180e-13
     -8.968573e-14
      1.559968e-13
      2.058502e-13
      1.689624e-13
      1.844873e-13
      3.138481e-13
      5.031548e-13
      6.349913e-13
      6.196611e-13
      4.536977e-13
      2.081985e-13
     -3.350028e-14
     -2.352675e-13
     -4.203205e-13
     -6.306496e-13
     -8.671625e-13
     -1.057890e-12
     -1.083355e-12
     -8.494945e-13
     -3.632877e-13
      2.416356e-13
      7.545371e-13
      9.898085e-13
      8.833404e-13
      5.250741e-13
      1.075671e-13
     -1.793918e-13
     -2.472598e-13
     -1.455844e-13
     -1.969187e-14
     -1.693453e-14
     -1.968618e-13
     -4.962593e-13
     -7.669962e-13
     -8.622478e-13
     -7.192851e-13
     -3.903777e-13
     -5.402663e-15
      3.084190e-13
      4.978131e-13
      6.000761e-13
      6.959892e-13
      8.345729e-13
      9.866997e-13
      1.064741e-12
      9.955167e-13
      7.902941e-13
      5.535955e-13
      4.166349e-13
      4.392586e-13
      5.521675e-13
      5.874023e-13
      3.860958e-13
     -8.134719e-14
     -6.613866e-13
     -1.073977e-12
     -1.060279e-12
     -5.443231e-13
      2.871625e-13
      1.046928e-12
      1.334866e-12
      9.569415e-13
      5.015026e-14
     -9.697218e-13
     -1.622108e-12
     -1.622252e-12
     -1.035900e-12
     -2.314723e-13
      3.452120e-13
      4.356550e-13
      1.070358e-13
     -3.197884e-13
     -4.967308e-13
     -2.724225e-13
      2.327873e-13
      7.343450e-13
      9.787152e-13
      8.839207e-13
      5.443641e-13
      1.294875e-13
     -2.265619e-13
     -4.675376e-13
     -5.877244e-13
     -5.882006e-13
     -4.652140e-13
     -2.324053e-13
      5.794359e-14
      3.245824e-13
      4.946357e-13
      5.395773e-13
      4.836634e-13
      3.819084e-13
      2.856475e-13
      2.180554e-13
      1.717543e-13
      1.261414e-13
      7.150477e-14
      2.374262e-14
      1.840607e-14
      8.478019e-14
      2.149282e-13
      3.504147e-13
      4.032379e-13
      3.073586e-13
      7.342109e-14
     -1.918767e-13
     -3.266147e-13
     -2.035205e-13
      1.803176e-13
      6.751312e-13
      1.043142e-12
      1.089291e-12
      7.814876e-13
      2.809110e-13
     -1.451254e-13
     -2.797249e-13
     -8.609668e-14
      2.723459e-13
      5.357586e-13
      5.106090e-13
      1.884490e-13
     -2.539160e-13
     -5.708337e-13
     -6.035724e-13
     -3.739572e-13
     -5.731691e-14
      1.424474e-13
      1.284046e-13
     -3.402992e-14
     -1.738850e-13
     -1.373988e-13
      1.110501e-13
      4.749183e-13
      7.971290e-13
      9.581733e-13
      9.334646e-13
      7.835452e-13
      6.013463e-13
      4.605923e-13
      3.914886e-13
      3.810033e-13
      3.845869e-13
      3.456735e-13
      2.261827e-13
      3.980927e-14
     -1.372221e-13
     -1.991649e-13
     -7.656632e-14
      2.096053e-13
      5.495725e-13
      8.058664e-13
      8.906224e-13
      8.033903e-13
      6.070809e-13
      3.693230e-13
      1.206353e-13
     -1.386506e-13
     -3.951728e-13
     -5.874451e-13
     -6.176347e-13
     -4.110900e-13
      1.556169e-14
      5.286291e-13
      9.199162e-13
      1.000709e-12
      6.981827e-13
      1.019776e-13
     -5.671278e-13
     -1.056771e-12
     -1.205416e-12
     -1.023693e-12
     -6.831337e-13
     -4.082929e-13
     -3.312022e-13
     -4.034448e-13
     -4.341058e-13
     -2.371490e-13
      2.139470e-13
      7.432947e-13
      1.084353e-12
      1.070892e-12
      7.635975e-13
      4.111538e-13
      2.708918e-13
      4.254917e-13
      7.363960e-13
      9.650389e-13
      9.589305e-13
      7.526410e-13
      5.116391e-13
      3.803491e-13
      3.693566e-13
      3.711191e-13
      2.758500e-13
      7.649052e-14
     -1.271254e-13
     -2.176053e-13
     -1.552428e-13
      2.378734e-15
      1.605484e-13
      2.609189e-13
      3.018587e-13
      3.007458e-13
      2.501996e-13
      1.181021e-13
     -1.107736e-13
     -3.982062e-13
     -6.610057e-13
     -8.188834e-13
     -8.407567e-13
     -7.553077e-13
     -6.259146e-13
     -5.144811e-13
     -4.556481e-13
     -4.469889e-13
     -4.530633e-13
     -4.228260e-13
     -3.174503e-13
     -1.354181e-13
      8.285483e-14
      2.762726e-13
      3.954577e-13
      4.240353e-13
      3.785082e-13
      2.932963e-13
      2.025535e-13
      1.248483e-13
      5.425891e-14
     -3.457343e-14
     -1.621509e-13
     -3.125397e-13
     -4.239211e-13
     -4.223191e-13
     -2.819326e-13
     -6.154772e-14
      1.243540e-13
      1.877692e-13
      1.388283e-13
      8.404396e-14
      1.464332e-13
      3.686381e-13
      6.754116e-13
      9.234170e-13
      9.970224e-13
      8.769690e-13
      6.369483e-13
      3.820268e-13
      1.816578e-13
      4.160842e-14
     -7.997611e-14
     -2.374367e-13
     -4.668888e-13
     -7.633894e-13
     -1.062075e-12
     -1.235496e-12
     -1.133729e-12
     -6.729641e-13
      7.413833e-14
      8.662639e-13
      1.402641e-12
      1.501038e-12
      1.216832e-12
      8.005872e-13
      5.130997e-13
      4.366650e-13
      4.311587e-13
      2.679136e-13
     -1.696026e-13
     -7.784379e-13
     -1.298775e-12
     -1.485273e-12
     -1.251772e-12
     -6.954845e-13
     -1.213223e-14
      6.135863e-13
      1.068248e-12
      1.310126e-12
      1.346727e-12
      1.221153e-12
      1.003967e-12
      7.707545e-13
      5.659207e-13
      3.820141e-13
      1.807073e-13
     -5.706510e-14
     -2.983160e-13
     -4.773534e-13
     -5.506526e-13
     -5.316230e-13
     -4.676073e-13
     -3.824713e-13
     -2.489062e-13
     -2.757494e-14
      2.620305e-13
      5.169671e-13
      6.132687e-13
      5.096504e-13
      2.966436e-13
      1.370902e-13
      1.427550e-13
      2.932586e-13
      4.662688e-13
      5.460692e-13
      5.088535e-13
      4.125470e-13
      3.151580e-13
      2.125052e-13
      5.915995e-14
     -1.536637e-13
     -3.497052e-13
     -4.053463e-13
     -2.428557e-13
      1.063999e-13
      5.238820e-13
      8.849037e-13
      1.123807e-12
      1.235591e-12
      1.233708e-12
      1.119785e-12
      8.952094e-13
      5.930788e-13
      2.885453e-13
      7.130993e-14
      1.519307e-15
      8.073385e-14
      2.514820e-13
      4.196359e-13
      4.903849e-13
      4.100303e-13
      1.974317e-13
     -5.970089e-14
     -2.536524e-13
     -3.224849e-13
     -2.798932e-13
     -1.808439e-13
     -5.475489e-14
      1.259020e-13
      4.049201e-13
      7.661870e-13
      1.099942e-12
      1.253577e-12
      1.129951e-12
      7.525923e-13
      2.500904e-13
     -2.163748e-13
     -5.210612e-13
     -6.022627e-13
     -4.658892e-13
     -1.914485e-13
      6.556757e-14
      1.120363e-13
     -1.869578e-13
     -8.003809e-13
     -1.497866e-12
     -1.943469e-12
     -1.877539e-12
     -1.272476e-12
     -3.562419e-13
      5.131215e-13
      1.037466e-12
      1.112226e-12
      8.338301e-13
      4.028573e-13
      6.713768e-15
     -2.427911e-13
     -3.019517e-13
     -1.602150e-13
      1.705123e-13
      6.306799e-13
      1.089362e-12
      1.370204e-12
      1.334958e-12
      9.743877e-13
      4.336511e-13
     -6.111802e-14
     -3.334776e-13
     -3.543983e-13
     -2.382096e-13
     -1.446393e-13
     -1.642606e-13
     -2.705750e-13
     -3.634314e-13
     -3.581571e-13
     -2.492987e-13
     -1.092544e-13
     -3.471844e-14
     -8.403036e-14
     -2.426041e-13
     -4.295817e-13
     -5.387156e-13
     -4.955173e-13
     -3.055015e-13
     -6.605119e-14
      7.333597e-14
     -1.100395e-14
     -3.424090e-13
     -8.186018e-13
     -1.254281e-12
     -1.470169e-12
     -1.381118e-12
     -1.037924e-12
     -6.019538e-13
     -2.643010e-13
     -1.492859e-13
     -2.542697e-13
     -4.627739e-13
     -6.251119e-13
     -6.527117e-13
     -5.576209e-13
     -4.089821e-13
     -2.486980e-13
     -4.853977e-14
      2.429508e-13
      6.019608e-13
      8.794854e-13
      8.718912e-13
      4.781381e-13
     -1.829469e-13
     -8.106160e-13
     -1.110647e-12
     -9.975974e-13
     -6.484850e-13
     -3.584561e-13
     -3.108095e-13
     -4.460753e-13
     -5.331192e-13
     -3.777283e-13
      6.956268e-15
      4.068476e-13
      5.798898e-13
      4.512986e-13
      1.744618e-13
      1.222685e-14
      1.336879e-13
      4.823568e-13
      8.124231e-13
      8.616054e-13
      5.302213e-13
     -6.115391e-14
     -6.650826e-13
     -1.067873e-12
     -1.194871e-12
     -1.099958e-12
     -8.806845e-13
     -6.098908e-13
     -3.337959e-13
     -1.058301e-13
      9.736525e-15
     -1.319109e-14
     -1.103248e-13
     -1.418857e-13
      1.174124e-14
      3.414568e-13
      6.830913e-13
      8.109091e-13
      5.923417e-13
      9.095212e-14
     -4.609496e-13
     -8.012685e-13
     -7.874550e-13
     -4.540944e-13
      4.374152e-14
      5.339514e-13
      8.889507e-13
      1.018415e-12
      8.452095e-13
      3.295578e-13
     -4.607297e-13
     -1.311066e-12
     -1.925338e-12
     -2.079060e-12
     -1.752505e-12
     -1.136508e-12
     -5.029751e-13
     -4.099478e-14
      2.201197e-13
      3.613809e-13
      4.638365e-13
      5.387857e-13
      5.451158e-13
      4.559963e-13
      3.011956e-13
      1.470148e-13
      3.934671e-14
     -3.444048e-14
     -1.327474e-13
     -3.105224e-13
     -5.731229e-13
     -8.623809e-13
     -1.078421e-12
     -1.124557e-12
     -9.583015e-13
     -6.270266e-13
     -2.614151e-13
     -1.121390e-14
      5.341478e-14
      8.528924e-15
      4.358978e-14
      3.253918e-13
      8.456693e-13
      1.378815e-12
      1.612104e-12
      1.372085e-12
      7.598667e-13
      3.895414e-14
     -6.557140e-13
     -1.386825e-12
     -1.756631e-12
      2.607092e-13
      7.865902e-12
      1.940307e-11
      1.545861e-11
     -4.896562e-11
     -2.120503e-10
     -3.860961e-10
     -1.580287e-10
      1.307009e-09
      4.777316e-09
      9.163920e-09
      7.990099e-09
     -1.483013e-08
     -8.547796e-08
     -2.270071e-07
     -4.152392e-07
     -4.791493e-07
      8.465995e-08
      2.416139e-06
      8.745383e-06
      2.302026e-05
      5.172322e-05
      1.048798e-04
      1.972449e-04
      3.496320e-04
      5.903188e-04
      9.564278e-04
      1.495113e-03
      2.264273e-03
      3.332291e-03
      4.776031e-03
      6.676111e-03
      9.108880e-03
      1.213615e-02
      1.579688e-02
      2.010922e-02
      2.509365e-02
      3.082593e-02
      3.751851e-02
      4.561388e-02
      5.585845e-02
      6.932215e-02
      8.734302e-02
      1.114062e-01
      1.429988e-01
      1.834972e-01
      2.341329e-01
      2.960457e-01
      3.703930e-01
      4.584640e-01
      5.617520e-01
      6.819684e-01
      8.210157e-01
      9.809470e-01
      1.163939e+00
      1.372285e+00
      1.608397e+00
      1.874805e+00
      2.174152e+00
      2.509170e+00
      2.882660e+00
      3.297464e+00
      3.756435e+00
      4.262403e+00
      4.818129e+00
      5.426252e+00
      6.089218e+00
      6.809198e+00
      7.587989e+00
      8.426891e+00
      9.326554e+00
      1.028679e+01
      1.130637e+01
      1.238270e+01
      1.351151e+01
      1.468642e+01
      1.589843e+01
      1.713524e+01
      1.838046e+01
      1.961268e+01
      2.080421e+01
      2.191978e+01
      2.291485e+01
      2.373385e+01
      2.430832e+01
      2.455531e+01
      2.437681e+01
      2.366241e+01
      2.229869e+01
      2.019064e+01
      1.729963e+01
      1.369740e+01
      9.625506e+00
      5.536988e+00
      2.089127e+00
      6.285816e-02
      2.089774e-01
      3.058106e+00
      8.761603e+00
      1.703334e+01
      2.722793e+01
      3.853184e+01
      5.019138e+01
      6.168540e+01
      7.278317e+01
      8.348756e+01
      9.391700e+01
      1.041952e+02
      1.143941e+02
      1.245335e+02
      1.346107e+02
      1.446266e+02
      1.545931e+02
      1.645260e+02
      1.744326e+02
      1.843080e+02
      1.941359e+02
      2.038938e+02
      2.135545e+02
      2.230860e+02
      2.324492e+02
      2.415965e+02
      2.504712e+02
      2.590063e+02
      2.671241e+02
      2.747343e+02
      2.817315e+02
      2.879931e+02
      2.933761e+02
      2.977138e+02
      3.008120e+02
      3.024432e+02
      3.023417e+02
      3.001963e+02
      2.956431e+02
      2.882563e+02
      2.775401e+02
      2.629192e+02
      2.437327e+02
      2.192312e+02
      1.885836e+02
      1.509010e+02
      1.052961e+02
      5.101003e+01
     -1.234741e+01
     -8.439571e+01
     -1.634169e+02
     -2.457199e+02
     -3.251808e+02
     -3.933214e+02
     -4.402654e+02
     -4.566548e+02
     -4.361497e+02
     -3.776738e+02
     -2.864069e+02
     -1.728682e+02
     -5.022386e+01
      6.920225e+01
      1.768224e+02
      2.689951e+02
      3.463240e+02
      4.117333e+02
      4.684435e+02
      5.187361e+02
      5.637489e+02
      6.039366e+02
      6.396270e+02
      6.712930e+02
      6.995078e+02
      7.247730e+02
      7.474105e+02
      7.675768e+02
      7.853412e+02
      8.007495e+02
      8.138369e+02
      8.246112e+02
      8.330366e+02
      8.390317e+02
      8.424776e+02
      8.432231e+02
      8.410840e+02
      8.358366e+02
      8.272128e+02
      8.148939e+02
      7.985058e+02
      7.776116e+02
      7.517022e+02
      7.201858e+02
      6.823755e+02
      6.374758e+02
      5.845690e+02
      5.226004e+02
      4.503670e+02
      3.665098e+02
      2.695188e+02
      1.577574e+02
      2.952103e+01
     -1.168410e+02
     -2.826940e+02
     -4.686918e+02
     -6.740479e+02
     -8.954181e+02
     -1.125457e+03
     -1.351404e+03
     -1.554429e+03
     -1.710701e+03
     -1.794904e+03
     -1.786051e+03
     -1.674138e+03
     -1.465110e+03
     -1.181564e+03
     -8.580489e+02
     -5.322132e+02
     -2.351629e+02
      1.510364e+01
      2.148498e+02
      3.707370e+02
      4.936222e+02
      5.932476e+02
      6.757881e+02
      7.442026e+02
      7.999233e+02
      8.442990e+02
      8.790535e+02
      9.059786e+02
      9.264867e+02
      9.414549e+02
      9.513746e+02
      9.565856e+02
      9.574048e+02
      9.541241e+02
      9.469606e+02
      9.360325e+02
      9.213759e+02
      9.029721e+02
      8.807614e+02
      8.546404e+02
      8.244548e+02
      7.899946e+02
      7.509929e+02
      7.071229e+02
      6.579936e+02
      6.031411e+02
      5.420207e+02
      4.739973e+02
      3.983367e+02
      3.141967e+02
      2.206193e+02
      1.165289e+02
      7.371413e-01
     -1.280347e+02
     -2.711087e+02
     -4.297596e+02
     -6.050530e+02
     -7.975622e+02
     -1.006885e+03
     -1.230863e+03
     -1.464447e+03
     -1.698324e+03
     -1.917727e+03
     -2.102213e+03
     -2.227374e+03
     -2.269054e+03
     -2.209646e+03
     -2.044662e+03
     -1.786824e+03
     -1.465203e+03
     -1.118783e+03
     -7.864297e+02
     -4.971879e+02
     -2.648261e+02
     -8.840288e+01
      4.237612e+01
      1.403124e+02
      2.156859e+02
      2.745686e+02
      3.198469e+02
      3.531576e+02
      3.762002e+02
      3.909650e+02
      3.993199e+02
      4.026259e+02
      4.017005e+02
      3.970390e+02
      3.890389e+02
      3.780859e+02
      3.645277e+02
      3.486297e+02
      3.305709e+02
      3.104706e+02
      2.884157e+02
      2.644697e+02
      2.386700e+02
      2.110251e+02
      1.815156e+02
      1.500976e+02
      1.167045e+02
      8.124709e+01
      4.361219e+01
      3.662233e+00
     -3.876489e+01
     -8.385528e+01
     -1.318177e+02
     -1.828804e+02
     -2.372850e+02
     -2.952745e+02
     -3.570742e+02
     -4.228597e+02
     -4.927060e+02
     -5.665076e+02
     -6.438543e+02
     -7.238383e+02
     -8.047737e+02
     -8.838341e+02
     -9.566845e+02
     -1.017296e+03
     -1.058227e+03
     -1.071652e+03
     -1.051187e+03
     -9.941508e+02
     -9.034425e+02
     -7.880620e+02
     -6.616421e+02
     -5.392224e+02
     -4.334029e+02
     -3.514427e+02
     -2.944560e+02
     -2.588120e+02
     -2.387755e+02
     -2.289969e+02
     -2.258417e+02
     -2.274102e+02
     -2.328072e+02
     -2.413967e+02
     -2.524620e+02
     -2.652513e+02
     -2.791480e+02
     -2.937518e+02
     -3.088281e+02
     -3.242099e+02
     -3.397345e+02
     -3.552357e+02
     -3.705604e+02
     -3.855768e+02
     -4.001671e+02
     -4.142154e+02
     -4.275992e+02
     -4.401874e+02
     -4.518388e+02
     -4.624001e+02
     -4.717012e+02
     -4.795505e+02
     -4.857297e+02
     -4.899889e+02
     -4.920405e+02
     -4.915515e+02
     -4.881360e+02
     -4.813446e+02
     -4.706543e+02
     -4.554564e+02
     -4.350450e+02
     -4.086051e+02
     -3.752053e+02
     -3.337972e+02
     -2.832300e+02
     -2.222918e+02
     -1.498010e+02
     -6.478852e+01
      3.316546e+01
      1.433692e+02
      2.632082e+02
      3.872067e+02
      5.063144e+02
      6.079905e+02
      6.776482e+02
      7.016240e+02
      6.710646e+02
      5.853358e+02
      4.533113e+02
      2.915572e+02
      1.198242e+02
     -4.435634e+01
     -1.896921e+02
     -3.122604e+02
     -4.138167e+02
     -4.987043e+02
     -5.711346e+02
     -6.338982e+02
     -6.884603e+02
     -7.356775e+02
     -7.763704e+02
     -8.114568e+02
     -8.417947e+02
     -8.680215e+02
     -8.905339e+02
     -9.095741e+02
     -9.253173e+02
     -9.379045e+02
     -9.474332e+02
     -9.539433e+02
     -9.574179e+02
     -9.577934e+02
     -9.549669e+02
     -9.487961e+02
     -9.390960e+02
     -9.256345e+02
     -9.081284e+02
     -8.862397e+02
     -8.595687e+02
     -8.276462e+02
     -7.899239e+02
     -7.457636e+02
     -6.944247e+02
     -6.350513e+02
     -5.666581e+02
     -4.881171e+02
     -3.981479e+02
     -2.953143e+02
     -1.780350e+02
     -4.461925e+01
      1.066551e+02
      2.773930e+02
      4.688144e+02
      6.812861e+02
      9.135433e+02
      1.161496e+03
      1.416655e+03
      1.664546e+03
      1.883931e+03
      2.048005e+03
      2.128529e+03
      2.102731e+03
      1.961169e+03
      1.713306e+03
      1.387600e+03
      1.024979e+03
      6.677680e+02
      3.486279e+02
      8.418531e+01
     -1.245719e+02
     -2.866180e+02
     -4.137448e+02
     -5.155304e+02
     -5.978208e+02
     -6.637856e+02
     -7.156203e+02
     -7.555142e+02
     -7.856740e+02
     -8.079556e+02
     -8.236564e+02
     -8.336094e+02
     -8.384044e+02
     -8.385352e+02
     -8.344280e+02
     -8.264149e+02
     -8.147245e+02
     -7.994998e+02
     -7.808241e+02
     -7.587332e+02
     -7.332168e+02
     -7.042166e+02
     -6.716256e+02
     -6.352888e+02
     -5.950027e+02
     -5.505118e+02
     -5.015040e+02
     -4.476055e+02
     -3.883743e+02
     -3.232945e+02
     -2.517690e+02
     -1.731133e+02
     -8.655227e+01
      8.780482e+00
      1.138335e+02
      2.296148e+02
      3.571456e+02
      4.973739e+02
      6.510279e+02
      8.183684e+02
      9.987853e+02
      1.190160e+03
      1.387938e+03
      1.583980e+03
      1.765525e+03
      1.914951e+03
      2.011248e+03
      2.033807e+03
      1.968171e+03
      1.811992e+03
      1.578487e+03
      1.295032e+03
      9.965663e+02
      7.161171e+02
      4.764735e+02
      2.865095e+02
      1.430941e+02
      3.661715e+01
     -4.325266e+01
     -1.041765e+02
     -1.506597e+02
     -1.852730e+02
     -2.099822e+02
     -2.267188e+02
     -2.372790e+02
     -2.430637e+02
     -2.450160e+02
     -2.437610e+02
     -2.397759e+02
     -2.334733e+02
     -2.252043e+02
     -2.152429e+02
     -2.037915e+02
     -1.910016e+02
     -1.769908e+02
     -1.618507e+02
     -1.456469e+02
     -1.284211e+02
     -1.101929e+02
     -9.096279e+01
     -7.071319e+01
     -4.940863e+01
     -2.699554e+01
     -3.402058e+00
      2.146234e+01
      4.770721e+01
      7.546140e+01
      1.048728e+02
      1.361068e+02
      1.693435e+02
      2.047708e+02
      2.425736e+02
      2.829144e+02
      3.259015e+02
      3.715394e+02
      4.196496e+02
      4.697510e+02
      5.208802e+02
      5.713492e+02
      6.184696e+02
      6.583545e+02
      6.859960e+02
      6.958544e+02
      6.830710e+02
      6.451102e+02
      5.832459e+02
      5.031142e+02
      4.137862e+02
      3.254862e+02
      2.468306e+02
      1.827940e+02
      1.342392e+02
      9.898767e+01
      7.362788e+01
      5.505985e+01
      4.118881e+01
      3.082644e+01
      2.325614e+01
      1.789223e+01
      1.418232e+01
      1.165800e+01
      9.985489e+00
      8.952336e+00
      8.416673e+00
      8.266583e+00
      8.406993e+00
      8.761868e+00
      9.275441e+00
      9.907844e+00
      1.062920e+01
      1.141609e+01
      1.225047e+01
      1.311924e+01
      1.401344e+01
      1.492737e+01
      1.585785e+01
      1.680379e+01
      1.776601e+01
      1.874693e+01
      1.975040e+01
      2.078148e+01
      2.184632e+01
      2.295200e+01
      2.410635e+01
      2.531770e+01
      2.659453e+01
      2.794491e+01
      2.937573e+01
      3.089141e+01
      3.249196e+01
      3.417021e+01
      3.590749e+01
      3.766752e+01
      3.938776e+01
      4.096856e+01
      4.226212e+01
      4.306748e+01
      4.314136e+01
      4.223565e+01
      4.016364e+01
      3.688089e+01
      3.254740e+01
      2.753247e+01
      2.234224e+01
      1.748793e+01
      1.334895e+01
      1.009204e+01
      7.678173e+00
      5.940278e+00
      4.681251e+00
      3.742765e+00
      3.025473e+00
      2.473793e+00
      2.051953e+00
      1.729736e+00
      1.480298e+00
      1.282846e+00
      1.123658e+00
      9.941950e-01
      8.884964e-01
      8.017010e-01
      7.297906e-01
      6.696966e-01
      6.192027e-01
      5.766658e-01
      5.407822e-01
      5.104868e-01
      4.849256e-01
      4.634277e-01
      4.454642e-01
      4.306109e-01
      4.185259e-01
      4.089367e-01
      4.016296e-01
      3.964398e-01
      3.932433e-01
      3.919507e-01
      3.925022e-01
      3.948634e-01
      3.990209e-01
      4.049772e-01
      4.127451e-01
      4.223397e-01
      4.337664e-01
      4.470042e-01
      4.619799e-01
      4.785309e-01
      4.963498e-01
      5.149053e-01
      5.333324e-01
      5.502938e-01
      5.638390e-01
      5.713368e-01
      5.696128e-01
      5.554312e-01
      5.263634e-01
      4.818528e-01
      4.240330e-01
      3.577757e-01
      2.897002e-01
      2.264093e-01
      1.726959e-01
      1.305427e-01
      9.929468e-02
      7.673029e-02
      6.032742e-02
      4.809804e-02
      3.879022e-02
      3.167312e-02
      2.625004e-02
      2.210590e-02
      1.889092e-02
      1.634557e-02
      1.429940e-02
      1.264165e-02
      1.129132e-02
      1.018318e-02
      9.265440e-03
      8.499444e-03
      7.856918e-03
      7.316347e-03
      6.860600e-03
      6.475926e-03
      6.151463e-03
      5.878675e-03
      5.650789e-03
      5.462370e-03
      5.309065e-03
      5.187420e-03
      5.094727e-03
      5.028895e-03
      4.988349e-03
      4.971952e-03
      4.978949e-03
      5.008901e-03
      5.061637e-03
      5.137190e-03
      5.235723e-03
      5.357423e-03
      5.502360e-03
      5.670264e-03
      5.860205e-03
      6.070118e-03
      6.296102e-03
      6.531424e-03
      6.765143e-03
      6.980370e-03
      7.152470e-03
      7.248142e-03
      7.227016e-03
      7.047684e-03
      6.678815e-03
      6.113027e-03
      5.377657e-03
      4.535426e-03
      3.671362e-03
      2.869646e-03
      2.190459e-03
      1.657678e-03
      1.261990e-03
      9.751321e-04
      7.658598e-04
      6.098245e-04
      4.915135e-04
      4.014498e-04
      3.329293e-04
      2.804615e-04
      2.396385e-04
      2.072942e-04
      1.813329e-04
      1.603325e-04
      1.432267e-04
      1.291743e-04
      1.175285e-04
      1.078101e-04
      9.966176e-05
      9.280711e-05
      8.702682e-05
      8.214712e-05
      7.803125e-05
      7.457119e-05
      7.168071e-05
      6.929073e-05
      6.734608e-05
      6.580304e-05
      6.462728e-05
      6.379223e-05
      6.327792e-05
      6.306995e-05
      6.315870e-05
      6.353864e-05
      6.420759e-05
      6.516596e-05
      6.641579e-05
      6.795947e-05
      6.979785e-05
      7.192749e-05
      7.433658e-05
      7.699887e-05
      7.986487e-05
      8.284926e-05
      8.581360e-05
      8.854454e-05
      9.073103e-05
      9.195173e-05
      9.169347e-05
      8.942630e-05
      8.474569e-05
      7.755335e-05
      6.819966e-05
      5.749280e-05
      4.652585e-05
      3.637192e-05
      2.778528e-05
      2.105140e-05
      1.603940e-05
      1.239122e-05
      9.721233e-06
      7.731475e-06
      6.228661e-06
      5.089088e-06
      4.222780e-06
      3.557982e-06
      3.039579e-06
      2.628829e-06
      2.299624e-06
      2.033575e-06
      1.816784e-06
      1.638541e-06
      1.490783e-06
      1.367512e-06
      1.264181e-06
      1.177250e-06
      1.103933e-06
      1.042035e-06
      9.898274e-07
      9.459397e-07
      9.092755e-07
      8.789589e-07
      8.542913e-07
      8.347185e-07
      8.198046e-07
      8.092125e-07
      8.026890e-07
      8.000515e-07
      8.011783e-07
      8.059983e-07
      8.144837e-07
      8.266398e-07
      8.424929e-07
      8.620733e-07
      8.853914e-07
      9.124031e-07
      9.429583e-07
      9.767239e-07
      1.013072e-06
      1.050921e-06
      1.088519e-06
      1.123169e-06
      1.150946e-06
      1.166520e-06
      1.163370e-06
      1.134716e-06
      1.075328e-06
      9.838931e-07
      8.649009e-07
      7.287779e-07
      5.895882e-07
      4.610094e-07
      3.524726e-07
      2.673594e-07
      2.038525e-07
      1.574377e-07
      1.233756e-07
      9.801888e-08
      7.894226e-08
      6.452272e-08
      5.356184e-08
      4.513306e-08
      3.855086e-08
      3.333795e-08
      2.916498e-08
      2.579391e-08
      2.304541e-08
      2.078422e-08
      1.890958e-08
      1.734599e-08
      1.603550e-08
      1.493292e-08
      1.400291e-08
      1.321775e-08
      1.255552e-08
      1.199870e-08
      1.153346e-08
      1.114890e-08
      1.083629e-08
      1.058842e-08
      1.039945e-08
      1.026498e-08
      1.018207e-08
      1.014877e-08
      1.016353e-08
      1.022512e-08
      1.033282e-08
      1.048662e-08
      1.068711e-08
      1.093507e-08
      1.123089e-08
      1.157393e-08
      1.196187e-08
      1.239015e-08
      1.285088e-08
      1.333078e-08
      1.380793e-08
      1.424804e-08
      1.460097e-08
      1.479907e-08
      1.475992e-08
      1.439748e-08
      1.364450e-08
      1.248298e-08
      1.096975e-08
      9.239039e-09
      7.472106e-09
      5.843640e-09
      4.471519e-09
      3.395434e-09
      2.590452e-09
      2.000008e-09
      1.565991e-09
      1.243407e-09
      1.001300e-09
      8.183014e-10
      6.788886e-10
      5.716100e-10
      4.881574e-10
      4.225009e-10
      3.701615e-10
      3.278358e-10
      2.932224e-10
      2.647389e-10
      2.411184e-10
      2.212037e-10
      2.040969e-10
      1.893781e-10
      1.770171e-10
      1.669955e-10
      1.590010e-10
      1.524539e-10
      1.467892e-10
      1.417327e-10
      1.373582e-10
      1.339028e-10
      1.315074e-10
      1.300805e-10
      1.293434e-10
      1.289867e-10
      1.288533e-10
      1.290648e-10
      1.299692e-10
      1.318754e-10
      1.347840e-10
      1.384034e-10
      1.424525e-10
      1.469101e-10
      1.519330e-10
      1.575555e-10
      1.635113e-10
      1.693590e-10
      1.747582e-10
      1.795853e-10
      1.836990e-10
      1.865018e-10
      1.867187e-10
      1.827247e-10
      1.732906e-10
      1.582435e-10
      1.386496e-10
      1.165077e-10
      9.417781e-11
      7.375740e-11
      5.660266e-11
      4.316969e-11
      3.318880e-11
      2.598169e-11
      2.073870e-11
      1.673472e-11
      1.349859e-11
      1.085319e-11
      8.777557e-12
      7.230415e-12
      6.113781e-12
      5.347429e-12
      4.883490e-12
      4.627533e-12
      4.407086e-12
      4.058953e-12
      3.528422e-12
      2.874371e-12
      2.215636e-12
      1.691680e-12
      1.427432e-12
      1.474808e-12
      1.776891e-12
      2.203956e-12
      2.615327e-12
      2.875981e-12
      2.861417e-12
      2.535824e-12
      2.058378e-12
      1.742235e-12
      1.810878e-12
      2.168496e-12
      2.455186e-12
      2.373353e-12
      1.973127e-12
      1.617343e-12
      1.659830e-12
      2.135005e-12
      2.736627e-12
      3.092384e-12
      3.066264e-12
      2.811697e-12
      2.571396e-12
      2.469088e-12
      2.485376e-12
      2.563794e-12
      2.681448e-12
      2.831503e-12
      2.988669e-12
      3.108009e-12
      3.135919e-12
      3.017664e-12
      2.723677e-12
      2.289469e-12
      1.812896e-12
      1.383582e-12
      1.007919e-12
      6.149937e-13
      1.531558e-13
     -3.009377e-13
     -5.319561e-13
     -3.369314e-13
      2.479948e-13
      8.785299e-13
      1.141453e-12
      9.187559e-13
      4.914228e-13
      2.495937e-13
      3.146674e-13
      4.586960e-13
      3.585231e-13
     -9.569351e-14
     -6.938929e-13
     -1.046058e-12
     -8.577254e-13
     -1.603442e-13
      6.819671e-13
      1.223388e-12
      1.247217e-12
      8.680689e-13
      3.644911e-13
     -6.172802e-14
     -3.794577e-13
     -6.434999e-13
     -8.622039e-13
     -9.545413e-13
     -8.311309e-13
     -5.127032e-13
     -1.480800e-13
      1.116050e-13
      2.487655e-13
      3.543007e-13
      4.659489e-13
      4.846283e-13
      2.925188e-13
     -7.327510e-14
     -4.204344e-13
     -5.827481e-13
     -5.649866e-13
     -4.948447e-13
     -4.694011e-13
     -4.788526e-13
     -4.476768e-13
     -2.948482e-13
      3.629007e-14
      5.289695e-13
      1.025739e-12
      1.259007e-12
      1.041017e-12
      4.673543e-13
     -9.191878e-14
     -2.506285e-13
      9.908206e-14
      7.064928e-13
      1.155432e-12
      1.170109e-12
      7.931559e-13
      3.008590e-13
     -5.507552e-14
     -2.300707e-13
     -3.315599e-13
     -4.332164e-13
     -5.017601e-13
     -5.041527e-13
     -5.073522e-13
     -5.990899e-13
     -7.265863e-13
     -6.940585e-13
     -3.682129e-13
      1.379319e-13
      5.302595e-13
      5.917451e-13
      3.638340e-13
      8.038037e-14
     -4.902725e-14
      1.311004e-14
      1.544043e-13
      2.328731e-13
      1.826653e-13
      5.491672e-14
     -2.003025e-14
      4.645053e-14
      1.668605e-13
      9.157951e-14
     -3.487307e-13
     -9.677347e-13
     -1.263564e-12
     -8.608501e-13
      3.761812e-14
      7.107329e-13
      5.389076e-13
     -3.863694e-13
      1.756592e-14
      4.852460e-13
      7.778793e-13
      7.736862e-13
      5.246777e-13
      2.909677e-13
      2.100893e-13
      1.053876e-13
     -2.886798e-13
     -9.282524e-13
     -1.380453e-12
     -1.198299e-12
     -3.630455e-13
      6.740028e-13
      1.383794e-12
      1.567621e-12
      1.383955e-12
      1.048148e-12
      6.172671e-13
      1.163234e-13
     -2.226950e-13
     -3.608585e-14
      7.447329e-13
      1.607467e-12
      1.773826e-12
      9.172763e-13
     -4.533960e-13
     -1.412081e-12
     -1.451711e-12
     -8.777757e-13
     -3.751416e-13
     -2.767636e-13
     -3.491779e-13
     -2.462069e-13
     -3.080730e-15
      1.271010e-14
     -4.417186e-13
     -1.189827e-12
     -1.772644e-12
     -1.793453e-12
     -1.165454e-12
     -1.690270e-13
      6.777758e-13
      9.246321e-13
      5.118950e-13
     -1.829453e-13
     -6.690840e-13
     -7.346213e-13
     -5.199441e-13
     -2.521398e-13
      6.452249e-15
      3.083589e-13
      5.825068e-13
      5.638102e-13
      4.687856e-14
     -7.980042e-13
     -1.452878e-12
     -1.488246e-12
     -9.879079e-13
     -4.875613e-13
     -4.530552e-13
     -8.397525e-13
     -1.187856e-12
     -1.104283e-12
     -5.874727e-13
      7.905877e-14
      6.141074e-13
      8.638937e-13
      7.718329e-13
      3.933671e-13
     -5.871116e-14
     -3.270759e-13
     -3.417935e-13
     -2.629176e-13
     -2.214237e-13
     -9.437103e-14
      3.291037e-13
      9.535629e-13
      1.286698e-12
      8.627870e-13
     -2.444064e-13
     -1.395441e-12
     -1.909561e-12
     -1.632468e-12
     -1.010550e-12
     -6.199971e-13
     -6.137415e-13
     -6.312326e-13
     -2.604978e-13
      4.541748e-13
      1.042525e-12
      1.138265e-12
      8.612537e-13
      6.123780e-13
      6.136117e-13
      8.059696e-13
      1.138067e-12
      1.708846e-12
      2.502100e-12
      3.135542e-12
      3.103975e-12
      2.316241e-12
      1.275246e-12
      6.628015e-13
      7.940373e-13
      1.482814e-12
      2.310801e-12
      2.912739e-12
      3.080904e-12
      2.804647e-12
      2.310316e-12
      1.957224e-12
      1.945061e-12
      2.114797e-12
      2.135437e-12
      1.916534e-12
      1.743214e-12
      1.926841e-12
      2.384180e-12
      2.685483e-12
      2.539809e-12
      2.138220e-12
      1.948588e-12
      2.206207e-12
      2.665259e-12
      2.847930e-12
      2.506298e-12
      1.854366e-12
      1.391879e-12
      1.498112e-12
      2.133609e-12
      2.887602e-12
      3.335975e-12
      3.404374e-12
      3.397249e-12
      3.660046e-12
      4.226933e-12
      4.823400e-12
      5.184016e-12
      5.307172e-12
      5.414454e-12
      5.770566e-12
      6.618544e-12
      8.226740e-12
      1.085852e-11
      1.463339e-11
      1.949991e-11
      2.548834e-11
      3.305922e-11
      4.314234e-11
      5.669105e-11
      7.403661e-11
      9.450283e-11
      1.164842e-10
      1.378642e-10
      1.565706e-10
      1.711122e-10
      1.809041e-10
      1.861896e-10
      1.876145e-10
      1.858292e-10
      1.814580e-10
      1.753373e-10
      1.685898e-10
      1.622870e-10
      1.569512e-10
      1.523712e-10
      1.479506e-10
      1.433493e-10
      1.388918e-10
      1.353340e-10
      1.331416e-10
      1.320078e-10
      1.311811e-10
      1.302662e-10
      1.295769e-10
      1.297060e-10
      1.309244e-10
      1.330640e-10
      1.357994e-10
      1.389102e-10
      1.424174e-10
      1.466594e-10
      1.521877e-10
      1.594119e-10
      1.683119e-10
      1.785979e-10
      1.902093e-10
      2.036363e-10
      2.197514e-10
      2.393829e-10
      2.631236e-10
      2.915912e-10
      3.258766e-10
      3.677931e-10
      4.198718e-10
      4.853755e-10
      5.685606e-10
      6.752016e-10
      8.133313e-10
      9.941501e-10
      1.233142e-09
      1.551944e-09
      1.981877e-09
      2.568081e-09
      3.368597e-09
      4.440120e-09
      5.808412e-09
      7.435458e-09
      9.205386e-09
      1.094475e-08
      1.247171e-08
      1.364950e-08
      1.441782e-08
      1.479186e-08
      1.483783e-08
      1.464249e-08
      1.428987e-08
      1.384917e-08
      1.337129e-08
      1.289051e-08
      1.242838e-08
      1.199797e-08
      1.160738e-08
      1.126156e-08
      1.096308e-08
      1.071260e-08
      1.050976e-08
      1.035390e-08
      1.024449e-08
      1.018129e-08
      1.016482e-08
      1.019652e-08
      1.027834e-08
      1.041224e-08
      1.060053e-08
      1.084705e-08
      1.115775e-08
      1.154026e-08
      1.200347e-08
      1.255792e-08
      1.321705e-08
      1.399826e-08
      1.492368e-08
      1.602112e-08
      1.732559e-08
      1.888162e-08
      2.074660e-08
      2.299578e-08
      2.572909e-08
      2.907956e-08
      3.322347e-08
      3.839701e-08
      4.492893e-08
      5.329258e-08
      6.416044e-08
      7.843798e-08
      9.730568e-08
      1.223833e-07
      1.561058e-07
      2.021309e-07
      2.652092e-07
      3.498962e-07
      4.581147e-07
      5.866421e-07
      7.261869e-07
      8.630980e-07
      9.831900e-07
      1.075820e-06
      1.136287e-06
      1.165777e-06
      1.169485e-06
      1.154227e-06
      1.126582e-06
      1.091934e-06
      1.054253e-06
      1.016267e-06
      9.797511e-07
      9.458036e-07
      9.150627e-07
      8.878685e-07
      8.643751e-07
      8.446281e-07
      8.286168e-07
      8.163099e-07
      8.076810e-07
      8.027249e-07
      8.014689e-07
      8.039814e-07
      8.103810e-07
      8.208470e-07
      8.356304e-07
      8.550660e-07
      8.795874e-07
      9.097455e-07
      9.462347e-07
      9.899249e-07
      1.041904e-06
      1.103535e-06
      1.176533e-06
      1.263074e-06
      1.365918e-06
      1.488579e-06
      1.635583e-06
      1.812887e-06
      2.028454e-06
      2.292812e-06
      2.619689e-06
      3.027408e-06
      3.542014e-06
      4.201792e-06
      5.060679e-06
      6.188828e-06
      7.675072e-06
      9.643026e-06
      1.228651e-05
      1.590387e-05
      2.088150e-05
      2.758124e-05
      3.614290e-05
      4.629360e-05
      5.728940e-05
      6.805858e-05
      7.749846e-05
      8.478430e-05
      8.954960e-05
      9.188262e-05
      9.218519e-05
      9.098967e-05
      8.881368e-05
      8.608294e-05
      8.311200e-05
      8.011677e-05
      7.723754e-05
      7.456091e-05
      7.213722e-05
      6.999321e-05
      6.814098e-05
      6.658412e-05
      6.532181e-05
      6.435163e-05
      6.367148e-05
      6.328084e-05
      6.318179e-05
      6.337972e-05
      6.388411e-05
      6.470917e-05
      6.587472e-05
      6.740708e-05
      6.934035e-05
      7.171795e-05
      7.459465e-05
      7.803903e-05
      8.213679e-05
      8.699539e-05
      9.275058e-05
      9.957440e-05
      1.076840e-04
      1.173544e-04
      1.289415e-04
      1.429210e-04
      1.599294e-04
      1.807930e-04
      2.065683e-04
      2.386773e-04
      2.792094e-04
      3.312852e-04
      3.992126e-04
      4.883641e-04
      6.053720e-04
      7.597109e-04
      9.669115e-04
      1.251321e-03
      1.644249e-03
      2.174296e-03
      2.851527e-03
      3.653053e-03
      4.519456e-03
      5.366619e-03
      6.108749e-03
      6.681858e-03
      7.057373e-03
      7.241894e-03
      7.266526e-03
      7.172853e-03
      7.001588e-03
      6.786379e-03
      6.552138e-03
      6.315961e-03
      6.088934e-03
      5.877891e-03
      5.686798e-03
      5.517761e-03
      5.371733e-03
      5.248993e-03
      5.149476e-03
      5.072992e-03
      5.019372e-03
      4.988577e-03
      4.980769e-03
      4.996374e-03
      5.036138e-03
      5.101183e-03
      5.193069e-03
      5.313873e-03
      5.466283e-03
      5.653726e-03
      5.880522e-03
      6.152070e-03
      6.475111e-03
      6.858132e-03
      7.311902e-03
      7.850015e-03
      8.489458e-03
      9.251685e-03
      1.016490e-02
      1.126735e-02
      1.260985e-02
      1.425654e-02
      1.628797e-02
      1.881518e-02
      2.200782e-02
      2.612108e-02
      3.149665e-02
      3.854120e-02
      4.774695e-02
      5.984435e-02
      7.608477e-02
      9.845428e-02
      1.294808e-01
      1.714160e-01
      2.249764e-01
      2.882571e-01
      3.565216e-01
      4.231690e-01
      4.815193e-01
      5.266034e-01
      5.561927e-01
      5.707831e-01
      5.727846e-01
      5.654453e-01
      5.519666e-01
      5.350066e-01
      5.165383e-01
      4.979154e-01
      4.800143e-01
      4.633742e-01
      4.483077e-01
      4.349806e-01
      4.234678e-01
      4.137913e-01
      4.059457e-01
      3.999160e-01
      3.956889e-01
      3.932613e-01
      3.926457e-01
      3.938760e-01
      3.970109e-01
      4.021388e-01
      4.093827e-01
      4.189061e-01
      4.309214e-01
      4.456992e-01
      4.635799e-01
      4.849872e-01
      5.104520e-01
      5.406473e-01
      5.764277e-01
      6.188611e-01
      6.692654e-01
      7.293149e-01
      8.012599e-01
      8.881813e-01
      9.940874e-01
      1.123860e+00
      1.283573e+00
      1.481941e+00
      1.732769e+00
      2.056681e+00
      2.480162e+00
      3.033174e+00
      3.751588e+00
      4.691346e+00
      5.952108e+00
      7.692530e+00
      1.011094e+01
      1.337775e+01
      1.753780e+01
      2.243119e+01
      2.768365e+01
      3.278497e+01
      3.722555e+01
      4.063007e+01
      4.283302e+01
      4.387597e+01
      4.394607e+01
      4.329448e+01
      4.216872e+01
      4.077432e+01
      3.926341e+01
      3.773973e+01
      3.626966e+01
      3.489328e+01
      3.363302e+01
      3.249993e+01
      3.149788e+01
      3.062654e+01
      2.988326e+01
      2.926437e+01
      2.876598e+01
      2.838458e+01
      2.811732e+01
      2.796233e+01
      2.791882e+01
      2.798732e+01
      2.816972e+01
      2.846953e+01
      2.889205e+01
      2.944455e+01
      3.013663e+01
      3.098053e+01
      3.199183e+01
      3.319032e+01
      3.460072e+01
      3.625324e+01
      3.818476e+01
      4.044228e+01
      4.308832e+01
      4.620486e+01
      4.989249e+01
      5.426946e+01
      5.948527e+01
      6.575959e+01
      7.342966e+01
      8.296204e+01
      9.490505e+01
      1.098437e+02
      1.284993e+02
      1.520665e+02
      1.826430e+02
      2.233350e+02
      2.775839e+02
      3.476399e+02
      4.327492e+02
      5.280457e+02
      6.249679e+02
      7.132581e+02
      7.837305e+02
      8.306005e+02
      8.524679e+02
      8.518007e+02
      8.334512e+02
      8.029953e+02
      7.654920e+02
      7.248763e+02
      6.838733e+02
      6.441968e+02
      6.068267e+02
      5.722549e+02
      5.406658e+02
      5.120579e+02
      4.863234e+02
      4.632989e+02
      4.427974e+02
      4.246280e+02
      4.086073e+02
      3.945657e+02
      3.823511e+02
      3.718298e+02
      3.628872e+02
      3.554273e+02
      3.493726e+02
      3.446633e+02
      3.412576e+02
      3.391311e+02
      3.382771e+02
      3.387083e+02
      3.404582e+02
      3.435842e+02
      3.481687e+02
      3.543208e+02
      3.621833e+02
      3.719493e+02
      3.838813e+02
      3.983156e+02
      4.156503e+02
      4.363523e+02
      4.610391e+02
      4.906409e+02
      5.265302e+02
      5.704609e+02
      6.243237e+02
      6.900606e+02
      7.702340e+02
      8.693379e+02
      9.950161e+02
      1.157616e+03
      1.366866e+03
      1.626162e+03
      1.926979e+03
      2.246813e+03
      2.552684e+03
      2.809388e+03
      2.989052e+03
      3.077912e+03
      3.077899e+03
      3.003287e+03
      2.874710e+03
      2.713336e+03
      2.536971e+03
      2.358537e+03
      2.186287e+03
      2.024842e+03
      1.876358e+03
      1.741461e+03
      1.619895e+03
      1.510926e+03
      1.413594e+03
      1.326865e+03
      1.249715e+03
      1.181178e+03
      1.120374e+03
      1.066509e+03
      1.018885e+03
      9.768880e+02
      9.399882e+02
      9.077293e+02
      8.797235e+02
      8.556451e+02
      8.352255e+02
      8.182483e+02
      8.045463e+02
      7.940004e+02
      7.865398e+02
      7.821419e+02
      7.808306e+02
      7.826780e+02
      7.878169e+02
      7.964641e+02
      8.089373e+02
      8.256460e+02
      8.470706e+02
      8.737931e+02
      9.066405e+02
      9.468931e+02
      9.963720e+02
      1.057240e+03
      1.131651e+03
      1.221790e+03
      1.330828e+03
      1.464601e+03
      1.632682e+03
      1.846921e+03
      2.116499e+03
      2.440792e+03
      2.803597e+03
      3.172527e+03
      3.505210e+03
      3.760297e+03
      3.908678e+03
      3.940246e+03
      3.864005e+03
      3.702591e+03
      3.484360e+03
      3.236363e+03
      2.980105e+03
      2.730280e+03
      2.495524e+03
      2.280020e+03
      2.085085e+03
      1.910380e+03
      1.754700e+03
      1.616443e+03
      1.493888e+03
      1.385340e+03
      1.289214e+03
      1.204071e+03
      1.128626e+03
      1.061752e+03
      1.002461e+03
      9.498980e+02
      9.033238e+02
      8.621024e+02
      8.256886e+02
      7.936171e+02
      7.654926e+02
      7.409822e+02
      7.198085e+02
      7.017455e+02
      6.866141e+02
      6.742789e+02
      6.646438e+02
      6.576528e+02
      6.532968e+02
      6.516226e+02
      6.527330e+02
      6.567748e+02
      6.639311e+02
      6.744543e+02
      6.887495e+02
      7.074562e+02
      7.314281e+02
      7.615779e+02
      7.987299e+02
      8.437534e+02
      8.981272e+02
      9.646516e+02
      1.047557e+03
      1.151248e+03
      1.277613e+03
      1.422918e+03
      1.576050e+03
      1.719549e+03
      1.833571e+03
      1.901304e+03
      1.913558e+03
      1.870700e+03
      1.781441e+03
      1.659448e+03
      1.519413e+03
      1.374029e+03
      1.232486e+03
      1.100367e+03
      9.803532e+02
      8.731769e+02
      7.784393e+02
      6.951819e+02
      6.222276e+02
      5.583659e+02
      5.024453e+02
      4.534164e+02
      4.103465e+02
      3.724198e+02
      3.389297e+02
      3.092675e+02
      2.829107e+02
      2.594106e+02
      2.383820e+02
      2.194936e+02
      2.024591e+02
      1.870304e+02
      1.729911e+02
      1.601515e+02
      1.483434e+02
      1.374157e+02
      1.272298e+02
      1.176568e+02
      1.085769e+02
      9.987611e+01
      9.143887e+01
      8.313603e+01
      7.481836e+01
      6.632445e+01
      5.749526e+01
      4.816511e+01
      3.810059e+01
      2.690615e+01
      1.397676e+01
     -1.424005e+00
     -1.999919e+01
     -4.237640e+01
     -6.944246e+01
     -1.030809e+02
     -1.469043e+02
     -2.062571e+02
     -2.869178e+02
     -3.926295e+02
     -5.224373e+02
     -6.692308e+02
     -8.204762e+02
     -9.610781e+02
     -1.077239e+03
     -1.159747e+03
     -1.205510e+03
     -1.217094e+03
     -1.200851e+03
     -1.164636e+03
     -1.115951e+03
     -1.060891e+03
     -1.003843e+03
     -9.476693e+02
     -8.940805e+02
     -8.439982e+02
     -7.978407e+02
     -7.557167e+02
     -7.175520e+02
     -6.831697e+02
     -6.523420e+02
     -6.248226e+02
     -6.003663e+02
     -5.787409e+02
     -5.597338e+02
     -5.431549e+02
     -5.288380e+02
     -5.166416e+02
     -5.064486e+02
     -4.981655e+02
     -4.917218e+02
     -4.870695e+02
     -4.841854e+02
     -4.830734e+02
     -4.837660e+02
     -4.863215e+02
     -4.908223e+02
     -4.973842e+02
     -5.061815e+02
     -5.174722e+02
     -5.315934e+02
     -5.489206e+02
     -5.698461e+02
     -5.948635e+02
     -6.247849e+02
     -6.609517e+02
     -7.051988e+02
     -7.594815e+02
     -8.254775e+02
     -9.048120e+02
     -1.000353e+03
     -1.118135e+03
     -1.268410e+03
     -1.464033e+03
     -1.715507e+03
     -2.024132e+03
     -2.376542e+03
     -2.743960e+03
     -3.087497e+03
     -3.367820e+03
     -3.555289e+03
     -3.636591e+03
     -3.615780e+03
     -3.510276e+03
     -3.344277e+03
     -3.142370e+03
     -2.925218e+03
     -2.707783e+03
     -2.499519e+03
     -2.305560e+03
     -2.128112e+03
     -1.967598e+03
     -1.823452e+03
     -1.694604e+03
     -1.579770e+03
     -1.477614e+03
     -1.386844e+03
     -1.306256e+03
     -1.234759e+03
     -1.171382e+03
     -1.115268e+03
     -1.065669e+03
     -1.021938e+03
     -9.835189e+02
     -9.499360e+02
     -9.207875e+02
     -8.957369e+02
     -8.745079e+02
     -8.568816e+02
     -8.426947e+02
     -8.318353e+02
     -8.242355e+02
     -8.198702e+02
     -8.187695e+02
     -8.210452e+02
     -8.269050e+02
     -8.366303e+02
     -8.505300e+02
     -8.689416e+02
     -8.923563e+02
     -9.216444e+02
     -9.581994e+02
     -1.003785e+03
     -1.060103e+03
     -1.128494e+03
     -1.210388e+03
     -1.308730e+03
     -1.429667e+03
     -1.582942e+03
     -1.779509e+03
     -2.026275e+03
     -2.319867e+03
     -2.642644e+03
     -2.963684e+03
     -3.245225e+03
     -3.452314e+03
     -3.561795e+03
     -3.567192e+03
     -3.478169e+03
     -3.315618e+03
     -3.104967e+03
     -2.870271e+03
     -2.630603e+03
     -2.398929e+03
     -2.182737e+03
     -1.985462e+03
     -1.807941e+03
     -1.649551e+03
     -1.508940e+03
     -1.384468e+03
     -1.274432e+03
     -1.177199e+03
     -1.091259e+03
     -1.015255e+03
     -9.479871e+02
     -8.884032e+02
     -8.355899e+02
     -7.887566e+02
     -7.472224e+02
     -7.104018e+02
     -6.777931e+02
     -6.489670e+02
     -6.235577e+02
     -6.012555e+02
     -5.818010e+02
     -5.649800e+02
     -5.506176e+02
     -5.385727e+02
     -5.287366e+02
     -5.210387e+02
     -5.154529e+02
     -5.119961e+02
     -5.107129e+02
     -5.116594e+02
     -5.149173e+02
     -5.206550e+02
     -5.292028e+02
     -5.410669e+02
     -5.568242e+02
     -5.769550e+02
     -6.017989e+02
     -6.318228e+02
     -6.681706e+02
     -7.131295e+02
     -7.699426e+02
     -8.415981e+02
     -9.288127e+02
     -1.028084e+03
     -1.130938e+03
     -1.225082e+03
     -1.297272e+03
     -1.336821e+03
     -1.338350e+03
     -1.302774e+03
     -1.236355e+03
     -1.148461e+03
     -1.049048e+03
     -9.466986e+02
     -8.476403e+02
     -7.556436e+02
     -6.724812e+02
     -5.985673e+02
     -5.335322e+02
     -4.766297e+02
     -4.269810e+02
     -3.837037e+02
     -3.459719e+02
     -3.130412e+02
     -2.842554e+02
     -2.590443e+02
     -2.369168e+02
     -2.174525e+02
     -2.002927e+02
     -1.851317e+02
     -1.717089e+02
     -1.598024e+02
     -1.492230e+02
     -1.398090e+02
     -1.314224e+02
     -1.239451e+02
     -1.172762e+02
     -1.113293e+02
     -1.060304e+02
     -1.013163e+02
     -9.713318e+01
     -9.343620e+01
     -9.018865e+01
     -8.736038e+01
     -8.492591e+01
     -8.286384e+01
     -8.115906e+01
     -7.980678e+01
     -7.881443e+01
     -7.819672e+01
     -7.796493e+01
     -7.811895e+01
     -7.865475e+01
     -7.959049e+01
     -8.099577e+01
     -8.299218e+01
     -8.569763e+01
     -8.911695e+01
     -9.302285e+01
     -9.689638e+01
     -9.998112e+01
     -1.014537e+02
     -1.006522e+02
     -9.727096e+01
     -9.144353e+01
     -8.368802e+01
     -7.474931e+01
     -6.540765e+01
     -5.632201e+01
     -4.794677e+01
     -4.052279e+01
     -3.411860e+01
     -2.869029e+01
     -2.413619e+01
     -2.033549e+01
     -1.717007e+01
     -1.453410e+01
     -1.233679e+01
     -1.050192e+01
     -8.966219e+00
     -7.677547e+00
     -6.593115e+00
     -5.677875e+00
     -4.903136e+00
     -4.245388e+00
     -3.685335e+00
     -3.207105e+00
     -2.797607e+00
     -2.446019e+00
     -2.143364e+00
     -1.882176e+00
     -1.656227e+00
     -1.460306e+00
     -1.290039e+00
     -1.141744e+00
     -1.012315e+00
     -8.991229e-01
     -7.999360e-01
     -7.128551e-01
     -6.362585e-01
     -5.687591e-01
     -5.091685e-01
     -4.564667e-01
     -4.097740e-01
     -3.683251e-01
     -3.314472e-01
     -2.985472e-01
     -2.691075e-01
     -2.426847e-01
     -2.188962e-01
     -1.973878e-01
     -1.777882e-01
     -1.596734e-01
     -1.425737e-01
     -1.260368e-01
     -1.097340e-01
     -9.356346e-02
     -7.769831e-02
     -6.254720e-02
     -4.863566e-02
     -3.645260e-02
     -2.631946e-02
     -1.832462e-02
     -1.233350e-02
     -8.054642e-03
     -5.126482e-03
     -3.193273e-03
     -1.952652e-03
     -1.173450e-03
     -6.922229e-04
     -3.995424e-04
     -2.245471e-04
     -1.221145e-04
     -6.374517e-05
     -3.158288e-05
     -1.459069e-05
     -6.086465e-06
     -2.133303e-06
     -4.883532e-07
      7.330165e-08
      1.839937e-07
      1.447154e-07
      8.133795e-08
      3.468491e-08
      9.651753e-09
     -2.710679e-10
     -2.455732e-09
     -1.839709e-09
     -8.281143e-10
     -1.920506e-10
      4.890205e-11
      7.714652e-11
      4.161600e-11
      1.055467e-11
     -2.286253e-12
     -3.705358e-12
     -1.755470e-12
     -2.466601e-13
      2.277709e-13
      1.770557e-13
      4.786083e-14
     -1.128724e-14
     -1.531808e-14
     -5.172884e-15
      6.066436e-16
      1.288885e-15
      4.460765e-16
     -5.953909e-17
     -1.092286e-16
     -3.163566e-17
      8.464533e-18
      8.940861e-18
      1.574272e-18
     -1.097427e-18
     -6.379917e-19
     -1.286914e-21
      1.126468e-19
      3.217365e-20
     -1.089599e-20
     -8.372940e-21
     -1.976863e-22
      1.375369e-21
      3.394413e-22
     -1.581400e-22
     -8.779546e-23
      9.473592e-24
      1.599725e-23
      1.124162e-24
     -2.394482e-24
     -5.255162e-25
      3.082571e-25
      1.206585e-25
     -3.433909e-26
     -2.221898e-26
      3.196698e-27
      3.655624e-27
     -2.136449e-28
     -5.633741e-28
      9.627143e-31
      8.358033e-29
      2.894311e-30
     -1.214700e-29
     -6.413526e-31
      1.747293e-30
      9.274798e-32
     -2.496757e-31
     -8.912406e-33
      3.533850e-32
      4.983429e-35
     -4.909261e-33
      2.406559e-34
      6.591756e-34
     -7.674619e-35
     -8.357179e-35
      1.723567e-35
      9.627969e-36
     -3.238563e-36
     -9.307163e-37
      5.314825e-37
      5.737109e-38
     -7.645616e-38
      2.972571e-39
      9.399860e-39
     -1.794044e-39
     -9.116583e-40
      3.769236e-40
      4.980067e-41
     -5.601541e-41
      4.216158e-42
      6.113004e-42
     -1.737910e-42
     -3.892532e-43
      2.943375e-43
     -1.753095e-44
     -3.146989e-44
      9.424308e-45
      1.494795e-45
     -1.484340e-45
      1.978783e-46
      1.230230e-46
     -5.566278e-47
      7.916103e-49
      6.213551e-48
     -1.851088e-48
     -1.753731e-49
      2.625785e-49
     -5.927234e-50
     -1.138874e-50
      1.021876e-50
     -1.989579e-51
     -4.890554e-52
      3.818107e-52
     -7.464970e-53
     -1.628262e-53
      1.380373e-53
     -3.112436e-54
     -3.734342e-55
      4.707819e-55
     -1.342804e-55
      2.862713e-58
      1.412804e-56
     -5.489106e-57
      6.660807e-58
      3.095473e-58
     -1.938746e-58
      4.693969e-59
      6.236973e-61
     -5.080700e-60
      2.085687e-60
     -3.759805e-61
     -4.840582e-62
      5.912999e-62
     -2.134837e-62
      3.658243e-63
      4.665350e-64
     -5.760200e-64
      2.205997e-64
     -4.661843e-65
      4.656534e-67
      4.313267e-66
     -2.123639e-66
      6.174241e-67
     -9.944977e-68
     -9.687488e-69
      1.430750e-68
     -6.307012e-69
      1.864347e-69
     -3.662760e-70
      1.571051e-71
      2.584352e-71
     -1.507566e-71
      5.630431e-72
     -1.633758e-72
      3.682377e-73
     -5.196345e-74
     -4.799503e-75
      7.326396e-75
     -3.647168e-75
      1.391440e-75
     -4.620751e-76
      1.398970e-76
     -3.950404e-77
      1.054275e-77
     -2.681955e-78
      6.541990e-79
     -1.536799e-79
      3.488308e-80
     -7.670774e-81
      1.637599e-81
     -3.399971e-82
      6.875027e-83
     -1.355627e-83
      2.609333e-84
     -4.907227e-85
      9.024013e-86
     -1.623731e-86
      2.860439e-87
     -4.935976e-88
      8.346779e-89
     -1.383639e-89
      2.249089e-90
     -3.585589e-91
      5.607157e-92
     -8.601543e-93
      1.294331e-93
     -1.910240e-94
      2.764319e-95
     -3.920690e-96
      5.446791e-97
     -7.405218e-98
      9.840382e-99
     -1.275843e-99
     1.609889e-100
    -1.969655e-101
     2.323269e-102
    -2.617525e-103
     2.770855e-104
    -2.665480e-105
     2.139077e-106
    -9.765139e-108
    -1.097624e-108
     4.424840e-109
    -9.415852e-110
     1.654998e-110
    -2.636976e-111
     3.946993e-112
    -5.648013e-113
     7.804116e-114
    -1.047750e-114
     1.372495e-115
    -1.759391e-116
     2.211835e-117
    -2.731476e-118
     3.317839e-119
    -3.968017e-120
     4.676466e-121
    -5.434901e-122
     6.232346e-123
    -7.055324e-124
     7.888201e-125
    -8.713668e-126
     9.513348e-127
    -1.026849e-127
     1.096070e-128
    -1.157273e-129
     1.208917e-130
    -1.249713e-131
     1.278672e-132
    -1.295149e-133
     1.298863e-134
    -1.289901e-135
     1.268707e-136
    -1.236052e-137
     1.192995e-138
    -1.140825e-139
     1.081006e-140
    -1.015112e-141
     9.447595e-143
    -8.715531e-144
     7.970275e-145
    -7.226026e-146
     6.495477e-147
    -5.789551e-148
     5.117252e-149
    -4.485607e-150
     3.899704e-151
    -3.362794e-152
     2.876461e-153
    -2.440826e-154
     2.054777e-155
    -1.716211e-156
     1.422274e-157
    -1.169577e-158
     9.544094e-160
    -7.729054e-161
     6.211965e-162
    -4.955271e-163
     3.923428e-164
    -3.083524e-165
     2.405667e-166
    -1.863170e-167
     1.432585e-168
    -1.093607e-169
     8.288880e-171
    -6.237996e-172
     4.661539e-173
    -3.459144e-174
     2.549074e-175
    -1.865479e-176
     1.355848e-177
    -9.787302e-179
     7.017214e-180
    -4.997285e-181
     3.534995e-182
    -2.483969e-183
     1.733897e-184
    -1.202367e-185
     8.283307e-187
    -5.669438e-188
     3.855331e-189
    -2.604861e-190
     1.748736e-191
    -1.166530e-192
     7.732412e-194
    -5.093263e-195
     3.333911e-196
    -2.168718e-197
     1.402031e-198
    -9.008069e-200
     5.752269e-201
    -3.650848e-202
     2.303079e-203
    -1.444102e-204
     9.000651e-206
    -5.576349e-207
     3.434303e-208
    -2.102581e-209
     1.279690e-210
    -7.742957e-212
     4.657697e-213
    -2.785544e-214
     1.656284e-215
    -9.791685e-217
     5.755585e-218
    -3.363894e-219
     1.954912e-220
    -1.129679e-221
     6.491387e-223
    -3.709239e-224
     2.107696e-225
    -1.191016e-226
     6.693048e-228
    -3.740568e-229
     2.079069e-230
    -1.149285e-231
     6.318647e-233
    -3.455159e-234
     1.879184e-235
    -1.016571e-236
     5.469938e-238
    -2.927609e-239
     1.558616e-240
    -8.254100e-242
     4.348245e-243
    -2.278667e-244
     1.187899e-245
    -6.160536e-247
     3.178387e-248
    -1.631371e-249
     8.330387e-251
    -4.232066e-252
     2.139059e-253
    -1.075684e-254
     5.382029e-256
    -2.679261e-257
     1.327088e-258
    -6.540459e-260
     3.207363e-261
    -1.565046e-262
     7.598937e-264
    -3.671411e-265
     1.765124e-266
    -8.444746e-268
     4.020450e-269
    -1.904788e-270
     8.980694e-272
    -4.213775e-273
     1.967605e-274
    -9.143593e-276
     4.228778e-277
    -1.946431e-278
     8.916524e-280
    -4.065291e-281
     1.844734e-282
    -8.331599e-284
     3.745260e-285
    -1.675719e-286
     7.462630e-288
    -3.307964e-289
     1.459533e-290
    -6.409995e-292
     2.802192e-293
    -1.219384e-294
     5.281921e-296
    -2.277496e-297
     9.775608e-299
    -4.176918e-300
     1.776642e-301
    -7.522837e-303
     3.171074e-304
    -1.330699e-305
     5.559142e-307
    -2.312040e-308
     9.572997e-310
    -3.946127e-311
     1.619441e-312
    -6.622104e-314
     2.691259e-315
    -7.353082e-317
     8.084446e-319
    -2.381396e-321
     4.940656e-324
     -0.000000e+00
     -0.000000e+00
     -0.000000e+00
     -0.000000e+00
     -0.000000e+00
     -0.000000e+00
     -0.000000e+00
     -0.000000e+00
     -0.000000e+00
     -0.000000e+00
     -0.000000e+00
     -0.000000e+00
     -0.000000e+00
     -0.000000e+00
     -0.000000e+00
     -0.000000e+00
     -0.000000e+00
     -0.000000e+00
     -0.000000e+00
     -0.000000e+00
     -0.000000e+00
     -0.000000e+00
     -0.000000e+00
     -0.000000e+00
     -0.000000e+00
     -0.000000e+00
     -0.000000e+00
     -0.000000e+00
     -0.000000e+00
     -0.000000e+00
     -0.000000e+00
     -0.000000e+00
     -0.000000e+00
     -0.000000e+00
     -0.000000e+00
     -0.000000e+00
     -0.000000e+00
     -0.000000e+00
     -0.000000e+00
     -0.000000e+00
     -0.000000e+00
     -0.000000e+00
     -0.000000e+00
     -0.000000e+00
     -0.000000e+00
     -0.000000e+00
     -0.000000e+00
     -0.000000e+00
     -0.000000e+00
     -0.000000e+00
     -0.000000e+00
     -0.000000e+00
     -0.000000e+00
     -0.000000e+00
     -0.000000e+00
     -0.000000e+00
     -0.000000e+00
     -0.000000e+00
     -0.000000e+00
     -0.000000e+00
     -0.000000e+00
     -0.000000e+00
     -0.000000e+00
     -0.000000e+00
     -0.000000e+00
     -0.000000e+00
     -0.000000e+00
     -0.000000e+00
     -0.000000e+00
     -0.000000e+00
     -0.000000e+00
     -0.000000e+00
     -0.000000e+00
     -0.000000e+00
     -0.000000e+00
     -0.000000e+00
     -0.000000e+00
     -0.000000e+00
     -0.000000e+00
     -0.000000e+00
     -0.000000e+00
     -0.000000e+00
     -0.000000e+00
     -0.000000e+00
     -0.000000e+00
     -0.000000e+00
     -0.000000e+00
     -0.000000e+00
     -0.000000e+00
     -0.000000e+00
     -0.000000e+00
     -0.000000e+00
     -0.000000e+00
     -0.000000e+00
     -0.000000e+00
     -0.000000e+00
     -0.000000e+00
     -0.000000e+00
     -0.000000e+00
     -0.000000e+00
     -0.000000e+00
     -0.000000e+00
     -0.000000e+00
     -0.000000e+00
     -0.000000e+00
     -0.000000e+00
     -0.000000e+00
     -0.000000e+00
     -0.000000e+00
     -0.000000e+00
     -0.000000e+00
     -0.000000e+00
     -0.000000e+00
     -0.000000e+00
     -0.000000e+00
     -0.000000e+00
     -0.000000e+00
     -0.000000e+00
     -0.000000e+00
     -0.000000e+00
     -0.000000e+00
     -0.000000e+00
     -0.000000e+00
     -0.000000e+00
     -0.000000e+00
     -0.000000e+00
     -0.000000e+00
     -0.000000e+00
     -0.000000e+00
     -0.000000e+00
     -0.000000e+00
     -0.000000e+00
     -0.000000e+00
     -0.000000e+00
     -0.000000e+00
     -0.000000e+00
     -0.000000e+00
     -0.000000e+00
     -0.000000e+00
     -0.000000e+00
     -0.000000e+00
     -0.000000e+00
     -0.000000e+00
     -0.000000e+00
     -0.000000e+00
     -0.000000e+00
     -0.000000e+00
     -0.000000e+00
     -0.000000e+00
     -0.000000e+00
     -0.000000e+00
     -0.000000e+00
     -0.000000e+00
     -0.000000e+00
     -0.000000e+00
     -0.000000e+00
     -0.000000e+00
     -0.000000e+00
     -0.000000e+00
     -0.000000e+00
     -0.000000e+00
     -0.000000e+00
     -0.000000e+00
     -0.000000e+00
     -0.000000e+00
     -0.000000e+00
     -0.000000e+00
     -0.000000e+00
     -0.000000e+00
     -0.000000e+00
     -0.000000e+00
     -0.000000e+00
     -0.000000e+00
     -0.000000e+00
     -0.000000e+00
     -0.000000e+00
     -0.000000e+00
     -0.000000e+00
     -0.000000e+00
     -0.000000e+00
     -0.000000e+00
     -0.000000e+00
     -0.000000e+00
     -0.000000e+00
     -0.000000e+00
     -0.000000e+00
     -0.000000e+00
     -0.000000e+00
     -0.000000e+00
     -0.000000e+00
     -0.000000e+00
     -0.000000e+00
     -0.000000e+00
     -0.000000e+00
     -0.000000e+00
     -0.000000e+00
     -0.000000e+00
     -0.000000e+00
     -0.000000e+00
     -0.000000e+00
     -0.000000e+00
     -0.000000e+00
     -0.000000e+00
     -0.000000e+00
     -0.000000e+00
     -0.000000e+00
     -0.000000e+00
     -0.000000e+00
     -0.000000e+00
     -0.000000e+00
     -0.000000e+00
     -0.000000e+00
     -0.000000e+00
     -0.000000e+00
     -0.000000e+00
     -0.000000e+00
     -0.000000e+00
     -0.000000e+00
     -0.000000e+00
     -0.000000e+00
     -0.000000e+00
     -0.000000e+00
     -0.000000e+00
     -0.000000e+00
     -0.000000e+00
     -0.000000e+00
     -0.000000e+00
     -0.000000e+00
     -0.000000e+00
     -0.000000e+00
     -0.000000e+00
     -0.000000e+00
     -0.000000e+00
     -0.000000e+00
     -0.000000e+00
     -0.000000e+00
     -0.000000e+00
     -0.000000e+00
     -0.000000e+00
     -0.000000e+00
     -0.000000e+00
     -0.000000e+00
     -0.000000e+00
     -0.000000e+00
     -0.000000e+00
     -0.000000e+00
     -0.000000e+00
     -0.000000e+00
     -0.000000e+00
     -0.000000e+00
     -0.000000e+00
     -0.000000e+00
     -0.000000e+00
     -0.000000e+00
     -0.000000e+00
     -0.000000e+00
     -0.000000e+00
     -0.000000e+00
     -0.000000e+00
     -0.000000e+00
     -0.000000e+00
     -0.000000e+00
     -0.000000e+00
     -0.000000e+00
     -0.000000e+00
     -0.000000e+00
     -0.000000e+00
     -0.000000e+00
     -0.000000e+00
     -0.000000e+00
     -0.000000e+00
     -0.000000e+00
     -0.000000e+00
     -0.000000e+00
     -0.000000e+00
     -0.000000e+00
     -0.000000e+00
     -0.000000e+00
     -0.000000e+00
     -0.000000e+00
     -0.000000e+00
     -0.000000e+00
     -0.000000e+00
     -0.000000e+00
     -0.000000e+00
     -0.000000e+00
     -0.000000e+00
     -0.000000e+00
     -0.000000e+00
     -0.000000e+00
     -0.000000e+00
     -0.000000e+00
     -0.000000e+00
     -0.000000e+00
     -0.000000e+00
     -0.000000e+00
     -0.000000e+00
     -0.000000e+00
     -0.000000e+00
     -0.000000e+00
     -0.000000e+00
     -0.000000e+00
     -0.000000e+00
     -0.000000e+00
     -0.000000e+00
     -0.000000e+00
     -0.000000e+00
     -0.000000e+00
     -0.000000e+00
     -0.000000e+00
     -0.000000e+00
     -0.000000e+00
     -0.000000e+00
     -0.000000e+00
     -0.000000e+00
     -0.000000e+00
     -0.000000e+00
     -0.000000e+00
     -0.000000e+00
     -0.000000e+00
     -0.000000e+00
     -0.000000e+00
     -0.000000e+00
     -0.000000e+00
     -0.000000e+00
     -0.000000e+00
     -0.000000e+00
     -0.000000e+00
     -0.000000e+00
     -0.000000e+00
     -0.000000e+00
     -0.000000e+00
     -0.000000e+00
     -0.000000e+00
     -0.000000e+00
     -0.000000e+00
     -0.000000e+00
     -0.000000e+00
     -0.000000e+00
     -0.000000e+00
     -0.000000e+00
     -0.000000e+00
     -0.000000e+00
     -0.000000e+00
     -0.000000e+00
     -0.000000e+00
     -0.000000e+00
     -0.000000e+00
     -0.000000e+00
     -0.000000e+00
     -0.000000e+00
     -0.000000e+00
     -0.000000e+00
     -0.000000e+00
     -0.000000e+00
     -0.000000e+00
     -0.000000e+00
     -0.000000e+00
     -0.000000e+00
     -0.000000e+00
     -0.000000e+00
     -0.000000e+00
     -0.000000e+00
     -0.000000e+00
     -0.000000e+00
     -0.000000e+00
     -0.000000e+00
     -0.000000e+00
     -0.000000e+00
     -0.000000e+00
     -0.000000e+00
     -0.000000e+00
     -0.000000e+00
     -0.000000e+00
     -0.000000e+00
     -0.000000e+00
     -0.000000e+00
     -0.000000e+00
     -0.000000e+00
     -0.000000e+00
     -0.000000e+00
     -0.000000e+00
     -0.000000e+00
     -0.000000e+00
     -0.000000e+00
     -0.000000e+00
     -0.000000e+00
     -0.000000e+00
     -0.000000e+00
     -0.000000e+00
     -0.000000e+00
     -0.000000e+00
     -0.000000e+00
     -0.000000e+00
     -0.000000e+00
     -0.000000e+00
     -0.000000e+00
     -0.000000e+00
     -0.000000e+00
     -0.000000e+00
     -0.000000e+00
     -0.000000e+00
     -0.000000e+00
     -0.000000e+00
     -0.000000e+00
     -0.000000e+00
     -0.000000e+00
     -0.000000e+00
     -0.000000e+00
     -0.000000e+00
     -0.000000e+00
     -0.000000e+00
     -0.000000e+00
     -0.000000e+00
     -0.000000e+00
     -0.000000e+00
     -0.000000e+00
     -0.000000e+00
     -0.000000e+00
     -0.000000e+00
     -0.000000e+00
     -0.000000e+00
     -0.000000e+00
     -0.000000e+00
     -0.000000e+00
     -0.000000e+00
     -0.000000e+00
     -0.000000e+00
     -0.000000e+00
     -0.000000e+00
     -0.000000e+00
     -0.000000e+00
     -0.000000e+00
     -0.000000e+00
     -0.000000e+00
     -0.000000e+00
     -0.000000e+00
     -0.000000e+00
     -0.000000e+00
     -0.000000e+00
     -0.000000e+00
     -0.000000e+00
     -0.000000e+00
     -0.000000e+00
     -0.000000e+00
     -0.000000e+00
     -0.000000e+00
     -0.000000e+00
     -0.000000e+00
     -0.000000e+00
     -0.000000e+00
     -0.000000e+00
     -0.000000e+00
     -0.000000e+00
     -0.000000e+00
     -0.000000e+00
     -0.000000e+00
     -0.000000e+00
     -0.000000e+00
     -0.000000e+00
     -0.000000e+00
     -0.000000e+00
     -0.000000e+00
     -0.000000e+00
     -0.000000e+00
     -0.000000e+00
     -0.000000e+00
     -0.000000e+00
     -0.000000e+00
     -0.000000e+00
     -0.000000e+00
     -0.000000e+00
     -0.000000e+00
     -0.000000e+00
     -0.000000e+00
     -0.000000e+00
     -0.000000e+00
     -0.000000e+00
     -0.000000e+00
     -0.000000e+00
     -0.000000e+00
     -0.000000e+00
     -0.000000e+00
     -0.000000e+00
     -0.000000e+00
     -0.000000e+00
     -0.000000e+00
     -0.000000e+00
     -0.000000e+00
     -0.000000e+00
     -0.000000e+00
     -0.000000e+00
     -0.000000e+00
     -0.000000e+00
     -0.000000e+00
     -0.000000e+00
     -0.000000e+00
     -0.000000e+00
     -0.000000e+00
     -0.000000e+00
     -0.000000e+00
     -0.000000e+00
     -0.000000e+00
     -0.000000e+00
     -0.000000e+00
     -0.000000e+00
     -0.000000e+00
     -0.000000e+00
     -0.000000e+00
     -0.000000e+00
     -0.000000e+00
     -0.000000e+00
     -0.000000e+00
     -0.000000e+00
     -0.000000e+00
     -0.000000e+00
     -0.000000e+00
     -0.000000e+00
     -0.000000e+00
     -0.000000e+00
     -0.000000e+00
     -0.000000e+00
     -0.000000e+00
     -0.000000e+00
     -0.000000e+00
     -0.000000e+00
     -0.000000e+00
     -0.000000e+00
     -0.000000e+00
     -0.000000e+00
     -0.000000e+00
     -0.000000e+00
     -0.000000e+00
     -0.000000e+00
     -0.000000e+00
     -0.000000e+00
     -0.000000e+00
     -0.000000e+00
     -0.000000e+00
     -0.000000e+00
     -0.000000e+00
     -0.000000e+00
     -0.000000e+00
     -0.000000e+00
     -0.000000e+00
      0.000000e+00
      0.000000e+00
