      0.000000e+00
      0.000000e+00
     -2.492458e-22
     -9.964082e-22
     -1.338752e-21
     -6.647414e-22
      5.043180e-22
      2.615163e-22
     -3.057249e-21
     -8.492250e-21
     -1.212314e-20
     -1.018971e-20
     -3.264227e-21
      3.106047e-21
      2.947834e-21
     -4.718751e-21
     -1.570011e-20
     -2.550890e-20
     -3.214359e-20
     -3.285808e-20
     -2.154941e-20
      5.101050e-21
      3.779956e-20
      5.629051e-20
      4.649688e-20
      1.579619e-20
     -1.273584e-20
     -2.218113e-20
     -1.525364e-20
     -6.268184e-21
     -4.785565e-21
     -1.047651e-20
     -2.072362e-20
     -3.702003e-20
     -6.104281e-20
     -8.680512e-20
     -1.018563e-19
     -9.894478e-20
     -8.267253e-20
     -5.950068e-20
     -2.524672e-20
      2.691448e-20
      8.521172e-20
      1.188583e-19
      1.080133e-19
      6.815046e-20
      3.470486e-20
      2.413650e-20
      1.844905e-20
     -7.763993e-21
     -4.989703e-20
     -7.168507e-20
     -4.474889e-20
      1.587263e-20
      6.348548e-20
      6.529973e-20
      2.914800e-20
     -1.130903e-20
     -2.449559e-20
      5.255374e-21
      7.014725e-20
      1.317034e-19
      1.382989e-19
      7.551616e-20
     -2.558495e-21
     -1.688603e-20
      4.932601e-20
      1.204358e-19
      1.027316e-19
     -1.130459e-20
     -1.262921e-19
     -1.395017e-19
     -4.796028e-20
      4.909825e-20
      5.394490e-20
     -3.339767e-20
     -1.236656e-19
     -1.286555e-19
     -3.529449e-20
      9.263294e-20
      1.648426e-19
      1.253893e-19
     -6.110834e-21
     -1.429088e-19
     -1.985610e-19
     -1.601889e-19
     -8.953148e-20
     -4.981266e-20
     -4.555976e-20
     -3.910476e-20
     -5.722553e-21
      4.636636e-20
      9.909680e-20
      1.421691e-19
      1.642878e-19
      1.484088e-19
      9.262071e-20
      2.841635e-20
     -8.789870e-22
      1.445892e-20
      3.963494e-20
      3.960538e-20
      2.233191e-20
      2.090095e-20
      4.246373e-20
      6.368930e-20
      7.797002e-20
      1.106220e-19
      1.673044e-19
      1.986277e-19
      1.520551e-19
      4.579646e-20
     -4.415938e-20
     -6.861947e-20
     -4.736076e-20
     -2.662658e-20
     -2.619076e-20
     -3.870075e-20
     -5.298849e-20
     -5.687822e-20
     -3.512213e-20
      8.684605e-21
      3.490246e-20
      2.020113e-21
     -7.477072e-20
     -1.247239e-19
     -9.897392e-20
     -2.881567e-20
      1.513264e-20
      8.392117e-21
     -8.705567e-21
      9.390537e-21
      6.246264e-20
      1.142866e-19
      1.316789e-19
      1.097392e-19
      7.422856e-20
      6.189740e-20
      8.365081e-20
      1.032098e-19
      6.768493e-20
     -3.094922e-20
     -1.351260e-19
     -1.734610e-19
     -1.282116e-19
     -4.471062e-20
      1.674240e-20
      2.825302e-20
      4.722907e-21
     -1.663829e-20
     -1.194270e-20
      1.789840e-21
     -1.714952e-20
     -7.758107e-20
     -1.280350e-19
     -1.116104e-19
     -3.900854e-20
      2.480030e-20
      4.518539e-20
      5.275377e-20
      8.368265e-20
      1.215750e-19
      1.244250e-19
      8.964742e-20
      5.673147e-20
      2.912231e-20
      3.217376e-20
      1.428213e-19
     -3.483746e-19
     -7.409412e-19
      4.890197e-18
     -8.271076e-19
     -5.204174e-17
      5.538446e-17
      4.940400e-16
     -6.769034e-16
     -4.866523e-15
      4.483349e-15
      4.893531e-14
      1.072048e-14
     -4.276359e-13
     -8.260200e-13
      2.064689e-12
      1.196856e-11
      1.436358e-11
     -5.768637e-11
     -3.097921e-10
     -6.440912e-10
      9.183957e-12
      5.300743e-09
      2.406583e-08
      7.376062e-08
      1.842164e-07
      4.009437e-07
      7.871451e-07
      1.423701e-06
      2.406638e-06
      3.841939e-06
      5.837915e-06
      8.495788e-06
      1.189939e-05
      1.610513e-05
      2.113339e-05
      2.696241e-05
      3.352537e-05
      4.071109e-05
      4.836827e-05
      5.631285e-05
      6.433747e-05
      7.222220e-05
      7.974521e-05
      8.669248e-05
      9.286564e-05
      9.808755e-05
      1.022055e-04
      1.050923e-04
      1.066460e-04
      1.067886e-04
      1.054650e-04
      1.026428e-04
      9.831225e-05
      9.248882e-05
      8.521528e-05
      7.656490e-05
      6.664394e-05
      5.559292e-05
      4.358581e-05
      3.082669e-05
      1.754359e-05
      3.979798e-06
     -9.616834e-06
     -2.300569e-05
     -3.596511e-05
     -4.830286e-05
     -5.986432e-05
     -7.053753e-05
     -8.025468e-05
     -8.899004e-05
     -9.675470e-05
     -1.035890e-04
     -1.095537e-04
     -1.147206e-04
     -1.191646e-04
     -1.229570e-04
     -1.261608e-04
     -1.288285e-04
     -1.310022e-04
     -1.327143e-04
     -1.339899e-04
     -1.348481e-04
     -1.353033e-04
     -1.353649e-04
     -1.350356e-04
     -1.343092e-04
     -1.331667e-04
     -1.315738e-04
     -1.294785e-04
     -1.268110e-04
     -1.234858e-04
     -1.194065e-04
     -1.144728e-04
     -1.085898e-04
     -1.016784e-04
     -9.368517e-05
     -8.459167e-05
     -7.442112e-05
     -6.324203e-05
     -5.116835e-05
     -3.835592e-05
     -2.499579e-05
     -1.130505e-05
      2.483699e-06
      1.613320e-05
      2.941153e-05
      4.210049e-05
      5.400169e-05
      6.494036e-05
      7.476692e-05
      8.335687e-05
      9.060985e-05
      9.644849e-05
      1.008178e-04
      1.036854e-04
      1.050436e-04
      1.049113e-04
      1.033373e-04
      1.004031e-04
      9.622452e-05
      9.095137e-05
      8.476479e-05
      7.787179e-05
      7.049709e-05
      6.287286e-05
      5.522709e-05
      4.777182e-05
      4.069231e-05
      3.413830e-05
      2.821826e-05
      2.299711e-05
      1.849758e-05
      1.470482e-05
      1.157358e-05
      9.036914e-06
      7.015436e-06
      5.425829e-06
      4.187951e-06
      3.229832e-06
      2.490410e-06
      1.920200e-06
      1.480401e-06
      1.141138e-06
      8.794958e-07
      6.778108e-07
      5.223940e-07
      4.026320e-07
      3.103290e-07
      2.391809e-07
      1.843408e-07
      1.420746e-07
      1.095007e-07
      8.439557e-08
      6.504607e-08
      5.013261e-08
      3.863842e-08
      2.977964e-08
      2.295198e-08
      1.768970e-08
      1.363391e-08
      1.050800e-08
      8.098794e-09
      6.241954e-09
      4.810837e-09
      3.707838e-09
      2.857727e-09
      2.202525e-09
      1.697544e-09
      1.308342e-09
      1.008373e-09
      7.771795e-10
      5.989926e-10
      4.616592e-10
      3.558128e-10
      2.742343e-10
      2.113595e-10
      1.629003e-10
      1.255515e-10
      9.676585e-11
      7.457997e-11
      5.748074e-11
      4.430191e-11
      3.414464e-11
      2.631617e-11
      2.028256e-11
      1.563230e-11
      1.204822e-11
      9.285879e-12
      7.156870e-12
      5.515987e-12
      4.251315e-12
      3.276600e-12
      2.525361e-12
      1.946362e-12
      1.500112e-12
      1.156176e-12
      8.910949e-13
      6.867902e-13
      5.293272e-13
      4.079663e-13
      3.144303e-13
      2.423396e-13
      1.867775e-13
      1.439543e-13
      1.109493e-13
      8.551154e-14
      6.590599e-14
      5.079546e-14
      3.914938e-14
      3.017345e-14
      2.325546e-14
      1.792360e-14
      1.381423e-14
      1.064704e-14
      8.205962e-15
      6.324536e-15
      4.874502e-15
      3.756954e-15
      2.895636e-15
      2.231782e-15
      1.720111e-15
      1.325740e-15
      1.021779e-15
      7.874827e-16
      6.068787e-16
      4.677050e-16
      3.605065e-16
      2.779190e-16
      2.142158e-16
      1.650458e-16
      1.271577e-16
      9.802457e-17
      7.558407e-17
     -9.800164e-17
     -1.272533e-16
     -1.651458e-16
     -2.142747e-16
     -2.780475e-16
     -3.608055e-16
     -4.680921e-16
     -6.071796e-16
     -7.876280e-16
     -1.021822e-15
     -1.325729e-15
     -1.720010e-15
     -2.231567e-15
     -2.895429e-15
     -3.756947e-15
     -4.874703e-15
     -6.324758e-15
     -8.206122e-15
     -1.064724e-14
     -1.381451e-14
     -1.792387e-14
     -2.325575e-14
     -3.017393e-14
     -3.915019e-14
     -5.079656e-14
     -6.590732e-14
     -8.551315e-14
     -1.109513e-13
     -1.439569e-13
     -1.867810e-13
     -2.423445e-13
     -3.144368e-13
     -4.079746e-13
     -5.293376e-13
     -6.868035e-13
     -8.911121e-13
     -1.156198e-12
     -1.500141e-12
     -1.946400e-12
     -2.525410e-12
     -3.276664e-12
     -4.251398e-12
     -5.516094e-12
     -7.157009e-12
     -9.286060e-12
     -1.204846e-11
     -1.563260e-11
     -2.028295e-11
     -2.631668e-11
     -3.414530e-11
     -4.430277e-11
     -5.748185e-11
     -7.458142e-11
     -9.676773e-11
     -1.255540e-10
     -1.629035e-10
     -2.113636e-10
     -2.742396e-10
     -3.558198e-10
     -4.616682e-10
     -5.990042e-10
     -7.771946e-10
     -1.008393e-09
     -1.308367e-09
     -1.697577e-09
     -2.202568e-09
     -2.857783e-09
     -3.707910e-09
     -4.810930e-09
     -6.242075e-09
     -8.098952e-09
     -1.050821e-08
     -1.363417e-08
     -1.769003e-08
     -2.295242e-08
     -2.978025e-08
     -3.863920e-08
     -5.013351e-08
     -6.504715e-08
     -8.439723e-08
     -1.095034e-07
     -1.420781e-07
     -1.843432e-07
     -2.391820e-07
     -3.103339e-07
     -4.026497e-07
     -5.224240e-07
     -6.778295e-07
     -8.794744e-07
     -1.141113e-06
     -1.480558e-06
     -1.920870e-06
     -2.491946e-06
     -3.232582e-06
     -4.193041e-06
     -5.437979e-06
     -7.049411e-06
     -9.129240e-06
     -1.180079e-05
     -1.520874e-05
     -1.951701e-05
     -2.490435e-05
     -3.155748e-05
     -3.966224e-05
     -4.939312e-05
     -6.090201e-05
     -7.430711e-05
     -8.968284e-05
     -1.070517e-04
     -1.263785e-04
     -1.475681e-04
     -1.704654e-04
     -1.948592e-04
     -2.204872e-04
     -2.470443e-04
     -2.741905e-04
     -3.015603e-04
     -3.287712e-04
     -3.554320e-04
     -3.811501e-04
     -4.055380e-04
     -4.282199e-04
     -4.488369e-04
     -4.670536e-04
     -4.825634e-04
     -4.950957e-04
     -5.044222e-04
     -5.103629e-04
     -5.127925e-04
     -5.116443e-04
     -5.069129e-04
     -4.986544e-04
     -4.869835e-04
     -4.720685e-04
     -4.541228e-04
     -4.333952e-04
     -4.101584e-04
     -3.846966e-04
     -3.572950e-04
     -3.282289e-04
     -2.977562e-04
     -2.661122e-04
     -2.335061e-04
     -2.001218e-04
     -1.661190e-04
     -1.316373e-04
     -9.680037e-05
     -6.172065e-05
     -2.650374e-05
      8.747985e-06
      4.393256e-05
      7.894638e-05
      1.136827e-04
      1.480305e-04
      1.818730e-04
      2.150859e-04
      2.475353e-04
      2.790750e-04
      3.095438e-04
      3.387627e-04
      3.665338e-04
      3.926398e-04
      4.168461e-04
      4.389044e-04
      4.585600e-04
      4.755595e-04
      4.896620e-04
      5.006497e-04
      5.083396e-04
      5.125943e-04
      5.133302e-04
      5.105243e-04
      5.042173e-04
      4.945142e-04
      4.815817e-04
      4.656427e-04
      4.469696e-04
      4.258756e-04
      4.027063e-04
      3.778303e-04
      3.516316e-04
      3.245015e-04
      2.968321e-04
      2.690098e-04
      2.414098e-04
      2.143900e-04
      1.882848e-04
      1.633987e-04
      1.400000e-04
      1.183137e-04
      9.851616e-05
      8.072954e-05
      6.501927e-05
      5.139299e-05
      3.980246e-05
      3.014825e-05
      2.228709e-05
      1.604140e-05
      1.121037e-05
      7.581680e-06
      4.942935e-06
      3.091896e-06
      1.844794e-06
      1.042175e-06
      5.520840e-07
      2.706576e-07
      1.204732e-07
      4.722725e-08
      1.540363e-08
      3.618893e-09
      2.411425e-10
     -2.817181e-10
     -1.574754e-10
     -3.499465e-11
      4.567227e-12
      5.716573e-12
      1.282366e-12
     -3.142846e-13
     -2.292316e-13
     -1.129041e-14
      2.486234e-14
      4.810908e-15
     -2.335695e-15
     -7.132639e-16
      2.312282e-16
      7.956717e-17
     -2.672262e-17
     -6.885482e-18
      3.340550e-18
      3.113189e-19
     -3.744621e-19
      3.392582e-20
      2.867601e-20
     -9.552721e-21
     -2.101020e-22
      8.998583e-22
     -2.490567e-22
      3.990253e-24
      1.902992e-23
     -7.204539e-24
      1.272979e-24
      3.330055e-26
     -1.067706e-25
      4.385719e-26
     -1.233404e-26
      2.795754e-27
     -5.406213e-28
      9.154581e-29
     -1.373935e-29
      1.831593e-30
     -2.149123e-31
      2.153012e-32
     -1.676277e-33
      6.090187e-35
      1.057650e-35
     -3.210716e-36
      5.626796e-37
     -8.014407e-38
      1.007473e-38
     -1.156294e-39
      1.233312e-40
     -1.235657e-41
      1.171228e-42
     -1.055649e-43
      9.082440e-45
     -7.481768e-46
      5.915483e-47
     -4.498296e-48
      3.295585e-49
     -2.329682e-50
      1.591156e-51
     -1.051210e-52
      6.724846e-54
     -4.169683e-55
      2.507994e-56
     -1.464523e-57
      8.308602e-59
     -4.582629e-60
      2.458826e-61
     -1.284165e-62
      6.531764e-64
     -3.237270e-65
      1.564138e-66
     -7.370816e-68
      3.389117e-69
     -1.521121e-70
      6.666750e-72
     -2.854273e-73
      1.194149e-74
     -4.883666e-76
      1.952965e-77
     -7.638956e-79
      2.923404e-80
     -1.094908e-81
      4.014334e-83
     -1.441138e-84
      5.067079e-86
     -1.745298e-87
      5.890293e-89
     -1.948280e-90
      6.316856e-92
     -2.008030e-93
      6.259513e-95
     -1.913770e-96
      5.739747e-98
     -1.688969e-99
     4.876925e-101
    -1.382077e-102
     3.844539e-104
    -1.049890e-105
     2.815076e-107
    -7.412075e-109
     1.916672e-110
    -4.868181e-112
     1.214638e-113
    -2.977396e-115
     7.171046e-117
    -1.697185e-118
     3.947476e-120
    -9.023897e-122
     2.027647e-123
    -4.478695e-125
     9.725397e-127
    -2.076318e-128
     4.358563e-130
    -8.996770e-132
     1.826219e-133
    -3.645602e-135
     7.157512e-137
    -1.382151e-138
     2.625259e-140
    -4.904934e-142
     9.014843e-144
    -1.629915e-145
     2.899142e-147
    -5.073254e-149
     8.734316e-151
    -1.479474e-152
     2.465650e-154
    -4.043042e-156
     6.522934e-158
    -1.035474e-159
     1.617326e-161
    -2.485519e-163
     3.758323e-165
    -5.591423e-167
     8.184508e-169
    -1.178671e-170
     1.669964e-172
    -2.327645e-174
     3.191525e-176
    -4.304510e-178
     5.710321e-180
    -7.450233e-182
     9.558874e-184
    -1.205920e-185
     1.495696e-187
    -1.823520e-189
     2.184921e-191
    -2.572299e-193
     2.974764e-195
    -3.378256e-197
     3.765994e-199
    -4.119258e-201
     4.418500e-203
    -4.644704e-205
     4.780895e-207
    -4.813651e-209
     4.734455e-211
    -4.540737e-213
     4.236447e-215
    -3.832088e-217
     3.344166e-219
    -2.794086e-221
     2.206603e-223
    -1.607983e-225
     1.024052e-227
    -4.783552e-230
    -9.410205e-234
     4.245343e-234
    -7.579205e-236
     1.006176e-237
    -1.171208e-239
     1.259412e-241
    -1.280594e-243
     1.246747e-245
    -1.170842e-247
     1.065738e-249
    -9.432970e-252
     8.137588e-254
    -6.853725e-256
     5.642785e-258
    -4.545896e-260
     3.586202e-262
    -2.772040e-264
     2.100491e-266
    -1.560865e-268
     1.137802e-270
      0.000000e+00
      0.000000e+00
