      0.000000e+00
      0.000000e+00
     -2.413282e-23
     -1.599675e-22
     -2.723833e-22
     -2.477019e-22
     -1.637052e-23
      3.800694e-22
      7.928270e-22
      1.046512e-21
      1.032807e-21
      7.387042e-22
      2.066573e-22
     -4.963318e-22
     -1.253674e-21
     -1.879614e-21
     -2.189480e-21
     -2.123982e-21
     -1.801923e-21
     -1.476895e-21
     -1.522455e-21
     -2.485210e-21
     -4.986939e-21
     -9.271142e-21
     -1.466979e-20
     -1.967287e-20
     -2.288433e-20
     -2.409656e-20
     -2.421066e-20
     -2.371567e-20
     -2.121142e-20
     -1.402038e-20
     -1.135104e-21
      1.401263e-20
      2.421255e-20
      2.310366e-20
      1.032133e-20
     -7.458248e-21
     -2.085365e-20
     -2.386379e-20
     -1.654082e-20
     -2.612370e-21
      1.463347e-20
      3.370309e-20
      5.267098e-20
      6.687796e-20
      7.023530e-20
      5.975782e-20
      3.917438e-20
      1.790409e-20
      5.620740e-21
      6.132156e-21
      1.468226e-20
      2.051349e-20
      1.345906e-20
     -9.177931e-21
     -4.002828e-20
     -6.585668e-20
     -7.646792e-20
     -7.216091e-20
     -6.378286e-20
     -6.458702e-20
     -7.963112e-20
     -1.012102e-19
     -1.148980e-19
     -1.121556e-19
     -9.882294e-20
     -9.098543e-20
     -1.005866e-19
     -1.232960e-19
     -1.400065e-19
     -1.311407e-19
     -9.170256e-20
     -3.546135e-20
      1.336099e-20
      3.388220e-20
      1.959499e-20
     -1.845838e-20
     -5.798488e-20
     -7.831332e-20
     -7.172671e-20
     -4.515738e-20
     -1.274442e-20
      1.159579e-20
      1.556031e-20
     -1.064465e-20
     -6.599866e-20
     -1.287483e-19
     -1.619382e-19
     -1.392375e-19
     -6.957542e-20
      7.532997e-21
      5.638592e-20
      7.617246e-20
      9.631184e-20
      1.403022e-19
      1.954185e-19
      2.198767e-19
      1.817443e-19
      9.308124e-20
      6.839924e-21
     -2.272929e-20
      1.695599e-20
      8.731431e-20
      1.307904e-19
      1.164645e-19
      5.991683e-20
      3.697801e-21
     -1.869133e-20
     -1.770900e-21
      4.001558e-20
      8.904657e-20
      1.296225e-19
      1.430983e-19
      1.101707e-19
      2.730381e-20
     -7.768152e-20
     -1.521473e-19
     -1.501939e-19
     -6.670950e-20
      5.562853e-20
      1.554075e-19
      1.948818e-19
      1.797781e-19
      1.413544e-19
      1.020003e-19
      5.985324e-20
      4.081576e-21
     -6.177445e-20
     -1.162773e-19
     -1.375928e-19
     -1.200249e-19
     -7.397261e-20
     -1.520662e-20
      4.326182e-20
      9.326204e-20
      1.310047e-19
      1.540732e-19
      1.553793e-19
      1.219974e-19
      4.787601e-20
     -4.754833e-20
     -1.182983e-19
     -1.194944e-19
     -4.294006e-20
      7.324361e-20
      1.707227e-19
      2.084533e-19
      1.813705e-19
      1.139252e-19
      4.336985e-20
      5.075065e-21
      1.933638e-20
      7.896282e-20
      1.474390e-19
      1.772573e-19
      1.402459e-19
      4.652113e-20
     -6.331261e-20
     -1.442231e-19
     -1.692365e-19
     -1.357560e-19
     -5.994469e-20
      3.147994e-20
      1.088827e-19
      1.476969e-19
      1.354745e-19
      7.580825e-20
     -1.056781e-20
     -8.864592e-20
     -1.221896e-19
     -9.813711e-20
     -4.506951e-20
     -2.004882e-20
     -6.277498e-20
     -1.554664e-19
     -2.324654e-19
     -2.375330e-19
     -1.745988e-19
     -1.002381e-19
     -6.563485e-20
     -6.865856e-20
     -6.462619e-20
     -2.049771e-20
      4.828541e-20
      9.722662e-20
      1.038169e-19
      9.166987e-20
      1.016529e-19
      1.437785e-19
      1.829648e-19
      1.724144e-19
      9.872840e-20
     -3.944827e-21
     -7.902875e-20
     -8.722263e-20
     -3.184041e-20
      4.395909e-20
      8.513659e-20
      6.133433e-20
     -1.278372e-20
     -8.996849e-20
     -1.260647e-19
     -1.086548e-19
     -5.691491e-20
      1.777678e-22
      4.365876e-20
      6.916387e-20
      8.121834e-20
      8.624181e-20
      8.672281e-20
      7.740608e-20
      4.811698e-20
     -5.248987e-21
     -7.072598e-20
     -1.234804e-19
     -1.418694e-19
     -1.214815e-19
     -7.402300e-20
     -1.431443e-20
      4.961513e-20
      1.138512e-19
      1.687671e-19
      1.954703e-19
      1.761134e-19
      1.118127e-19
      3.120539e-20
     -2.433437e-20
     -3.297771e-20
     -1.378350e-20
     -1.014550e-20
     -4.376351e-20
     -8.522071e-20
     -7.937349e-20
     -6.603284e-21
      8.569519e-20
      1.225125e-19
      7.462934e-20
     -1.426266e-20
     -7.858770e-20
     -1.021149e-19
     -1.269062e-19
     -1.917032e-19
     -2.765713e-19
     -3.214142e-19
     -2.932841e-19
     -2.182144e-19
     -1.422267e-19
     -7.809520e-20
     -8.969070e-21
      6.048344e-20
      8.203983e-20
      1.147040e-20
     -1.271110e-19
     -2.420490e-19
     -2.487973e-19
     -1.421813e-19
      5.379770e-21
      1.093872e-19
      1.329627e-19
      9.423662e-20
      3.665243e-20
      1.353276e-21
      1.469723e-20
      7.900680e-20
      1.646007e-19
      2.197687e-19
      2.042032e-19
      1.204325e-19
      1.133833e-20
     -7.563117e-20
     -1.225330e-19
     -1.422800e-19
     -1.524337e-19
     -1.533357e-19
     -1.330100e-19
     -8.961224e-20
     -4.312903e-20
     -2.067077e-20
     -3.010700e-20
     -5.187850e-20
     -6.021812e-20
     -5.156762e-20
     -4.803973e-20
     -7.072981e-20
     -1.116702e-19
     -1.356679e-19
     -1.121928e-19
     -4.709937e-20
      1.610482e-20
      2.834382e-20
     -2.584233e-20
     -1.152499e-19
     -1.867170e-19
     -2.057021e-19
     -1.765930e-19
     -1.283481e-19
     -8.701293e-20
     -6.552549e-20
     -7.302186e-20
     -1.185116e-19
     -1.951805e-19
     -2.668172e-19
     -2.860602e-19
     -2.371052e-19
     -1.570940e-19
     -1.040686e-19
     -9.793211e-20
     -9.806758e-20
     -4.797303e-20
      5.636934e-20
      1.497730e-19
      1.570606e-19
      6.962301e-20
     -4.183508e-20
     -9.350210e-20
     -6.538852e-20
     -1.145291e-20
      2.063018e-21
     -3.749766e-20
     -8.385135e-20
     -8.484418e-20
     -3.598041e-20
      1.677024e-20
      2.318411e-20
     -2.272375e-20
     -7.845340e-20
     -9.720261e-20
     -7.668835e-20
     -6.071484e-20
     -8.870680e-20
     -1.478174e-19
     -1.848509e-19
     -1.681625e-19
     -1.276307e-19
     -1.227455e-19
     -1.731739e-19
     -2.306682e-19
     -2.230512e-19
     -1.223017e-19
      2.936730e-20
      1.515729e-19
      1.811304e-19
      1.098041e-19
     -1.372676e-20
     -1.149864e-19
     -1.404507e-19
     -9.132717e-20
     -2.051082e-20
      1.099212e-20
      2.771983e-21
      3.484455e-20
      7.745209e-20
     -2.326832e-19
     -7.080871e-19
      1.356463e-18
      7.341106e-18
      5.405144e-19
     -5.116317e-17
     -8.834182e-17
      1.940800e-16
      9.846164e-16
      7.823797e-16
     -4.766391e-15
     -1.675362e-14
     -1.250487e-14
      7.317378e-14
      2.924188e-13
      4.369282e-13
     -4.141223e-13
     -4.110580e-12
     -1.204545e-11
     -1.952116e-11
     -2.012713e-12
      1.111153e-10
      4.794810e-10
      1.413855e-09
      3.458489e-09
      7.492627e-09
      1.484865e-08
      2.744311e-08
      4.791576e-08
      7.977087e-08
      1.275142e-07
      1.967785e-07
      2.944304e-07
      4.286519e-07
      6.089888e-07
      8.463624e-07
      1.153037e-06
      1.542545e-06
      2.029556e-06
      2.629712e-06
      3.359401e-06
      4.235498e-06
      5.275066e-06
      6.495020e-06
      7.911775e-06
      9.540873e-06
      1.139661e-05
      1.349166e-05
      1.583671e-05
      1.844017e-05
      2.130783e-05
      2.444260e-05
      2.784435e-05
      3.150975e-05
      3.543215e-05
      3.960159e-05
      4.400479e-05
      4.862533e-05
      5.344371e-05
      5.843764e-05
      6.358223e-05
      6.885033e-05
      7.421285e-05
      7.963908e-05
      8.509707e-05
      9.055401e-05
      9.597652e-05
      1.013311e-04
      1.065842e-04
      1.117030e-04
      1.166551e-04
      1.214091e-04
      1.259346e-04
      1.302026e-04
      1.341853e-04
      1.378564e-04
      1.411911e-04
      1.441661e-04
      1.467596e-04
      1.489515e-04
      1.507230e-04
      1.520573e-04
      1.529386e-04
      1.533533e-04
      1.532891e-04
      1.527355e-04
      1.516839e-04
      1.501276e-04
      1.480619e-04
      1.454843e-04
      1.423947e-04
      1.387952e-04
      1.346909e-04
      1.300893e-04
      1.250009e-04
      1.194391e-04
      1.134203e-04
      1.069639e-04
      1.000922e-04
      9.283022e-05
      8.520595e-05
      7.724973e-05
      6.899422e-05
      6.047402e-05
      5.172540e-05
      4.278583e-05
      3.369364e-05
      2.448756e-05
      1.520626e-05
      5.887913e-06
     -3.430261e-06
     -1.271240e-05
     -2.192439e-05
     -3.103424e-05
     -4.001237e-05
     -4.883189e-05
     -5.746874e-05
     -6.590188e-05
     -7.411332e-05
     -8.208814e-05
     -8.981441e-05
     -9.728310e-05
     -1.044879e-04
     -1.114250e-04
     -1.180929e-04
     -1.244921e-04
     -1.306247e-04
     -1.364943e-04
     -1.421056e-04
     -1.474642e-04
     -1.525760e-04
     -1.574476e-04
     -1.620854e-04
     -1.664959e-04
     -1.706854e-04
     -1.746597e-04
     -1.784244e-04
     -1.819847e-04
     -1.853451e-04
     -1.885100e-04
     -1.914832e-04
     -1.942680e-04
     -1.968677e-04
     -1.992849e-04
     -2.015223e-04
     -2.035821e-04
     -2.054662e-04
     -2.071764e-04
     -2.087138e-04
     -2.100794e-04
     -2.112735e-04
     -2.122958e-04
     -2.131451e-04
     -2.138195e-04
     -2.143159e-04
     -2.146299e-04
     -2.147562e-04
     -2.146878e-04
     -2.144162e-04
     -2.139315e-04
     -2.132226e-04
     -2.122765e-04
     -2.110792e-04
     -2.096155e-04
     -2.078692e-04
     -2.058234e-04
     -2.034611e-04
     -2.007649e-04
     -1.977178e-04
     -1.943038e-04
     -1.905077e-04
     -1.863161e-04
     -1.817174e-04
     -1.767023e-04
     -1.712643e-04
     -1.653998e-04
     -1.591086e-04
     -1.523937e-04
     -1.452620e-04
     -1.377238e-04
     -1.297932e-04
     -1.214880e-04
     -1.128295e-04
     -1.038423e-04
     -9.455406e-05
     -8.499532e-05
     -7.519906e-05
     -6.520040e-05
     -5.503620e-05
     -4.474466e-05
     -3.436498e-05
     -2.393692e-05
     -1.350046e-05
     -3.095455e-06
      7.238660e-06
      1.746317e-05
      2.754032e-05
      3.743349e-05
      4.710739e-05
      5.652818e-05
      6.566354e-05
      7.448280e-05
      8.295693e-05
      9.105859e-05
      9.876219e-05
      1.060439e-04
      1.128815e-04
      1.192549e-04
      1.251457e-04
      1.305372e-04
      1.354152e-04
      1.397671e-04
      1.435829e-04
      1.468549e-04
      1.495778e-04
      1.517491e-04
      1.533690e-04
      1.544406e-04
      1.549703e-04
      1.549675e-04
      1.544449e-04
      1.534182e-04
      1.519068e-04
      1.499328e-04
      1.475216e-04
      1.447013e-04
      1.415028e-04
      1.379590e-04
      1.341052e-04
      1.299778e-04
      1.256148e-04
      1.210546e-04
      1.163360e-04
      1.114975e-04
      1.065770e-04
      1.016110e-04
      9.663471e-05
      9.168104e-05
      8.678067e-05
      8.196163e-05
      7.724901e-05
      7.266485e-05
      6.822798e-05
      6.395401e-05
      5.985534e-05
      5.594126e-05
      5.221807e-05
      4.868928e-05
      4.535586e-05
      4.221649e-05
      3.926787e-05
      3.650504e-05
      3.392163e-05
      3.151023e-05
      2.926267e-05
      2.717026e-05
      2.522404e-05
      2.341503e-05
      2.173434e-05
      2.017338e-05
      1.872389e-05
      1.737806e-05
      1.612854e-05
      1.496847e-05
      1.389147e-05
      1.289159e-05
      1.196334e-05
      1.110160e-05
      1.030161e-05
      9.558964e-06
      8.869566e-06
      8.229609e-06
      7.635560e-06
      7.084136e-06
      6.572291e-06
      6.097196e-06
      5.656223e-06
      5.246932e-06
      4.867056e-06
      4.514492e-06
      4.187285e-06
      3.883621e-06
      3.601815e-06
      3.340301e-06
      3.097627e-06
      2.872442e-06
      2.663495e-06
      2.469621e-06
      2.289739e-06
      2.122846e-06
      1.968011e-06
      1.824368e-06
      1.691114e-06
      1.567502e-06
      1.452840e-06
      1.346485e-06
      1.247840e-06
      1.156349e-06
      1.071499e-06
      9.928106e-07
      9.198407e-07
      8.521771e-07
      7.894372e-07
      7.312660e-07
      6.773337e-07
      6.273342e-07
      5.809835e-07
      5.380177e-07
      4.981922e-07
      4.612795e-07
      4.270688e-07
      3.953644e-07
      3.659845e-07
      3.387604e-07
      3.135358e-07
      2.901652e-07
      2.685140e-07
      2.484571e-07
      2.298783e-07
      2.126701e-07
      1.967325e-07
      1.819728e-07
      1.683050e-07
      1.556492e-07
      1.439316e-07
      1.330833e-07
      1.230408e-07
      1.137449e-07
      1.051409e-07
      9.717798e-08
      8.980895e-08
      8.299015e-08
      7.668106e-08
      7.084410e-08
      6.544443e-08
      6.044976e-08
      5.583015e-08
      5.155784e-08
      4.760711e-08
      4.395411e-08
      4.057674e-08
      3.745451e-08
      3.456845e-08
      3.190097e-08
      2.943578e-08
      2.715777e-08
      2.505296e-08
      2.310840e-08
      2.131208e-08
      1.965288e-08
      1.812052e-08
      1.670545e-08
      1.539886e-08
      1.419257e-08
      1.307901e-08
      1.205117e-08
      1.110258e-08
      1.022724e-08
      9.419576e-09
      8.674463e-09
      7.987141e-09
      7.353211e-09
      6.768601e-09
      6.229545e-09
      5.732560e-09
      5.274425e-09
      4.852160e-09
      4.463011e-09
      4.104431e-09
      3.774066e-09
      3.469738e-09
      3.189436e-09
      2.931302e-09
      2.693617e-09
      2.474795e-09
      2.273367e-09
      2.087981e-09
      1.917385e-09
      1.760423e-09
      1.616029e-09
      1.483218e-09
      1.361079e-09
      1.248774e-09
      1.145528e-09
      1.050626e-09
      9.634082e-10
      8.832661e-10
      8.096382e-10
      7.420069e-10
      6.798945e-10
      6.228608e-10
      5.704999e-10
      5.224376e-10
      4.783291e-10
      4.378565e-10
      4.007271e-10
      3.666710e-10
      3.354399e-10
      3.068048e-10
      2.805550e-10
      2.564967e-10
      2.344510e-10
      2.142538e-10
      1.957538e-10
      1.788117e-10
      1.632995e-10
      1.490996e-10
      1.361036e-10
      1.242119e-10
      1.133331e-10
      1.033831e-10
      9.428437e-11
      8.596607e-11
      7.836291e-11
      7.141496e-11
      6.506719e-11
      5.926907e-11
      5.397424e-11
      4.914013e-11
      4.472768e-11
      4.070107e-11
      3.702744e-11
      3.367666e-11
      3.062109e-11
      2.783542e-11
      2.529643e-11
      2.298286e-11
      2.087522e-11
      1.895568e-11
      1.720791e-11
      1.561693e-11
      1.416908e-11
      1.285182e-11
      1.165369e-11
      1.056421e-11
      9.573802e-12
      8.673702e-12
      7.855902e-12
      7.113086e-12
      6.438568e-12
      5.826244e-12
      5.270539e-12
      4.766363e-12
      4.309073e-12
      3.894432e-12
      3.518573e-12
      3.177972e-12
      2.869416e-12
     -3.177973e-12
     -3.518573e-12
     -3.894432e-12
     -4.309074e-12
     -4.766363e-12
     -5.270539e-12
     -5.826244e-12
     -6.438569e-12
     -7.113086e-12
     -7.855903e-12
     -8.673702e-12
     -9.573802e-12
     -1.056421e-11
     -1.165369e-11
     -1.285182e-11
     -1.416908e-11
     -1.561693e-11
     -1.720791e-11
     -1.895568e-11
     -2.087522e-11
     -2.298286e-11
     -2.529643e-11
     -2.783542e-11
     -3.062109e-11
     -3.367666e-11
     -3.702744e-11
     -4.070107e-11
     -4.472768e-11
     -4.914013e-11
     -5.397424e-11
     -5.926907e-11
     -6.506719e-11
     -7.141496e-11
     -7.836292e-11
     -8.596608e-11
     -9.428437e-11
     -1.033831e-10
     -1.133331e-10
     -1.242120e-10
     -1.361036e-10
     -1.490996e-10
     -1.632995e-10
     -1.788117e-10
     -1.957538e-10
     -2.142538e-10
     -2.344510e-10
     -2.564967e-10
     -2.805550e-10
     -3.068048e-10
     -3.354399e-10
     -3.666710e-10
     -4.007271e-10
     -4.378565e-10
     -4.783291e-10
     -5.224376e-10
     -5.704999e-10
     -6.228608e-10
     -6.798945e-10
     -7.420069e-10
     -8.096382e-10
     -8.832661e-10
     -9.634082e-10
     -1.050626e-09
     -1.145528e-09
     -1.248774e-09
     -1.361079e-09
     -1.483218e-09
     -1.616029e-09
     -1.760423e-09
     -1.917385e-09
     -2.087981e-09
     -2.273367e-09
     -2.474795e-09
     -2.693618e-09
     -2.931302e-09
     -3.189437e-09
     -3.469738e-09
     -3.774066e-09
     -4.104431e-09
     -4.463011e-09
     -4.852160e-09
     -5.274425e-09
     -5.732560e-09
     -6.229545e-09
     -6.768601e-09
     -7.353211e-09
     -7.987142e-09
     -8.674463e-09
     -9.419576e-09
     -1.022724e-08
     -1.110258e-08
     -1.205117e-08
     -1.307901e-08
     -1.419257e-08
     -1.539886e-08
     -1.670545e-08
     -1.812052e-08
     -1.965288e-08
     -2.131208e-08
     -2.310840e-08
     -2.505296e-08
     -2.715777e-08
     -2.943578e-08
     -3.190098e-08
     -3.456845e-08
     -3.745451e-08
     -4.057674e-08
     -4.395411e-08
     -4.760711e-08
     -5.155784e-08
     -5.583015e-08
     -6.044976e-08
     -6.544443e-08
     -7.084410e-08
     -7.668106e-08
     -8.299015e-08
     -8.980895e-08
     -9.717798e-08
     -1.051409e-07
     -1.137449e-07
     -1.230408e-07
     -1.330833e-07
     -1.439316e-07
     -1.556492e-07
     -1.683050e-07
     -1.819728e-07
     -1.967325e-07
     -2.126701e-07
     -2.298783e-07
     -2.484571e-07
     -2.685140e-07
     -2.901652e-07
     -3.135358e-07
     -3.387604e-07
     -3.659845e-07
     -3.953644e-07
     -4.270688e-07
     -4.612795e-07
     -4.981922e-07
     -5.380177e-07
     -5.809835e-07
     -6.273342e-07
     -6.773337e-07
     -7.312660e-07
     -7.894372e-07
     -8.521771e-07
     -9.198407e-07
     -9.928106e-07
     -1.071499e-06
     -1.156349e-06
     -1.247840e-06
     -1.346485e-06
     -1.452840e-06
     -1.567502e-06
     -1.691114e-06
     -1.824368e-06
     -1.968011e-06
     -2.122846e-06
     -2.289739e-06
     -2.469621e-06
     -2.663495e-06
     -2.872442e-06
     -3.097627e-06
     -3.340301e-06
     -3.601815e-06
     -3.883621e-06
     -4.187285e-06
     -4.514492e-06
     -4.867056e-06
     -5.246932e-06
     -5.656223e-06
     -6.097196e-06
     -6.572291e-06
     -7.084136e-06
     -7.635560e-06
     -8.229609e-06
     -8.869566e-06
     -9.558964e-06
     -1.030161e-05
     -1.110160e-05
     -1.196334e-05
     -1.289159e-05
     -1.389147e-05
     -1.496849e-05
     -1.612858e-05
     -1.737813e-05
     -1.872403e-05
     -2.017368e-05
     -2.173507e-05
     -2.341675e-05
     -2.522791e-05
     -2.717842e-05
     -2.927876e-05
     -3.154012e-05
     -3.397432e-05
     -3.659382e-05
     -3.941167e-05
     -4.244140e-05
     -4.569700e-05
     -4.919274e-05
     -5.294310e-05
     -5.696253e-05
     -6.126535e-05
     -6.586553e-05
     -7.077644e-05
     -7.601067e-05
     -8.157978e-05
     -8.749406e-05
     -9.376229e-05
     -1.003915e-04
     -1.073869e-04
     -1.147512e-04
     -1.224852e-04
     -1.305869e-04
     -1.390518e-04
     -1.478725e-04
     -1.570389e-04
     -1.665382e-04
     -1.763544e-04
     -1.864689e-04
     -1.968605e-04
     -2.075051e-04
     -2.183761e-04
     -2.294448e-04
     -2.406800e-04
     -2.520487e-04
     -2.635162e-04
     -2.750460e-04
     -2.866006e-04
     -2.981412e-04
     -3.096284e-04
     -3.210219e-04
     -3.322812e-04
     -3.433656e-04
     -3.542346e-04
     -3.648477e-04
     -3.751650e-04
     -3.851472e-04
     -3.947558e-04
     -4.039531e-04
     -4.127026e-04
     -4.209690e-04
     -4.287185e-04
     -4.359186e-04
     -4.425386e-04
     -4.485495e-04
     -4.539240e-04
     -4.586373e-04
     -4.626662e-04
     -4.659902e-04
     -4.685909e-04
     -4.704526e-04
     -4.715621e-04
     -4.719089e-04
     -4.714853e-04
     -4.702865e-04
     -4.683105e-04
     -4.655585e-04
     -4.620343e-04
     -4.577447e-04
     -4.526995e-04
     -4.469111e-04
     -4.403948e-04
     -4.331683e-04
     -4.252515e-04
     -4.166668e-04
     -4.074384e-04
     -3.975923e-04
     -3.871559e-04
     -3.761580e-04
     -3.646280e-04
     -3.525964e-04
     -3.400939e-04
     -3.271513e-04
     -3.137995e-04
     -3.000688e-04
     -2.859892e-04
     -2.715898e-04
     -2.568989e-04
     -2.419438e-04
     -2.267505e-04
     -2.113440e-04
     -1.957480e-04
     -1.799848e-04
     -1.640757e-04
     -1.480406e-04
     -1.318983e-04
     -1.156667e-04
     -9.936254e-05
     -8.300170e-05
     -6.659938e-05
     -5.017009e-05
     -3.372782e-05
     -1.728611e-05
     -8.582057e-07
      1.554289e-05
      3.190432e-05
      4.821328e-05
      6.445696e-05
      8.062250e-05
      9.669694e-05
      1.126671e-04
      1.285198e-04
      1.442415e-04
      1.598183e-04
      1.752364e-04
      1.904814e-04
      2.055387e-04
      2.203935e-04
      2.350303e-04
      2.494335e-04
      2.635869e-04
      2.774738e-04
      2.910772e-04
      3.043793e-04
      3.173617e-04
      3.300056e-04
      3.422913e-04
      3.541987e-04
      3.657069e-04
      3.767945e-04
      3.874394e-04
      3.976192e-04
      4.073109e-04
      4.164915e-04
      4.251377e-04
      4.332262e-04
      4.407340e-04
      4.476387e-04
      4.539181e-04
      4.595515e-04
      4.645189e-04
      4.688019e-04
      4.723838e-04
      4.752497e-04
      4.773868e-04
      4.787850e-04
      4.794363e-04
      4.793358e-04
      4.784815e-04
      4.768741e-04
      4.745178e-04
      4.714196e-04
      4.675900e-04
      4.630423e-04
      4.577931e-04
      4.518620e-04
      4.452713e-04
      4.380462e-04
      4.302144e-04
      4.218059e-04
      4.128529e-04
      4.033895e-04
      3.934515e-04
      3.830762e-04
      3.723021e-04
      3.611689e-04
      3.497169e-04
      3.379869e-04
      3.260203e-04
      3.138586e-04
      3.015433e-04
      2.891158e-04
      2.766169e-04
      2.640872e-04
      2.515665e-04
      2.390938e-04
      2.267072e-04
      2.144438e-04
      2.023393e-04
      1.904281e-04
      1.787430e-04
      1.673154e-04
      1.561745e-04
      1.453480e-04
      1.348610e-04
      1.247367e-04
      1.149958e-04
      1.056565e-04
      9.673433e-05
      8.824225e-05
      8.019028e-05
      7.258563e-05
      6.543265e-05
      5.873278e-05
      5.248462e-05
      4.668401e-05
      4.132405e-05
      3.639532e-05
      3.188596e-05
      2.778191e-05
      2.406711e-05
      2.072374e-05
      1.773248e-05
      1.507279e-05
      1.272319e-05
      1.066156e-05
      8.865404e-06
      7.312172e-06
      5.979498e-06
      4.845466e-06
      3.888839e-06
      3.089263e-06
      2.427449e-06
      1.885315e-06
      1.446097e-06
      1.094434e-06
      8.164121e-07
      5.995796e-07
      4.329341e-07
      3.068812e-07
      2.131701e-07
      1.448103e-07
      9.597192e-08
      6.187563e-08
      3.867532e-08
      2.333808e-08
      1.352520e-08
      7.477710e-09
      3.909316e-09
      1.909009e-09
      8.549520e-10
      3.406378e-10
      1.136462e-10
      2.673653e-11
      4.839811e-13
     -3.795274e-12
     -2.423136e-12
     -8.498933e-13
     -1.059546e-13
      7.473623e-14
      5.482270e-14
      1.507977e-14
     -1.544672e-15
     -2.985066e-15
     -9.716049e-16
      8.637354e-17
      1.768496e-16
      4.460728e-17
     -1.284536e-17
     -1.007489e-17
     -6.508703e-19
      1.301823e-18
      3.558193e-19
     -1.193717e-19
     -6.818409e-20
      7.236118e-21
      1.008708e-20
     -4.493154e-23
     -1.343774e-21
     -6.258196e-23
      1.727454e-22
      9.992947e-24
     -2.205746e-23
     -6.512524e-25
      2.776081e-24
     -1.015920e-25
     -3.292690e-25
      4.600157e-26
      3.353474e-26
     -1.003337e-26
     -2.309256e-27
      1.539939e-27
     -3.203825e-29
     -1.630860e-28
      3.917220e-29
      8.235729e-30
     -6.124376e-30
      7.367509e-31
      4.203329e-31
     -1.918337e-31
      1.482525e-32
      1.415410e-32
     -5.885333e-33
      5.625353e-34
      3.737197e-34
     -1.862872e-34
      3.279691e-35
      5.356620e-36
     -5.360298e-36
      1.761542e-36
     -2.703272e-37
     -3.836448e-38
      4.086281e-38
     -1.537695e-38
      3.707803e-39
     -4.810756e-40
     -7.034961e-41
      7.288010e-41
     -3.063685e-41
      9.791968e-42
     -2.670939e-42
      6.503604e-43
     -1.446680e-43
      2.980623e-44
     -5.739396e-45
      1.039290e-45
     -1.777474e-46
      2.879831e-47
     -4.428425e-48
      6.468805e-49
     -8.973877e-50
      1.180309e-50
     -1.466448e-51
      1.708961e-52
     -1.843233e-53
      1.790037e-54
     -1.462391e-55
      7.758377e-57
      3.389594e-58
     -1.923133e-58
      3.978296e-59
     -6.459259e-60
      9.272539e-61
     -1.228151e-61
      1.531793e-62
     -1.819831e-63
      2.074291e-64
     -2.279445e-65
      2.423395e-66
     -2.499139e-67
      2.505022e-68
     -2.444534e-69
      2.325554e-70
     -2.159194e-71
      1.958438e-72
     -1.736775e-73
      1.506996e-74
     -1.280263e-75
      1.065515e-76
     -8.692078e-78
      6.953478e-79
     -5.457432e-80
      4.203981e-81
     -3.179692e-82
      2.362196e-83
     -1.724240e-84
      1.236991e-85
     -8.724694e-87
      6.051596e-88
     -4.128957e-89
      2.771855e-90
     -1.831318e-91
      1.191021e-92
     -7.626605e-94
      4.809393e-95
     -2.987327e-96
      1.828066e-97
     -1.102294e-98
     6.550529e-100
    -3.837094e-101
     2.215884e-102
    -1.261766e-103
     7.085402e-105
    -3.924352e-106
     2.144132e-107
    -1.155779e-108
     6.147475e-110
    -3.226810e-111
     1.671704e-112
    -8.548855e-114
     4.315893e-115
    -2.151283e-116
     1.058857e-117
    -5.146803e-119
     2.470837e-120
    -1.171660e-121
     5.488508e-123
    -2.540062e-124
     1.161484e-125
    -5.248092e-127
     2.343410e-128
    -1.034171e-129
     4.510986e-131
    -1.945011e-132
     8.290479e-134
    -3.493651e-135
     1.455647e-136
    -5.997112e-138
     2.443267e-139
    -9.844061e-141
     3.922685e-142
    -1.546069e-143
     6.027549e-145
    -2.324601e-146
     8.869117e-148
    -3.347842e-149
     1.250344e-150
    -4.620634e-152
     1.689690e-153
    -6.114658e-155
     2.189890e-156
    -7.762156e-158
     2.723184e-159
    -9.456489e-161
     3.250611e-162
    -1.106127e-163
     3.726259e-165
    -1.242770e-166
     4.103748e-168
    -1.341726e-169
     4.343714e-171
    -1.392495e-172
     4.420602e-174
    -1.389774e-175
     4.327149e-177
    -1.334361e-178
     4.075470e-180
    -1.232916e-181
     3.694524e-183
    -1.096657e-184
     3.224691e-186
    -9.393501e-188
     2.710852e-189
    -7.750678e-191
     2.195561e-192
    -6.162249e-194
     1.713707e-195
    -4.722295e-197
     1.289448e-198
    -3.489022e-200
     9.355505e-202
    -2.486045e-203
     6.547007e-205
    -1.708767e-206
     4.420203e-208
    -1.133273e-209
     2.879871e-211
    -7.253878e-213
     1.811085e-214
    -4.482201e-216
     1.099612e-217
    -2.674211e-219
     6.447199e-221
    -1.540910e-222
     3.651117e-224
    -8.576835e-226
     1.997525e-227
    -4.612451e-229
     1.055981e-230
    -2.397039e-232
     5.395093e-234
    -1.204030e-235
     2.664401e-237
    -5.846489e-239
     1.272135e-240
    -2.744875e-242
     5.873162e-244
    -1.246207e-245
     2.622316e-247
    -5.472239e-249
     1.132500e-250
    -2.324407e-252
     4.731455e-254
    -9.551971e-256
     1.912557e-257
    -3.798096e-259
     7.480912e-261
    -1.461460e-262
     2.831845e-264
    -5.442628e-266
     1.037554e-267
    -1.961920e-269
     3.679821e-271
    -6.846243e-273
     1.263466e-274
    -2.312949e-276
     4.200149e-278
    -7.565968e-280
     1.351980e-281
    -2.396550e-283
     4.214226e-285
    -7.351374e-287
     1.272163e-288
    -2.183957e-290
     3.719432e-292
    -6.284111e-294
     1.053293e-295
    -1.751442e-297
     2.889262e-299
    -4.728518e-301
     7.677383e-303
    -1.236669e-304
     1.976281e-306
    -3.133290e-308
     4.928459e-310
    -7.690986e-312
     1.190734e-313
    -1.828986e-315
     2.787216e-317
    -4.214034e-319
     6.324040e-321
    -9.387247e-323
      0.000000e+00
      0.000000e+00
      0.000000e+00
      0.000000e+00
      0.000000e+00
      0.000000e+00
      0.000000e+00
      0.000000e+00
      0.000000e+00
      0.000000e+00
      0.000000e+00
      0.000000e+00
      0.000000e+00
      0.000000e+00
      0.000000e+00
      0.000000e+00
      0.000000e+00
      0.000000e+00
      0.000000e+00
      0.000000e+00
      0.000000e+00
      0.000000e+00
      0.000000e+00
      0.000000e+00
      0.000000e+00
      0.000000e+00
      0.000000e+00
      0.000000e+00
      0.000000e+00
      0.000000e+00
      0.000000e+00
      0.000000e+00
      0.000000e+00
      0.000000e+00
      0.000000e+00
      0.000000e+00
      0.000000e+00
      0.000000e+00
      0.000000e+00
      0.000000e+00
      0.000000e+00
      0.000000e+00
      0.000000e+00
      0.000000e+00
      0.000000e+00
      0.000000e+00
      0.000000e+00
      0.000000e+00
      0.000000e+00
      0.000000e+00
      0.000000e+00
      0.000000e+00
      0.000000e+00
      0.000000e+00
      0.000000e+00
      0.000000e+00
      0.000000e+00
      0.000000e+00
      0.000000e+00
      0.000000e+00
      0.000000e+00
      0.000000e+00
      0.000000e+00
      0.000000e+00
      0.000000e+00
      0.000000e+00
      0.000000e+00
      0.000000e+00
      0.000000e+00
      0.000000e+00
      0.000000e+00
      0.000000e+00
      0.000000e+00
      0.000000e+00
      0.000000e+00
      0.000000e+00
      0.000000e+00
      0.000000e+00
      0.000000e+00
      0.000000e+00
      0.000000e+00
      0.000000e+00
      0.000000e+00
      0.000000e+00
      0.000000e+00
      0.000000e+00
      0.000000e+00
      0.000000e+00
      0.000000e+00
      0.000000e+00
      0.000000e+00
      0.000000e+00
      0.000000e+00
      0.000000e+00
      0.000000e+00
      0.000000e+00
      0.000000e+00
      0.000000e+00
      0.000000e+00
      0.000000e+00
      0.000000e+00
      0.000000e+00
      0.000000e+00
      0.000000e+00
      0.000000e+00
      0.000000e+00
      0.000000e+00
