      0.000000e+00
      0.000000e+00
     -2.492458e-22
     -9.964082e-22
     -1.338752e-21
     -6.647414e-22
      5.043180e-22
      2.615163e-22
     -3.057249e-21
     -8.492250e-21
     -1.212314e-20
     -1.018971e-20
     -3.264227e-21
      3.106047e-21
      2.947834e-21
     -4.718751e-21
     -1.570011e-20
     -2.550890e-20
     -3.214359e-20
     -3.285808e-20
     -2.154941e-20
      5.101050e-21
      3.779956e-20
      5.629051e-20
      4.649688e-20
      1.579619e-20
     -1.273584e-20
     -2.218113e-20
     -1.525364e-20
     -6.268184e-21
     -4.785565e-21
     -1.047651e-20
     -2.072362e-20
     -3.702003e-20
     -6.104281e-20
     -8.680512e-20
     -1.018563e-19
     -9.894478e-20
     -8.267253e-20
     -5.950068e-20
     -2.524672e-20
      2.691448e-20
      8.521172e-20
      1.188583e-19
      1.080133e-19
      6.815046e-20
      3.470486e-20
      2.413650e-20
      1.844905e-20
     -7.763993e-21
     -4.989703e-20
     -7.168507e-20
     -4.474889e-20
      1.587263e-20
      6.348548e-20
      6.529973e-20
      2.914800e-20
     -1.130903e-20
     -2.449559e-20
      5.255374e-21
      7.014725e-20
      1.317034e-19
      1.382989e-19
      7.551616e-20
     -2.558495e-21
     -1.688603e-20
      4.932601e-20
      1.204358e-19
      1.027316e-19
     -1.130459e-20
     -1.262921e-19
     -1.395017e-19
     -4.796028e-20
      4.909825e-20
      5.394490e-20
     -3.339767e-20
     -1.236656e-19
     -1.286555e-19
     -3.529449e-20
      9.263294e-20
      1.648426e-19
      1.253893e-19
     -6.110834e-21
     -1.429088e-19
     -1.985610e-19
     -1.601889e-19
     -8.953148e-20
     -4.981266e-20
     -4.555976e-20
     -3.910476e-20
     -5.722553e-21
      4.636636e-20
      9.909680e-20
      1.421691e-19
      1.642878e-19
      1.484088e-19
      9.262071e-20
      2.841635e-20
     -8.789870e-22
      1.445892e-20
      3.963494e-20
      3.960538e-20
      2.233191e-20
      2.090095e-20
      4.246373e-20
      6.368930e-20
      7.797002e-20
      1.106220e-19
      1.673044e-19
      1.986277e-19
      1.520551e-19
      4.579646e-20
     -4.415938e-20
     -6.861947e-20
     -4.736076e-20
     -2.662658e-20
     -2.619076e-20
     -3.870075e-20
     -5.298849e-20
     -5.687822e-20
     -3.512213e-20
      8.684605e-21
      3.490246e-20
      2.020113e-21
     -7.477072e-20
     -1.247239e-19
     -9.897392e-20
     -2.881567e-20
      1.513264e-20
      8.392117e-21
     -8.705567e-21
      9.390537e-21
      6.246264e-20
      1.142866e-19
      1.316789e-19
      1.097392e-19
      7.422856e-20
      6.189740e-20
      8.365081e-20
      1.032098e-19
      6.768493e-20
     -3.094922e-20
     -1.351260e-19
     -1.734610e-19
     -1.282116e-19
     -4.471062e-20
      1.674240e-20
      2.825302e-20
      4.722907e-21
     -1.663829e-20
     -1.194270e-20
      1.789840e-21
     -1.714952e-20
     -7.758107e-20
     -1.280350e-19
     -1.116104e-19
     -3.900855e-20
      2.480032e-20
      4.518542e-20
      5.275323e-20
      8.368530e-20
      1.215689e-19
      1.244164e-19
      8.977540e-20
      5.630566e-20
      2.901831e-20
      3.829950e-20
      1.246917e-19
     -3.766234e-19
     -4.405292e-19
      4.604698e-18
     -3.981506e-18
     -4.413326e-17
      8.350775e-17
      3.828092e-16
     -9.421768e-16
     -3.632257e-15
      7.571388e-15
      3.782765e-14
     -3.007752e-14
     -3.659996e-13
     -3.409422e-13
      2.359074e-12
      8.134257e-12
      2.443556e-12
     -5.656554e-11
     -2.041999e-10
     -3.014011e-10
      3.872018e-10
      4.024121e-09
      1.565777e-08
      4.559332e-08
      1.129023e-07
      2.499927e-07
      5.076490e-07
      9.594666e-07
      1.704418e-06
      2.866497e-06
      4.590848e-06
      7.036345e-06
      1.036506e-05
      1.472948e-05
      2.025864e-05
      2.704456e-05
      3.513020e-05
      4.450031e-05
      5.507573e-05
      6.671169e-05
      7.919999e-05
      9.227444e-05
      1.056188e-04
      1.188764e-04
      1.316601e-04
      1.435618e-04
      1.541623e-04
      1.630386e-04
      1.697724e-04
      1.739573e-04
      1.752073e-04
      1.731668e-04
      1.675230e-04
      1.580200e-04
      1.444767e-04
      1.268055e-04
      1.050336e-04
      7.932351e-05
      4.999303e-05
      1.753288e-05
     -1.737960e-05
     -5.387178e-05
     -9.087398e-05
     -1.271269e-04
     -1.612019e-04
     -1.915399e-04
     -2.165172e-04
     -2.345486e-04
     -2.442397e-04
     -2.445958e-04
     -2.352759e-04
     -2.168511e-04
     -1.909774e-04
     -1.603575e-04
     -1.283923e-04
     -9.854003e-05
     -7.357585e-05
     -5.506028e-05
     -4.324964e-05
     -3.744379e-05
     -3.652783e-05
     -3.941252e-05
     -4.522613e-05
     -5.330392e-05
     -6.310758e-05
     -7.416626e-05
     -8.605365e-05
     -9.837839e-05
     -1.107724e-04
     -1.228777e-04
     -1.343376e-04
     -1.447939e-04
     -1.538887e-04
     -1.612711e-04
     -1.666058e-04
     -1.695858e-04
     -1.699457e-04
     -1.674747e-04
     -1.620285e-04
     -1.535389e-04
     -1.420184e-04
     -1.275626e-04
     -1.103477e-04
     -9.062455e-05
     -6.871140e-05
     -4.498397e-05
     -1.986593e-05
      6.180266e-06
      3.266157e-05
      5.906126e-05
      8.484499e-05
      1.094667e-04
      1.323749e-04
      1.530213e-04
      1.708717e-04
      1.854202e-04
      1.962080e-04
      2.028460e-04
      2.050412e-04
      2.026265e-04
      1.955923e-04
      1.841195e-04
      1.686093e-04
      1.497077e-04
      1.283141e-04
      1.055660e-04
      8.278081e-05
      6.134108e-05
      4.251717e-05
      2.724978e-05
      1.595577e-05
      8.447270e-06
      4.029668e-06
      1.758089e-06
      7.362022e-07
      3.174422e-07
      1.434815e-07
      6.302817e-08
      2.485151e-08
      9.220070e-09
      4.087559e-09
      2.331020e-09
      1.307608e-09
      6.277270e-10
      2.899773e-10
      1.658832e-10
      1.177301e-10
      8.544467e-11
      5.892685e-11
      3.971690e-11
      2.778141e-11
      2.087756e-11
      1.642425e-11
      1.295546e-11
      1.015972e-11
      8.070861e-12
      6.567624e-12
      5.433215e-12
      4.525742e-12
      3.792470e-12
      3.205868e-12
      2.733860e-12
      2.346833e-12
      2.024896e-12
      1.755216e-12
      1.527785e-12
      1.334218e-12
      1.167912e-12
      1.023836e-12
      8.980396e-13
      7.873353e-13
      6.891513e-13
      6.014303e-13
      5.225292e-13
      4.511432e-13
      3.862552e-13
      3.271028e-13
      2.731527e-13
      2.240815e-13
      1.797574e-13
      1.402142e-13
      1.056115e-13
      7.616897e-14
      5.207021e-14
      3.334179e-14
      1.973335e-14
      1.064820e-14
      5.178490e-15
      2.261423e-15
      9.000610e-16
      3.412598e-16
      1.304769e-16
      5.074748e-17
      1.902610e-17
      6.697470e-18
      2.408118e-18
      9.953917e-19
      4.579454e-19
      2.310105e-19
      1.633449e-19
      1.454702e-19
      1.074868e-19
      4.805473e-20
     -4.719388e-21
     -2.402421e-20
      1.776608e-21
      6.144989e-20
      1.105626e-19
      1.027488e-19
      5.882970e-20
      3.267820e-20
      2.544826e-20
      2.343982e-20
      3.174247e-20
      2.589547e-20
     -3.586559e-21
     -4.019933e-21
      2.296949e-20
     -5.673386e-21
     -8.782622e-20
     -1.127105e-19
     -4.372848e-20
      2.423578e-20
      1.524716e-20
     -2.108891e-20
     -8.980497e-21
      2.549026e-20
      1.779630e-20
     -8.073394e-21
      7.964009e-21
      4.601610e-20
      5.313618e-20
      3.444246e-20
     -6.347734e-20
      7.227642e-20
      1.490778e-19
      1.512333e-19
      1.822389e-19
      2.470005e-19
      2.468499e-19
      2.227727e-19
      3.058022e-19
      3.980637e-19
      2.637853e-19
     -5.788412e-20
     -2.732681e-19
     -2.475109e-19
     -9.981295e-20
      6.159934e-20
      2.027074e-19
      2.449569e-19
      1.421292e-19
     -4.446336e-21
     -7.091214e-20
     -6.423144e-20
     -4.341524e-20
     -1.524300e-20
      2.472701e-20
      5.636937e-20
      5.667067e-20
      2.778772e-20
      2.242281e-20
      6.159130e-20
      5.077753e-20
     -8.473183e-20
     -2.544952e-19
     -3.651763e-19
     -5.132504e-19
     -1.019081e-18
     -2.704484e-18
     -7.598979e-18
     -2.024267e-17
     -5.108480e-17
     -1.286974e-16
     -3.375201e-16
     -8.964584e-16
     -2.260577e-15
     -5.181174e-15
     -1.065268e-14
     -1.973714e-14
     -3.334356e-14
     -5.207011e-14
     -7.616778e-14
     -1.056099e-13
     -1.402128e-13
     -1.797564e-13
     -2.240811e-13
     -2.731526e-13
     -3.271031e-13
     -3.862558e-13
     -4.511440e-13
     -5.225303e-13
     -6.014311e-13
     -6.891523e-13
     -7.873394e-13
     -8.980472e-13
     -1.023835e-12
     -1.167898e-12
     -1.334234e-12
     -1.527884e-12
     -1.755262e-12
     -2.024605e-12
     -2.346541e-12
     -2.734881e-12
     -3.207956e-12
     -3.790754e-12
     -4.517268e-12
     -5.432577e-12
     -6.597668e-12
     -8.103815e-12
     -1.009615e-11
     -1.278902e-11
     -1.645992e-11
     -2.146708e-11
     -2.844925e-11
     -3.893203e-11
     -5.609721e-11
     -8.419850e-11
     -1.263178e-10
     -1.898838e-10
     -3.165036e-10
     -6.191762e-10
     -1.261618e-09
     -2.453908e-09
     -4.953732e-09
     -1.157560e-08
     -2.902790e-08
     -6.910730e-08
     -1.545035e-07
     -3.475363e-07
     -8.237127e-07
     -1.982973e-06
     -4.535963e-06
     -9.472817e-06
     -1.786953e-05
     -3.059288e-05
     -4.804145e-05
     -7.003972e-05
     -9.590795e-05
     -1.246433e-04
     -1.551221e-04
     -1.862611e-04
     -2.171155e-04
     -2.469226e-04
     -2.751064e-04
     -3.012613e-04
     -3.251256e-04
     -3.465532e-04
     -3.654874e-04
     -3.819370e-04
     -3.959576e-04
     -4.076357e-04
     -4.170766e-04
     -4.243949e-04
     -4.297081e-04
     -4.331313e-04
     -4.347748e-04
     -4.347420e-04
     -4.331294e-04
     -4.300268e-04
     -4.255184e-04
     -4.196844e-04
     -4.126018e-04
     -4.043462e-04
     -3.949920e-04
     -3.846130e-04
     -3.732820e-04
     -3.610692e-04
     -3.480411e-04
     -3.342576e-04
     -3.197691e-04
     -3.046136e-04
     -2.888128e-04
     -2.723687e-04
     -2.552602e-04
     -2.374393e-04
     -2.188278e-04
     -1.993145e-04
     -1.787504e-04
     -1.569428e-04
     -1.336476e-04
     -1.085644e-04
     -8.133184e-05
     -5.150940e-05
     -1.852268e-05
      1.841062e-05
      6.028588e-05
      1.081197e-04
      1.625149e-04
      2.231234e-04
      2.882968e-04
      3.551679e-04
      4.201734e-04
      4.797872e-04
      5.311576e-04
      5.724525e-04
      6.028921e-04
      6.225741e-04
      6.322151e-04
      6.329011e-04
      6.258879e-04
      6.124618e-04
      5.938521e-04
      5.711822e-04
      5.454477e-04
      5.175112e-04
      4.881071e-04
      4.578511e-04
      4.272530e-04
      3.967289e-04
      3.666141e-04
      3.371750e-04
      3.086195e-04
      2.811075e-04
      2.547592e-04
      2.296633e-04
      2.058833e-04
      1.834635e-04
      1.624332e-04
      1.428105e-04
      1.246042e-04
      1.078159e-04
      9.244002e-05
      7.846380e-05
      6.586691e-05
      5.462034e-05
      4.468547e-05
      3.601320e-05
      2.854343e-05
      2.220499e-05
      1.691623e-05
      1.258612e-05
      9.116127e-06
      6.402494e-06
      4.339067e-06
      2.820314e-06
      1.744441e-06
      1.016328e-06
      5.501263e-07
      2.713672e-07
      1.184718e-07
      4.351065e-08
      1.199177e-08
      1.509986e-09
     -6.499113e-10
     -4.860807e-10
     -1.308283e-10
      7.315469e-12
      1.804311e-11
      4.630858e-12
     -8.841387e-13
     -7.377053e-13
     -3.919503e-14
      7.727014e-14
      1.367008e-14
     -7.257458e-15
     -1.867770e-15
      7.201255e-16
      1.884204e-16
     -7.965157e-17
     -1.357931e-17
      8.991228e-18
      2.224546e-19
     -8.706854e-19
      1.286737e-19
      5.259568e-20
     -2.286430e-20
      1.084048e-21
      1.625280e-21
     -5.600345e-22
      4.450715e-23
      2.892154e-23
     -1.357716e-23
      2.898818e-24
     -1.510594e-25
     -1.406662e-25
      6.915495e-26
     -2.077159e-26
      4.900482e-27
     -9.784337e-28
      1.709427e-28
     -2.658724e-29
      3.712055e-30
     -4.658636e-31
      5.219033e-32
     -5.107012e-33
      4.110025e-34
     -2.162407e-35
     -6.151937e-37
      3.926105e-37
     -7.356356e-38
      1.046397e-38
     -1.287169e-39
      1.433723e-40
     -1.478477e-41
      1.429540e-42
     -1.306600e-43
      1.135287e-44
     -9.416550e-46
      7.479876e-47
     -5.704626e-48
      4.186067e-49
     -2.960757e-50
      2.021523e-51
     -1.334167e-52
      8.521305e-54
     -5.272546e-55
      3.163455e-56
     -1.842047e-57
      1.041781e-58
     -5.726645e-60
      3.061676e-61
     -1.593016e-62
      8.071063e-64
     -3.984035e-65
      1.916967e-66
     -8.995162e-68
      4.118116e-69
     -1.840198e-70
      8.029319e-72
     -3.422184e-73
      1.425255e-74
     -5.802204e-76
      2.309638e-77
     -8.992452e-79
      3.425486e-80
     -1.277018e-81
      4.660345e-83
     -1.665312e-84
      5.828218e-86
     -1.998202e-87
      6.712796e-89
     -2.210146e-90
      7.133150e-92
     -2.257200e-93
      7.004370e-95
     -2.131855e-96
      6.365192e-98
     -1.864676e-99
     5.360477e-101
    -1.512443e-102
     4.188849e-104
    -1.138971e-105
     3.040835e-107
    -7.972465e-109
     2.052897e-110
    -5.192419e-112
     1.290182e-113
    -3.149636e-115
     7.555175e-117
    -1.780937e-118
     4.125871e-120
    -9.394795e-122
     2.102825e-123
    -4.627017e-125
     1.000961e-126
    -2.129053e-128
     4.452882e-130
    -9.158263e-132
     1.852387e-133
    -3.684897e-135
     7.209754e-137
    -1.387529e-138
     2.626719e-140
    -4.891669e-142
     8.961749e-144
    -1.615249e-145
     2.864274e-147
    -4.997279e-149
     8.578481e-151
    -1.448964e-152
     2.408160e-154
    -3.938248e-156
     6.337494e-158
    -1.003539e-159
     1.563709e-161
    -2.397640e-163
     3.617576e-165
    -5.370978e-167
     7.846671e-169
    -1.127991e-170
     1.595520e-172
    -2.220556e-174
     3.040644e-176
    -4.096311e-178
     5.428977e-180
    -7.078003e-182
     9.076863e-184
    -1.144859e-185
     1.420076e-187
    -1.732045e-189
     2.076969e-191
    -2.448214e-193
     2.836155e-195
    -3.228270e-197
     3.609518e-199
    -3.963022e-201
     4.271035e-203
    -4.516137e-205
     4.682557e-207
    -4.757516e-209
     4.732429e-211
    -4.603846e-213
     4.374001e-215
    -4.050883e-217
     3.647820e-219
    -3.182570e-221
     2.676038e-223
    -2.150714e-225
     1.629026e-227
    -1.131747e-229
     6.766400e-232
    -2.774403e-234
    -5.673468e-237
     3.215276e-238
    -5.170682e-240
     6.473568e-242
    -7.194065e-244
     7.422629e-246
    -7.260138e-248
     6.808866e-250
    -6.165044e-252
     5.413423e-254
    -4.623951e-256
     3.850429e-258
    -3.130817e-260
     2.488770e-262
    -1.935951e-264
     1.474693e-266
    -1.100665e-268
     8.052917e-271
      0.000000e+00
      0.000000e+00
