      0.000000e+00
      0.000000e+00
     -2.157142e-21
     -1.063257e-20
     -2.375678e-20
     -2.510891e-20
     -1.248140e-20
      1.372910e-20
      3.610820e-20
      6.038125e-21
     -2.648712e-20
      1.401993e-20
      3.882341e-20
     -2.381891e-20
     -6.277028e-18
      3.344242e-16
     -1.097394e-14
      2.509405e-13
     -3.821742e-12
      2.710636e-11
      3.101506e-10
     -1.125871e-08
      1.366348e-07
     -6.348851e-07
     -1.675821e-06
      1.545997e-05
      7.199442e-05
      1.346620e-04
      1.233922e-04
      1.507011e-05
     -1.179944e-04
     -2.012634e-04
     -2.189924e-04
     -1.673086e-04
     -4.307074e-05
      9.465483e-05
      1.493317e-04
      1.042167e-04
      3.542876e-05
      2.984315e-06
      4.431574e-07
      2.240611e-06
      1.071109e-06
     -4.758978e-08
     -1.179497e-07
      1.284758e-08
      1.973170e-08
      8.941475e-11
     -2.258221e-09
     -3.902653e-10
      1.427968e-10
      5.508440e-10
     -5.707381e-10
     -4.423978e-09
     -5.884445e-09
      1.269173e-08
      4.601419e-08
     -9.686418e-08
     -8.826742e-07
     -2.211749e-06
     -2.404986e-06
     -3.517511e-06
     -2.604620e-05
     -1.089017e-04
     -2.627621e-04
     -4.170034e-04
     -4.561737e-04
     -3.289340e-04
     -8.644319e-05
      1.811496e-04
      3.909638e-04
      4.679329e-04
      3.836518e-04
      2.085648e-04
      6.284720e-05
      2.866638e-06
     -2.988232e-06
      2.072788e-07
      1.733084e-07
     -4.982494e-08
      6.331425e-09
     -4.311261e-10
      9.293241e-12
      1.314614e-12
     -1.805372e-13
      1.323721e-14
     -7.059258e-16
      2.988710e-17
     -1.046352e-18
      3.101639e-20
     -7.904856e-22
      1.750761e-23
     -3.395774e-25
      5.800692e-27
     -8.762509e-29
      1.173890e-30
     -1.397220e-32
      1.478832e-34
     -1.391797e-36
      0.000000e+00
      0.000000e+00
