      0.000000e+00
      0.000000e+00
     -2.413282e-23
     -1.599675e-22
     -2.723833e-22
     -2.477019e-22
     -1.637052e-23
      3.800694e-22
      7.928270e-22
      1.046512e-21
      1.032807e-21
      7.387042e-22
      2.066573e-22
     -4.963318e-22
     -1.253674e-21
     -1.879614e-21
     -2.189480e-21
     -2.123982e-21
     -1.801923e-21
     -1.476895e-21
     -1.522455e-21
     -2.485210e-21
     -4.986939e-21
     -9.271142e-21
     -1.466979e-20
     -1.967287e-20
     -2.288433e-20
     -2.409656e-20
     -2.421066e-20
     -2.371567e-20
     -2.121142e-20
     -1.402038e-20
     -1.135104e-21
      1.401263e-20
      2.421255e-20
      2.310366e-20
      1.032133e-20
     -7.458248e-21
     -2.085365e-20
     -2.386379e-20
     -1.654082e-20
     -2.612370e-21
      1.463347e-20
      3.370309e-20
      5.267098e-20
      6.687796e-20
      7.023530e-20
      5.975782e-20
      3.917438e-20
      1.790409e-20
      5.620740e-21
      6.132156e-21
      1.468226e-20
      2.051349e-20
      1.345906e-20
     -9.177931e-21
     -4.002828e-20
     -6.585668e-20
     -7.646792e-20
     -7.216091e-20
     -6.378286e-20
     -6.458702e-20
     -7.963112e-20
     -1.012102e-19
     -1.148980e-19
     -1.121556e-19
     -9.882294e-20
     -9.098543e-20
     -1.005866e-19
     -1.232960e-19
     -1.400065e-19
     -1.311407e-19
     -9.170256e-20
     -3.546135e-20
      1.336099e-20
      3.388220e-20
      1.959499e-20
     -1.845838e-20
     -5.798488e-20
     -7.831332e-20
     -7.172671e-20
     -4.515738e-20
     -1.274442e-20
      1.159579e-20
      1.556031e-20
     -1.064465e-20
     -6.599866e-20
     -1.287483e-19
     -1.619382e-19
     -1.392375e-19
     -6.957542e-20
      7.532997e-21
      5.638592e-20
      7.617246e-20
      9.631184e-20
      1.403022e-19
      1.954185e-19
      2.198767e-19
      1.817443e-19
      9.308124e-20
      6.839924e-21
     -2.272929e-20
      1.695599e-20
      8.731431e-20
      1.307904e-19
      1.164645e-19
      5.991683e-20
      3.697801e-21
     -1.869133e-20
     -1.770900e-21
      4.001558e-20
      8.904657e-20
      1.296225e-19
      1.430983e-19
      1.101707e-19
      2.730381e-20
     -7.768152e-20
     -1.521473e-19
     -1.501939e-19
     -6.670950e-20
      5.562853e-20
      1.554075e-19
      1.948818e-19
      1.797781e-19
      1.413544e-19
      1.020003e-19
      5.985324e-20
      4.081576e-21
     -6.177445e-20
     -1.162773e-19
     -1.375928e-19
     -1.200249e-19
     -7.397261e-20
     -1.520662e-20
      4.326182e-20
      9.326204e-20
      1.310047e-19
      1.540732e-19
      1.553793e-19
      1.219974e-19
      4.787601e-20
     -4.754833e-20
     -1.182983e-19
     -1.194944e-19
     -4.294006e-20
      7.324361e-20
      1.707227e-19
      2.084533e-19
      1.813705e-19
      1.139252e-19
      4.336985e-20
      5.075065e-21
      1.933638e-20
      7.896282e-20
      1.474390e-19
      1.772573e-19
      1.402459e-19
      4.652113e-20
     -6.331261e-20
     -1.442231e-19
     -1.692365e-19
     -1.357560e-19
     -5.994469e-20
      3.147994e-20
      1.088827e-19
      1.476969e-19
      1.354745e-19
      7.580825e-20
     -1.056781e-20
     -8.864592e-20
     -1.221896e-19
     -9.813711e-20
     -4.506951e-20
     -2.004882e-20
     -6.277498e-20
     -1.554664e-19
     -2.324654e-19
     -2.375330e-19
     -1.745988e-19
     -1.002381e-19
     -6.563485e-20
     -6.865856e-20
     -6.462619e-20
     -2.049771e-20
      4.828541e-20
      9.722662e-20
      1.038169e-19
      9.166987e-20
      1.016529e-19
      1.437785e-19
      1.829648e-19
      1.724144e-19
      9.872840e-20
     -3.944827e-21
     -7.902875e-20
     -8.722263e-20
     -3.184041e-20
      4.395909e-20
      8.513659e-20
      6.133433e-20
     -1.278372e-20
     -8.996849e-20
     -1.260647e-19
     -1.086548e-19
     -5.691491e-20
      1.777678e-22
      4.365876e-20
      6.916387e-20
      8.121834e-20
      8.624181e-20
      8.672281e-20
      7.740608e-20
      4.811698e-20
     -5.248987e-21
     -7.072598e-20
     -1.234804e-19
     -1.418694e-19
     -1.214815e-19
     -7.402300e-20
     -1.431443e-20
      4.961513e-20
      1.138512e-19
      1.687671e-19
      1.954703e-19
      1.761134e-19
      1.118127e-19
      3.120539e-20
     -2.433437e-20
     -3.297771e-20
     -1.378350e-20
     -1.014550e-20
     -4.376351e-20
     -8.522071e-20
     -7.937349e-20
     -6.603284e-21
      8.569519e-20
      1.225125e-19
      7.462934e-20
     -1.426266e-20
     -7.858770e-20
     -1.021149e-19
     -1.269062e-19
     -1.917032e-19
     -2.765713e-19
     -3.214142e-19
     -2.932841e-19
     -2.182144e-19
     -1.422267e-19
     -7.809520e-20
     -8.969070e-21
      6.048344e-20
      8.203983e-20
      1.147040e-20
     -1.271110e-19
     -2.420490e-19
     -2.487973e-19
     -1.421813e-19
      5.379770e-21
      1.093872e-19
      1.329627e-19
      9.423662e-20
      3.665243e-20
      1.353276e-21
      1.469723e-20
      7.900680e-20
      1.646007e-19
      2.197687e-19
      2.042032e-19
      1.204325e-19
      1.133833e-20
     -7.563117e-20
     -1.225330e-19
     -1.422800e-19
     -1.524337e-19
     -1.533357e-19
     -1.330100e-19
     -8.961224e-20
     -4.312903e-20
     -2.067077e-20
     -3.010700e-20
     -5.187850e-20
     -6.021812e-20
     -5.156762e-20
     -4.803973e-20
     -7.072981e-20
     -1.116702e-19
     -1.356679e-19
     -1.121928e-19
     -4.709937e-20
      1.610482e-20
      2.834382e-20
     -2.584233e-20
     -1.152499e-19
     -1.867170e-19
     -2.057021e-19
     -1.765930e-19
     -1.283481e-19
     -8.701293e-20
     -6.552549e-20
     -7.302186e-20
     -1.185116e-19
     -1.951805e-19
     -2.668172e-19
     -2.860602e-19
     -2.371052e-19
     -1.570940e-19
     -1.040686e-19
     -9.793211e-20
     -9.806758e-20
     -4.797303e-20
      5.636934e-20
      1.497730e-19
      1.570606e-19
      6.962301e-20
     -4.183508e-20
     -9.350210e-20
     -6.538852e-20
     -1.145291e-20
      2.063018e-21
     -3.749766e-20
     -8.385135e-20
     -8.484418e-20
     -3.598041e-20
      1.677024e-20
      2.318411e-20
     -2.272375e-20
     -7.845340e-20
     -9.720261e-20
     -7.668835e-20
     -6.071484e-20
     -8.870680e-20
     -1.478174e-19
     -1.848509e-19
     -1.681625e-19
     -1.276307e-19
     -1.227455e-19
     -1.731739e-19
     -2.306682e-19
     -2.230512e-19
     -1.223016e-19
      2.936724e-20
      1.515729e-19
      1.811309e-19
      1.098044e-19
     -1.373073e-20
     -1.149870e-19
     -1.404198e-19
     -9.133145e-20
     -2.074751e-20
      1.105718e-20
      4.656692e-21
      3.456737e-20
      6.164824e-20
     -2.394705e-19
     -5.814359e-19
      1.545417e-18
      6.563259e-18
     -2.029492e-18
     -4.928244e-17
     -6.623749e-17
      2.199040e-16
      8.735620e-16
      3.596650e-16
     -4.937778e-15
     -1.418750e-14
     -4.652723e-15
      7.704929e-14
      2.500438e-13
      2.810459e-13
     -6.314883e-13
     -3.808056e-12
     -9.546254e-12
     -1.229656e-11
      9.471750e-12
      1.102727e-10
      4.020422e-10
      1.085759e-09
      2.490131e-09
      5.118603e-09
      9.707992e-09
      1.730360e-08
      2.935553e-08
      4.783882e-08
      7.539630e-08
      1.154991e-07
      1.726163e-07
      2.523832e-07
      3.617575e-07
      5.091526e-07
      7.045387e-07
      9.595036e-07
      1.287267e-06
      1.702641e-06
      2.221940e-06
      2.862827e-06
      3.644106e-06
      4.585467e-06
      5.707166e-06
      7.029677e-06
      8.573295e-06
      1.035772e-05
      1.240163e-05
      1.472221e-05
      1.733475e-05
      2.025220e-05
      2.348477e-05
      2.703960e-05
      3.092040e-05
      3.512721e-05
      3.965621e-05
      4.449953e-05
      4.964520e-05
      5.507712e-05
      6.077510e-05
      6.671498e-05
      7.286873e-05
      7.920470e-05
      8.568785e-05
      9.227999e-05
      9.894010e-05
      1.056246e-04
      1.122878e-04
      1.188820e-04
      1.253579e-04
      1.316650e-04
      1.377518e-04
      1.435661e-04
      1.490551e-04
      1.541660e-04
      1.588458e-04
      1.630420e-04
      1.667026e-04
      1.697760e-04
      1.722120e-04
      1.739615e-04
      1.749769e-04
      1.752125e-04
      1.746249e-04
      1.731733e-04
      1.708200e-04
      1.675307e-04
      1.632755e-04
      1.580288e-04
      1.517705e-04
      1.444861e-04
      1.361679e-04
      1.268150e-04
      1.164347e-04
      1.050425e-04
      9.266312e-05
      7.933103e-05
      6.509097e-05
      4.999854e-05
      3.412061e-05
      1.753579e-05
      3.346883e-07
     -1.737983e-05
     -3.549254e-05
     -5.387582e-05
     -7.238984e-05
     -9.088282e-05
     -1.091916e-04
     -1.271422e-04
     -1.445511e-04
     -1.612263e-04
     -1.769693e-04
     -1.915772e-04
     -2.048456e-04
     -2.165719e-04
     -2.265599e-04
     -2.346244e-04
     -2.405978e-04
     -2.443363e-04
     -2.457283e-04
     -2.447023e-04
     -2.412360e-04
     -2.353644e-04
     -2.271871e-04
     -2.168744e-04
     -2.046689e-04
     -1.908837e-04
     -1.758948e-04
     -1.601276e-04
     -1.440369e-04
     -1.280824e-04
     -1.127009e-04
     -9.827995e-05
     -8.513468e-05
     -7.349321e-05
     -6.349157e-05
     -5.517883e-05
     -4.853071e-05
     -4.346814e-05
     -3.987712e-05
     -3.762627e-05
     -3.658028e-05
     -3.660856e-05
     -3.758983e-05
     -3.941368e-05
     -4.198051e-05
     -4.520060e-05
     -4.899291e-05
     -5.328381e-05
     -5.800596e-05
     -6.309728e-05
     -6.850000e-05
     -7.415989e-05
     -8.002557e-05
     -8.604784e-05
     -9.217924e-05
     -9.837350e-05
     -1.045852e-04
     -1.107695e-04
     -1.168816e-04
     -1.228771e-04
     -1.287112e-04
     -1.343392e-04
     -1.397162e-04
     -1.447974e-04
     -1.495381e-04
     -1.538940e-04
     -1.578213e-04
     -1.612775e-04
     -1.642212e-04
     -1.666128e-04
     -1.684148e-04
     -1.695926e-04
     -1.701143e-04
     -1.699515e-04
     -1.690798e-04
     -1.674788e-04
     -1.651328e-04
     -1.620306e-04
     -1.581663e-04
     -1.535387e-04
     -1.481522e-04
     -1.420160e-04
     -1.351449e-04
     -1.275584e-04
     -1.192811e-04
     -1.103422e-04
     -1.007753e-04
     -9.061839e-05
     -7.991325e-05
     -6.870525e-05
     -5.704306e-05
     -4.497836e-05
     -3.256551e-05
     -1.986125e-05
     -6.924516e-06
      6.183887e-06
      1.940146e-05
      3.266424e-05
      4.590698e-05
      5.906331e-05
      7.206596e-05
      8.484690e-05
      9.733755e-05
      1.094690e-04
      1.211721e-04
      1.323781e-04
      1.430185e-04
      1.530258e-04
      1.623336e-04
      1.708775e-04
      1.785952e-04
      1.854273e-04
      1.913181e-04
      1.962162e-04
      2.000752e-04
      2.028548e-04
      2.045216e-04
      2.050501e-04
      2.044234e-04
      2.026347e-04
      1.996880e-04
      1.955992e-04
      1.903970e-04
      1.841240e-04
      1.768375e-04
      1.686101e-04
      1.595302e-04
      1.497023e-04
      1.392469e-04
      1.282994e-04
      1.170094e-04
      1.055381e-04
      9.405565e-05
      8.273710e-05
      7.175719e-05
      6.128439e-05
      5.147392e-05
      4.246037e-05
      3.435037e-05
      2.721625e-05
      2.109146e-05
      1.596872e-05
      1.180163e-05
      8.509812e-06
      5.987392e-06
      4.113601e-06
      2.763973e-06
      1.820412e-06
      1.178731e-06
      7.528898e-07
      4.760009e-07
      2.988189e-07
      1.867598e-07
      1.164605e-07
      7.259890e-08
      4.533311e-08
      2.842499e-08
      1.795274e-08
      1.146345e-08
      7.429024e-09
      4.901970e-09
      3.298828e-09
      2.263773e-09
      1.581949e-09
      1.124139e-09
      8.118285e-10
      5.959786e-10
      4.448483e-10
      3.373847e-10
      2.595944e-10
      2.022900e-10
      1.594672e-10
      1.271125e-10
      1.024248e-10
      8.338126e-11
      6.851593e-11
      5.678038e-11
      4.742732e-11
      3.991283e-11
      3.382869e-11
      2.886335e-11
      2.477933e-11
      2.139616e-11
      1.857552e-11
      1.620967e-11
      1.421365e-11
      1.252012e-11
      1.107560e-11
      9.837321e-12
      8.770838e-12
      7.848169e-12
      7.046474e-12
      6.347031e-12
      5.734413e-12
      5.195840e-12
      4.720668e-12
      4.299996e-12
      3.926350e-12
      3.593424e-12
      3.295881e-12
      3.029180e-12
      2.789449e-12
      2.573372e-12
      2.378099e-12
      2.201174e-12
      2.040473e-12
      1.894154e-12
      1.760612e-12
      1.638449e-12
      1.526441e-12
      1.423516e-12
      1.328728e-12
      1.241246e-12
      1.160334e-12
      1.085342e-12
      1.015691e-12
      9.508667e-13
      8.904124e-13
      8.339192e-13
      7.810223e-13
      7.313950e-13
      6.847450e-13
      6.408101e-13
      5.993554e-13
      5.601704e-13
      5.230667e-13
      4.878759e-13
      4.544481e-13
      4.226500e-13
      3.923642e-13
      3.634876e-13
      3.359312e-13
      3.096186e-13
      2.844860e-13
      2.604816e-13
      2.375649e-13
      2.157061e-13
      1.948862e-13
      1.750958e-13
      1.563348e-13
      1.386114e-13
      1.219406e-13
      1.063430e-13
      9.184263e-14
      7.846464e-14
      6.623251e-14
      5.516491e-14
      4.527205e-14
      3.655203e-14
      2.898743e-14
      2.254263e-14
      1.716222e-14
      1.277088e-14
      9.274933e-15
      6.566230e-15
      4.527698e-15
      3.040017e-15
      1.988440e-15
      1.268728e-15
      7.914413e-16
      4.841532e-16
      2.915077e-16
      1.734808e-16
      1.025496e-16
      6.054534e-17
      3.586883e-17
      2.138850e-17
      1.288591e-17
      7.879685e-18
      4.887013e-18
      3.065839e-18
      1.961974e-18
      1.281456e-18
      8.254400e-19
      5.205442e-19
      3.517548e-19
      2.615329e-19
      1.800557e-19
      1.087344e-19
      8.835016e-20
      1.076850e-19
      1.104682e-19
      7.302637e-20
      2.508435e-20
      3.317970e-21
      1.003899e-20
      1.471850e-20
     -1.286546e-20
     -6.692255e-20
     -1.030802e-19
     -8.372774e-20
     -2.402268e-20
      2.268297e-20
      2.489774e-20
      6.349315e-21
      1.343782e-20
      5.520302e-20
      9.116018e-20
      7.861295e-20
      1.382258e-20
     -6.813265e-20
     -1.178667e-19
     -1.122743e-19
     -8.421105e-20
     -9.191804e-20
     -1.471803e-19
     -1.902197e-19
     -1.562851e-19
     -6.195157e-20
      6.520595e-21
     -3.532968e-21
     -5.214895e-20
     -5.968943e-20
      1.723516e-21
      7.641761e-20
      8.446855e-20
      1.247765e-20
     -6.899292e-20
     -8.540935e-20
     -3.870512e-20
      5.972934e-21
      2.088367e-21
     -3.252937e-20
     -5.100118e-20
     -3.334952e-20
      4.672902e-23
      1.592860e-20
      6.313882e-21
     -2.264801e-21
      9.742512e-21
      1.773429e-20
     -1.418177e-20
     -7.646530e-20
     -1.198557e-19
     -1.081965e-19
     -4.714620e-20
      2.640524e-20
      6.668610e-20
      4.254768e-20
     -3.798319e-20
     -1.231745e-19
     -1.550199e-19
     -1.211487e-19
     -6.050797e-20
     -1.549142e-20
      4.792842e-21
      2.145033e-19
      3.424310e-19
      3.683517e-19
      2.369620e-19
      5.150281e-20
     -3.556853e-20
      2.678663e-20
      1.585115e-19
      2.377368e-19
      1.886441e-19
      1.939503e-20
     -1.670301e-19
     -2.261939e-19
     -1.094397e-19
      6.283900e-20
      1.287402e-19
      6.626287e-20
     -1.951580e-20
     -5.946425e-20
     -8.076440e-20
     -1.129326e-19
     -1.213683e-19
     -5.867610e-20
      6.660877e-20
      1.954267e-19
      2.718015e-19
      2.829809e-19
      2.587370e-19
      2.347560e-19
      2.178452e-19
      1.922385e-19
      1.485120e-19
      9.545114e-20
      5.929544e-20
      7.977489e-20
      1.855000e-19
      3.439070e-19
      4.227395e-19
      2.542520e-19
     -1.604623e-19
     -5.294251e-19
     -5.191195e-19
     -1.688550e-19
      1.178366e-19
      6.114242e-20
     -1.875254e-19
     -2.939419e-19
     -1.281985e-19
      1.741235e-19
      3.992750e-19
      4.234950e-19
      2.756292e-19
      8.987214e-20
     -2.373456e-20
     -6.272010e-20
     -8.979212e-20
     -1.488878e-19
     -2.258165e-19
     -2.630807e-19
     -2.344811e-19
     -2.034500e-19
     -2.289810e-19
     -2.327058e-19
     -1.074474e-19
      5.343317e-20
      3.328449e-20
     -1.811562e-19
     -3.480722e-19
     -3.070660e-19
     -2.160517e-19
     -3.496150e-19
     -7.611915e-19
     -1.316358e-18
     -2.029428e-18
     -3.155034e-18
     -4.980558e-18
     -7.876316e-18
     -1.270781e-17
     -2.110992e-17
     -3.563880e-17
     -6.043378e-17
     -1.025327e-16
     -1.734953e-16
     -2.914473e-16
     -4.839099e-16
     -7.910595e-16
     -1.268439e-15
     -1.988404e-15
     -3.040115e-15
     -4.527712e-15
     -6.566136e-15
     -9.274858e-15
     -1.277089e-14
     -1.716227e-14
     -2.254259e-14
     -2.898728e-14
     -3.655184e-14
     -4.527192e-14
     -5.516486e-14
     -6.623248e-14
     -7.846462e-14
     -9.184265e-14
     -1.063430e-13
     -1.219405e-13
     -1.386111e-13
     -1.563344e-13
     -1.750954e-13
     -1.948859e-13
     -2.157059e-13
     -2.375648e-13
     -2.604817e-13
     -2.844862e-13
     -3.096189e-13
     -3.359316e-13
     -3.634880e-13
     -3.923644e-13
     -4.226501e-13
     -4.544482e-13
     -4.878762e-13
     -5.230670e-13
     -5.601707e-13
     -5.993556e-13
     -6.408101e-13
     -6.847450e-13
     -7.313950e-13
     -7.810224e-13
     -8.339195e-13
     -8.904127e-13
     -9.508669e-13
     -1.015691e-12
     -1.085342e-12
     -1.160334e-12
     -1.241246e-12
     -1.328728e-12
     -1.423516e-12
     -1.526442e-12
     -1.638449e-12
     -1.760612e-12
     -1.894154e-12
     -2.040474e-12
     -2.201175e-12
     -2.378099e-12
     -2.573372e-12
     -2.789450e-12
     -3.029181e-12
     -3.295882e-12
     -3.593427e-12
     -3.926352e-12
     -4.299999e-12
     -4.720672e-12
     -5.195846e-12
     -5.734421e-12
     -6.347039e-12
     -7.046485e-12
     -7.848189e-12
     -8.770869e-12
     -9.837348e-12
     -1.107561e-11
     -1.252015e-11
     -1.421378e-11
     -1.620989e-11
     -1.857564e-11
     -2.139600e-11
     -2.477921e-11
     -2.886424e-11
     -3.383097e-11
     -3.991457e-11
     -4.742526e-11
     -5.677553e-11
     -6.851819e-11
     -8.340237e-11
     -1.024579e-10
     -1.271208e-10
     -1.594160e-10
     -2.022202e-10
     -2.596609e-10
     -3.377568e-10
     -4.454723e-10
     -5.964305e-10
     -8.116225e-10
     -1.123671e-09
     -1.583708e-09
     -2.272914e-09
     -3.322475e-09
     -4.948266e-09
     -7.510396e-09
     -1.161329e-08
     -1.827006e-08
     -2.916636e-08
     -4.707552e-08
     -7.649980e-08
     -1.246433e-07
     -2.028538e-07
     -3.286785e-07
     -5.286279e-07
     -8.415698e-07
     -1.322390e-06
     -2.045193e-06
     -3.105017e-06
     -4.617029e-06
     -6.712452e-06
     -9.531179e-06
     -1.321179e-05
     -1.788041e-05
     -2.364007e-05
     -3.056219e-05
     -3.868121e-05
     -4.799283e-05
     -5.845554e-05
     -6.999485e-05
     -8.250929e-05
     -9.587724e-05
     -1.099639e-04
     -1.246275e-04
     -1.397251e-04
     -1.551173e-04
     -1.706710e-04
     -1.862627e-04
     -2.017794e-04
     -2.171200e-04
     -2.321952e-04
     -2.469277e-04
     -2.612515e-04
     -2.751112e-04
     -2.884612e-04
     -3.012652e-04
     -3.134947e-04
     -3.251286e-04
     -3.361519e-04
     -3.465554e-04
     -3.563346e-04
     -3.654890e-04
     -3.740215e-04
     -3.819380e-04
     -3.892469e-04
     -3.959581e-04
     -4.020835e-04
     -4.076358e-04
     -4.126286e-04
     -4.170762e-04
     -4.209931e-04
     -4.243941e-04
     -4.272939e-04
     -4.297070e-04
     -4.316477e-04
     -4.331300e-04
     -4.341675e-04
     -4.347733e-04
     -4.349603e-04
     -4.347406e-04
     -4.341261e-04
     -4.331282e-04
     -4.317579e-04
     -4.300260e-04
     -4.279427e-04
     -4.255181e-04
     -4.227623e-04
     -4.196848e-04
     -4.162952e-04
     -4.126029e-04
     -4.086174e-04
     -4.043480e-04
     -3.998040e-04
     -3.949945e-04
     -3.899288e-04
     -3.846161e-04
     -3.790653e-04
     -3.732854e-04
     -3.672851e-04
     -3.610729e-04
     -3.546568e-04
     -3.480448e-04
     -3.412439e-04
     -3.342610e-04
     -3.271020e-04
     -3.197722e-04
     -3.122757e-04
     -3.046161e-04
     -2.967954e-04
     -2.888147e-04
     -2.806735e-04
     -2.723700e-04
     -2.639009e-04
     -2.552610e-04
     -2.464436e-04
     -2.374399e-04
     -2.282393e-04
     -2.188288e-04
     -2.091935e-04
     -1.993159e-04
     -1.891764e-04
     -1.787522e-04
     -1.680181e-04
     -1.569457e-04
     -1.455033e-04
     -1.336556e-04
     -1.213632e-04
     -1.085823e-04
     -9.526394e-05
     -8.135326e-05
     -6.678879e-05
     -5.150131e-05
     -3.541274e-05
     -1.843502e-05
     -4.692352e-07
      1.859446e-05
      3.887519e-05
      6.049678e-05
      8.357910e-05
      1.082247e-04
      1.345010e-04
      1.624208e-04
      1.919236e-04
      2.228616e-04
      2.549950e-04
      2.879965e-04
      3.214664e-04
      3.549545e-04
      3.879876e-04
      4.200960e-04
      4.508384e-04
      4.798215e-04
      5.067132e-04
      5.312502e-04
      5.532396e-04
      5.725569e-04
      5.891401e-04
      6.029822e-04
      6.141231e-04
      6.226407e-04
      6.286427e-04
      6.322590e-04
      6.336352e-04
      6.329268e-04
      6.302946e-04
      6.259007e-04
      6.199058e-04
      6.124664e-04
      6.037337e-04
      5.938519e-04
      5.829576e-04
      5.711794e-04
      5.586376e-04
      5.454438e-04
      5.317018e-04
      5.175070e-04
      5.029473e-04
      4.881030e-04
      4.730474e-04
      4.578473e-04
      4.425631e-04
      4.272495e-04
      4.119556e-04
      3.967257e-04
      3.815991e-04
      3.666112e-04
      3.517931e-04
      3.371723e-04
      3.227733e-04
      3.086172e-04
      2.947226e-04
      2.811056e-04
      2.677800e-04
      2.547577e-04
      2.420489e-04
      2.296622e-04
      2.176048e-04
      2.058827e-04
      1.945009e-04
      1.834633e-04
      1.727734e-04
      1.624335e-04
      1.524456e-04
      1.428110e-04
      1.335307e-04
      1.246050e-04
      1.160339e-04
      1.078168e-04
      9.995286e-05
      9.244076e-05
      8.527866e-05
      7.846429e-05
      7.199485e-05
      6.586702e-05
      6.007690e-05
      5.461998e-05
      4.949113e-05
      4.468457e-05
      4.019383e-05
      3.601176e-05
      3.213049e-05
      2.854148e-05
      2.523550e-05
      2.220264e-05
      1.943238e-05
      1.691359e-05
      1.463464e-05
      1.258337e-05
      1.074726e-05
      9.113434e-06
      7.668781e-06
      6.400036e-06
      5.293873e-06
      4.337004e-06
      3.516276e-06
      2.818770e-06
      2.231896e-06
      1.743483e-06
      1.341869e-06
      1.015975e-06
      7.553796e-07
      5.503794e-07
      3.920408e-07
      2.722396e-07
      1.836886e-07
      1.199534e-07
      7.545460e-08
      4.545588e-08
      2.603666e-08
      1.404778e-08
      7.048991e-09
      3.228734e-09
      1.309158e-09
      4.421872e-10
      1.047400e-10
      1.861686e-12
     -1.486759e-11
     -9.386110e-12
     -3.215600e-12
     -3.585834e-13
      3.008677e-13
      2.063623e-13
      5.280366e-14
     -7.399315e-15
     -1.105961e-14
     -3.280826e-15
      4.240993e-16
      6.282509e-16
      1.383113e-16
     -5.020041e-17
     -3.328774e-17
     -1.020251e-18
      4.445674e-18
      1.018815e-18
     -4.328330e-19
     -2.041897e-19
      3.154957e-20
      3.053124e-20
     -1.463545e-21
     -4.056066e-21
     -2.600181e-24
      5.132389e-22
      4.304499e-24
     -6.343858e-23
      1.364074e-24
      7.580437e-24
     -6.614184e-25
     -8.363983e-25
      1.608777e-25
      7.711795e-26
     -2.855696e-26
     -4.354146e-27
      3.881897e-27
     -2.283878e-28
     -3.743034e-28
      1.036280e-28
      1.599034e-29
     -1.464713e-29
      2.091488e-30
      9.267030e-31
     -4.722017e-31
      4.786546e-32
      3.151235e-32
     -1.479681e-32
      1.939639e-33
      7.259510e-34
     -4.424074e-34
      9.739410e-35
      3.008870e-36
     -9.960138e-36
      3.776596e-36
     -7.001702e-37
     -2.791231e-38
      7.211473e-38
     -2.995961e-38
      7.716275e-39
     -1.148085e-39
     -7.670406e-41
      1.285002e-40
     -5.732428e-41
      1.879882e-41
     -5.207185e-42
      1.281790e-42
     -2.875981e-43
      5.970228e-44
     -1.157826e-44
      2.111806e-45
     -3.640035e-46
      5.949791e-47
     -9.244917e-48
      1.367704e-48
     -1.927920e-49
      2.588922e-50
     -3.307603e-51
      4.008741e-52
     -4.583887e-53
      4.896047e-54
     -4.790998e-55
      4.114808e-56
     -2.735692e-57
      5.670336e-59
      2.412374e-59
     -6.144821e-60
      1.049002e-60
     -1.523284e-61
      2.010194e-62
     -2.479691e-63
      2.901989e-64
     -3.250706e-65
      3.505525e-66
     -3.654020e-67
      3.692444e-68
     -3.625447e-69
      3.464867e-70
     -3.227869e-71
      2.934743e-72
     -2.606689e-73
      2.263874e-74
     -1.923933e-75
      1.601011e-76
     -1.305348e-77
      1.043328e-78
     -8.178830e-80
      6.291193e-81
     -4.750355e-82
      3.522383e-83
     -2.565781e-84
      1.836620e-85
     -1.292324e-86
      8.941365e-88
     -6.084661e-89
      4.073646e-90
     -2.683815e-91
      1.740391e-92
     -1.111129e-93
      6.985516e-95
     -4.325523e-96
      2.638581e-97
     -1.585901e-98
     9.393657e-100
    -5.484310e-101
     3.156540e-102
    -1.791318e-103
     1.002478e-104
    -5.533280e-106
     3.012729e-107
    -1.618335e-108
     8.577628e-110
    -4.486564e-111
     2.316138e-112
    -1.180247e-113
     5.937340e-115
    -2.948985e-116
     1.446320e-117
    -7.005126e-119
     3.350995e-120
    -1.583375e-121
     7.390780e-123
    -3.408291e-124
     1.552977e-125
    -6.992247e-127
     3.111227e-128
    -1.368198e-129
     5.947122e-131
    -2.555303e-132
     1.085406e-133
    -4.558183e-135
     1.892673e-136
    -7.771016e-138
     3.155232e-139
    -1.266977e-140
     5.031776e-142
    -1.976607e-143
     7.680618e-145
    -2.952421e-146
     1.122783e-147
    -4.224516e-149
     1.572713e-150
    -5.793500e-152
     2.111922e-153
    -7.618793e-155
     2.720141e-156
    -9.612115e-158
     3.361964e-159
    -1.163959e-160
     3.989118e-162
    -1.353423e-163
     4.546005e-165
    -1.511780e-166
     4.977733e-168
    -1.622855e-169
     5.239073e-171
    -1.674850e-172
     5.302304e-174
    -1.662417e-175
     5.162044e-177
    -1.587555e-178
     4.835926e-180
    -1.459126e-181
     4.361002e-183
    -1.291153e-184
     3.786904e-186
    -1.100330e-187
     3.167458e-189
    -9.033663e-191
     2.552691e-192
    -7.147100e-194
     1.982778e-195
    -5.450621e-197
     1.484775e-198
    -4.008047e-200
     1.072202e-201
    -2.842540e-203
     7.468545e-205
    -1.944817e-206
     5.019360e-208
    -1.283978e-209
     3.255513e-211
    -8.181756e-213
     2.038221e-214
    -5.033217e-216
     1.232088e-217
    -2.989863e-219
     7.192595e-221
    -1.715363e-222
     4.055772e-224
    -9.507123e-226
     2.209496e-227
    -5.091155e-229
     1.163131e-230
    -2.634754e-232
     5.917805e-234
    -1.317953e-235
     2.910497e-237
    -6.373406e-239
     1.383957e-240
    -2.980084e-242
     6.363533e-244
    -1.347536e-245
     2.829849e-247
    -5.893520e-249
     1.217259e-250
    -2.493421e-252
     5.065477e-254
    -1.020621e-255
     2.039554e-257
    -4.042405e-259
     7.946668e-261
    -1.549450e-262
     2.996568e-264
    -5.748189e-266
     1.093716e-267
    -2.064193e-269
     3.864336e-271
    -7.176018e-273
     1.321849e-274
    -2.415325e-276
     4.377937e-278
    -7.871706e-280
     1.404037e-281
    -2.484295e-283
     4.360613e-285
    -7.593043e-287
     1.311633e-288
    -2.247714e-290
     3.821255e-292
    -6.444820e-294
     1.078348e-295
    -1.790003e-297
     2.947805e-299
    -4.816111e-301
     7.806388e-303
    -1.255342e-304
     2.002788e-306
    -3.170087e-308
     4.978202e-310
    -7.756059e-312
     1.198888e-313
    -1.838596e-315
     2.797472e-317
    -4.222977e-319
     6.324040e-321
    -9.387247e-323
      0.000000e+00
      0.000000e+00
      0.000000e+00
      0.000000e+00
      0.000000e+00
      0.000000e+00
      0.000000e+00
      0.000000e+00
      0.000000e+00
      0.000000e+00
      0.000000e+00
      0.000000e+00
      0.000000e+00
      0.000000e+00
      0.000000e+00
      0.000000e+00
      0.000000e+00
      0.000000e+00
      0.000000e+00
      0.000000e+00
      0.000000e+00
      0.000000e+00
      0.000000e+00
      0.000000e+00
      0.000000e+00
      0.000000e+00
      0.000000e+00
      0.000000e+00
      0.000000e+00
      0.000000e+00
      0.000000e+00
      0.000000e+00
      0.000000e+00
      0.000000e+00
      0.000000e+00
      0.000000e+00
      0.000000e+00
      0.000000e+00
      0.000000e+00
      0.000000e+00
      0.000000e+00
      0.000000e+00
      0.000000e+00
      0.000000e+00
      0.000000e+00
      0.000000e+00
      0.000000e+00
      0.000000e+00
      0.000000e+00
      0.000000e+00
      0.000000e+00
      0.000000e+00
      0.000000e+00
      0.000000e+00
      0.000000e+00
      0.000000e+00
      0.000000e+00
      0.000000e+00
      0.000000e+00
      0.000000e+00
      0.000000e+00
      0.000000e+00
      0.000000e+00
      0.000000e+00
      0.000000e+00
      0.000000e+00
      0.000000e+00
      0.000000e+00
      0.000000e+00
      0.000000e+00
      0.000000e+00
      0.000000e+00
      0.000000e+00
      0.000000e+00
      0.000000e+00
      0.000000e+00
      0.000000e+00
      0.000000e+00
      0.000000e+00
      0.000000e+00
      0.000000e+00
      0.000000e+00
      0.000000e+00
      0.000000e+00
      0.000000e+00
      0.000000e+00
      0.000000e+00
      0.000000e+00
      0.000000e+00
      0.000000e+00
      0.000000e+00
      0.000000e+00
      0.000000e+00
      0.000000e+00
      0.000000e+00
      0.000000e+00
      0.000000e+00
      0.000000e+00
      0.000000e+00
      0.000000e+00
      0.000000e+00
      0.000000e+00
      0.000000e+00
      0.000000e+00
      0.000000e+00
      0.000000e+00
      0.000000e+00
