      0.000000e+00
      0.000000e+00
     -9.281945e-22
     -8.628065e-22
     -6.905121e-22
     -4.789350e-22
     -2.930973e-22
     -1.238762e-22
      9.534805e-23
      4.185663e-22
      8.096743e-22
      1.121056e-21
      1.159475e-21
      8.092107e-22
      1.329617e-22
     -6.268341e-22
     -1.163103e-21
     -1.272042e-21
     -9.703347e-22
     -4.921939e-22
     -1.775915e-22
     -3.231997e-22
     -1.063445e-21
     -2.305018e-21
     -3.717728e-21
     -4.810035e-21
     -5.130530e-21
     -4.562333e-21
     -3.538396e-21
     -2.947077e-21
     -3.655128e-21
     -5.895390e-21
     -8.981999e-21
     -1.166509e-20
     -1.295142e-20
     -1.277785e-20
     -1.196147e-20
     -1.142074e-20
     -1.131615e-20
     -1.089264e-20
     -9.224646e-21
     -6.234053e-21
     -3.029164e-21
     -1.155648e-21
     -1.326862e-21
     -2.735460e-21
     -3.618749e-21
     -2.700959e-21
     -3.841567e-22
      1.248520e-21
     -3.674708e-22
     -6.685827e-21
     -1.698716e-20
     -2.829259e-20
     -3.621589e-20
     -3.654154e-20
     -2.719713e-20
     -9.897971e-21
      9.670442e-21
      2.396040e-20
      2.743506e-20
      2.007541e-20
      7.996431e-21
      2.173200e-22
      3.260854e-21
      1.696177e-20
      3.424343e-20
      4.506694e-20
      4.210990e-20
      2.478708e-20
     -5.603668e-22
     -2.410930e-20
     -3.747467e-20
     -3.746717e-20
     -2.707190e-20
     -1.367994e-20
     -5.787173e-21
     -9.560029e-21
     -2.621375e-20
     -5.081906e-20
     -7.320213e-20
     -8.141047e-20
     -6.706048e-20
     -3.014714e-20
      1.979696e-20
      6.761500e-20
      9.957502e-20
      1.092574e-19
      9.886210e-20
      7.604666e-20
      4.944656e-20
      2.592228e-20
      9.857447e-21
      2.678326e-21
      1.539178e-21
     -1.258610e-21
     -1.548895e-20
     -4.670104e-20
     -9.027368e-20
     -1.311502e-19
     -1.512056e-19
     -1.402159e-19
     -1.027946e-19
     -5.584133e-20
     -1.776584e-20
      3.029913e-21
      1.211831e-20
      2.260397e-20
      4.317641e-20
      6.981049e-20
      8.769131e-20
      8.231541e-20
      5.167455e-20
      1.024457e-20
     -1.883412e-20
     -1.851703e-20
      1.051666e-20
      4.959405e-20
      7.364177e-20
      6.691556e-20
      3.223769e-20
     -1.228239e-20
     -4.620779e-20
     -5.993181e-20
     -5.897016e-20
     -5.724518e-20
     -6.517614e-20
     -8.151312e-20
     -9.442233e-20
     -9.054930e-20
     -6.562612e-20
     -2.962573e-20
     -3.119724e-21
     -6.780306e-21
     -4.992011e-20
     -1.245306e-19
     -2.081403e-19
     -2.737522e-19
     -3.012541e-19
     -2.844487e-19
     -2.310989e-19
     -1.575843e-19
     -8.206493e-20
     -1.942080e-20
      2.109398e-20
      3.645013e-20
      2.980655e-20
      9.696413e-21
     -1.268731e-20
     -2.839510e-20
     -3.567639e-20
     -4.115096e-20
     -5.488449e-20
     -8.163760e-20
     -1.145819e-19
     -1.370916e-19
     -1.324133e-19
     -9.462154e-20
     -3.295003e-20
      3.322771e-20
      8.430456e-20
      1.078404e-19
      9.962117e-20
      6.078544e-20
     -3.669115e-21
     -8.267145e-20
     -1.565310e-19
     -2.000187e-19
     -1.933377e-19
     -1.357381e-19
     -5.152911e-20
      1.902418e-20
      4.139913e-20
      7.980245e-21
     -5.683584e-20
     -1.134130e-19
     -1.350614e-19
     -1.267461e-19
     -1.187745e-19
     -1.390032e-19
     -1.854234e-19
     -2.225401e-19
     -2.065768e-19
     -1.204448e-19
      9.767809e-21
      1.304782e-19
      1.957062e-19
      1.934204e-19
      1.440643e-19
      7.717591e-20
      9.788459e-21
     -5.509426e-20
     -1.137794e-19
     -1.511237e-19
     -1.482780e-19
     -1.021997e-19
     -3.580568e-20
      1.446967e-20
      2.464591e-20
     -1.220963e-22
     -3.230366e-20
     -4.468435e-20
     -2.881268e-20
      3.667507e-21
      3.263995e-20
      4.139957e-20
      2.187516e-20
     -2.425246e-20
     -8.474965e-20
     -1.384067e-19
     -1.631586e-19
     -1.483371e-19
     -1.013708e-19
     -4.190398e-20
      1.212726e-20
      5.392057e-20
      8.510591e-20
      1.060256e-19
      1.108361e-19
      9.304140e-20
      5.518467e-20
      1.176630e-20
     -1.858373e-20
     -2.494475e-20
     -9.673689e-21
      1.623694e-20
      4.274328e-20
      6.668389e-20
      9.013444e-20
      1.145112e-19
      1.367629e-19
      1.508113e-19
      1.519524e-19
      1.396288e-19
      1.165034e-19
      8.588709e-20
      5.079826e-20
      1.525092e-20
     -1.481609e-20
     -3.334415e-20
     -3.757900e-20
     -2.941237e-20
     -1.269869e-20
      1.083162e-20
      4.225396e-20
      8.113339e-20
      1.203289e-19
      1.461185e-19
      1.454644e-19
      1.151890e-19
      6.502554e-20
      1.117224e-20
     -3.470924e-20
     -7.168306e-20
     -1.054219e-19
     -1.375478e-19
     -1.587444e-19
     -1.534057e-19
     -1.132618e-19
     -4.809922e-20
      1.758264e-20
      6.152958e-20
      8.086028e-20
      9.375897e-20
      1.223554e-19
      1.702570e-19
      2.143690e-19
      2.195109e-19
      1.650292e-19
      6.227851e-20
     -5.038348e-20
     -1.300793e-19
     -1.520529e-19
     -1.184001e-19
     -5.184541e-20
      1.703633e-20
      6.150491e-20
      6.728257e-20
      3.820995e-20
     -3.644764e-21
     -2.687785e-20
     -6.827392e-21
      6.003434e-20
      1.529284e-19
      2.367644e-19
      2.784484e-19
      2.604890e-19
      1.873815e-19
      8.481154e-20
     -7.937985e-21
     -5.271187e-20
     -3.117507e-20
      4.221457e-20
      1.240439e-19
      1.644025e-19
      1.353275e-19
      4.612581e-20
     -6.447247e-20
     -1.517023e-19
     -1.855320e-19
     -1.565186e-19
     -7.008624e-20
      5.812838e-20
      1.995247e-19
      3.105715e-19
      3.454395e-19
      2.844917e-19
      1.591072e-19
      4.613411e-20
      2.430549e-20
      1.181961e-19
      2.732311e-19
      3.872023e-19
      3.800318e-19
      2.502310e-19
      7.426369e-20
     -5.036648e-20
     -7.330184e-20
     -1.936510e-20
      3.994982e-20
      4.340667e-20
     -1.967010e-20
     -1.106497e-19
     -1.746915e-19
     -1.766215e-19
     -1.170317e-19
     -2.564100e-20
      5.711920e-20
      9.826308e-20
      8.392737e-20
      2.273888e-20
     -5.965586e-20
     -1.336753e-19
     -1.811097e-19
     -2.036837e-19
     -2.178600e-19
     -2.376286e-19
     -2.575078e-19
     -2.512750e-19
     -1.922382e-19
     -8.244139e-20
      3.438610e-20
      9.380794e-20
      5.657388e-20
     -5.488634e-20
     -1.627771e-19
     -1.847263e-19
     -9.278117e-20
      6.556306e-20
      2.010971e-19
      2.441733e-19
      1.861902e-19
      7.398528e-20
     -3.043933e-20
     -8.877425e-20
     -9.724526e-20
     -7.119440e-20
     -2.479204e-20
      3.585851e-20
      1.054060e-19
      1.704973e-19
      2.116445e-19
      2.160383e-19
      1.899309e-19
      1.573370e-19
      1.421768e-19
      1.464371e-19
      1.441812e-19
      1.010089e-19
      6.292541e-21
     -1.094583e-19
     -1.907198e-19
     -1.965555e-19
     -1.307505e-19
     -3.556100e-20
      4.587684e-20
      1.046149e-19
      1.667003e-19
      2.599196e-19
      3.784048e-19
      4.785844e-19
      5.103893e-19
      4.554903e-19
      3.394893e-19
      2.101848e-19
      1.038500e-19
      2.836957e-20
     -2.742907e-20
     -7.333576e-20
     -1.073797e-19
     -1.219365e-19
     -1.150830e-19
     -9.328166e-20
     -6.377549e-20
     -2.702431e-20
      2.156883e-20
      8.261482e-20
      1.463542e-19
      1.954778e-19
      2.139598e-19
      1.938191e-19
      1.359242e-19
      4.789524e-20
     -5.646220e-20
     -1.564989e-19
     -2.272380e-19
     -2.475520e-19
     -2.106748e-19
     -1.302787e-19
     -3.742680e-20
      3.112104e-20
      4.845484e-20
      1.012653e-20
     -6.283315e-20
     -1.340842e-19
     -1.719544e-19
     -1.678399e-19
     -1.397249e-19
     -1.165761e-19
     -1.146424e-19
     -1.250877e-19
     -1.242344e-19
     -9.794864e-20
     -5.788150e-20
     -3.345764e-20
     -4.545242e-20
     -8.464215e-20
     -1.153855e-19
     -1.021812e-19
     -3.747503e-20
      5.129820e-20
      1.197726e-19
      1.353648e-19
      9.693909e-20
      3.446309e-20
     -9.229081e-21
     -3.439917e-21
      5.238843e-20
      1.280825e-19
      1.809439e-19
      1.824563e-19
      1.363861e-19
      7.588501e-20
      4.138954e-20
      5.416034e-20
      1.025544e-19
      1.491398e-19
      1.538757e-19
      9.939100e-20
      2.734638e-21
     -9.504616e-20
     -1.562139e-19
     -1.717574e-19
     -1.646416e-19
     -1.664827e-19
     -1.861268e-19
     -1.980151e-19
     -1.629031e-19
     -6.514088e-20
      6.521180e-20
      1.656575e-19
      1.812878e-19
      1.018285e-19
     -3.075425e-20
     -1.479905e-19
     -1.952375e-19
     -1.606851e-19
     -7.705753e-20
      2.194366e-21
      3.600285e-20
      1.785444e-20
     -2.551824e-20
     -5.626424e-20
     -5.201770e-20
     -1.811707e-20
      2.188041e-20
      4.748529e-20
      5.593952e-20
      5.960070e-20
      7.195123e-20
      9.732736e-20
      1.327317e-19
      1.756435e-19
      2.257465e-19
      2.773339e-19
      3.123892e-19
      3.065000e-19
      2.474218e-19
      1.515660e-19
      6.178233e-20
      2.329137e-20
      5.245439e-20
      1.210454e-19
      1.704013e-19
      1.499693e-19
      5.579135e-20
     -5.992548e-20
     -1.202616e-19
     -7.838639e-20
      4.338399e-20
      1.625171e-19
      1.910135e-19
      9.741408e-20
     -6.999656e-20
     -2.154604e-19
     -2.579446e-19
     -1.778503e-19
     -1.962957e-20
      1.428038e-19
      2.479663e-19
      2.704321e-19
      2.209916e-19
      1.332501e-19
      4.724559e-20
     -5.467182e-21
     -1.301524e-20
      1.379431e-20
      5.013017e-20
      7.320517e-20
      7.419825e-20
      5.706994e-20
      2.748058e-20
     -1.510139e-20
     -7.265341e-20
     -1.364060e-19
     -1.826951e-19
     -1.858272e-19
     -1.385741e-19
     -6.011744e-20
      1.832201e-20
      7.704355e-20
      1.166481e-19
      1.433370e-19
      1.488911e-19
      1.118127e-19
      2.354771e-20
     -8.721041e-20
     -1.630948e-19
     -1.592043e-19
     -8.114089e-20
      1.676981e-20
      7.332913e-20
      6.531355e-20
      1.729166e-20
     -2.734980e-20
     -4.417235e-20
     -4.187199e-20
     -4.611389e-20
     -7.189190e-20
     -1.080909e-19
     -1.243809e-19
     -9.388052e-20
     -1.566967e-20
      7.881461e-20
      1.426238e-19
      1.446885e-19
      9.314251e-20
      2.977844e-20
     -3.356620e-21
      1.564453e-21
      1.373100e-20
     -5.029659e-21
     -6.127641e-20
     -1.199389e-19
     -1.331991e-19
     -8.134132e-20
      1.186343e-20
      1.007383e-19
      1.523717e-19
      1.614665e-19
      1.369124e-19
      8.177480e-20
     -7.829756e-21
     -1.243732e-19
     -2.353244e-19
     -2.956312e-19
     -2.796184e-19
     -2.025764e-19
     -1.092911e-19
     -3.786009e-20
      8.516342e-21
      5.597520e-20
      1.266383e-19
      2.095366e-19
      2.636412e-19
      2.509343e-19
      1.702716e-19
      6.270941e-20
     -1.568923e-20
     -3.075029e-20
      1.159153e-20
      7.652785e-20
      1.284645e-19
      1.532102e-19
      1.597867e-19
      1.645782e-19
      1.728844e-19
      1.727597e-19
      1.451012e-19
      8.090780e-20
     -8.682656e-21
     -9.727402e-20
     -1.576425e-19
     -1.731328e-19
     -1.392607e-19
     -6.091620e-20
      4.575911e-20
      1.481391e-19
      2.016427e-19
      1.726132e-19
      6.721848e-20
     -6.106870e-20
     -1.409353e-19
     -1.323953e-19
     -5.621523e-20
      2.275119e-20
      4.577750e-20
      2.753472e-21
     -6.627692e-20
     -1.076589e-19
     -9.569623e-20
     -4.716609e-20
     -3.203570e-21
      1.733102e-21
     -3.994951e-20
     -1.091758e-19
     -1.748624e-19
     -2.118144e-19
     -2.130520e-19
     -1.909633e-19
     -1.652051e-19
     -1.430854e-19
     -1.075997e-19
     -2.798919e-20
      1.091102e-19
      2.720071e-19
      3.887470e-19
      3.902398e-19
      2.631675e-19
      6.983163e-20
     -8.567762e-20
     -1.232852e-19
     -3.636791e-20
      1.113453e-19
      2.365664e-19
      2.941355e-19
      2.983798e-19
      2.960563e-19
      3.170929e-19
      3.449438e-19
      3.309901e-19
      2.417212e-19
      1.001422e-19
     -1.589840e-20
     -2.489570e-20
      9.175412e-20
      2.613597e-19
      3.606463e-19
      3.026242e-19
      1.036840e-19
     -1.255818e-19
     -2.614996e-19
     -2.548029e-19
     -1.540988e-19
     -5.250469e-20
     -1.065018e-20
     -2.250039e-20
     -4.339491e-20
     -4.267408e-20
     -2.987393e-20
     -3.793904e-20
     -8.793938e-20
     -1.691874e-19
     -2.470529e-19
     -2.863695e-19
     -2.716690e-19
     -2.135531e-19
     -1.404784e-19
     -8.177425e-20
     -5.209341e-20
     -4.770934e-20
     -5.683457e-20
     -7.341313e-20
     -9.969125e-20
     -1.344460e-19
     -1.605059e-19
     -1.484568e-19
     -7.794769e-20
      4.087261e-20
      1.660885e-19
      2.470186e-19
      2.555198e-19
      2.027334e-19
      1.289509e-19
      7.347646e-20
      4.611173e-20
      2.222089e-20
     -3.285782e-20
     -1.277565e-19
     -2.276928e-19
     -2.740646e-19
     -2.288482e-19
     -1.081227e-19
      2.459245e-20
      1.015123e-19
      9.571067e-20
      3.256763e-20
     -3.881043e-20
     -8.736782e-20
     -1.195457e-19
     -1.622811e-19
     -2.272406e-19
     -2.895118e-19
     -3.013135e-19
     -2.314325e-19
     -9.859896e-20
      2.965827e-20
      7.535426e-20
      2.568630e-21
     -1.466512e-19
     -2.627568e-19
     -2.605037e-19
     -2.507462e-19
     -5.956353e-19
     -1.350277e-18
     -8.393504e-19
      4.986287e-18
      1.755113e-17
      2.070776e-17
     -3.404822e-17
     -1.996277e-16
     -3.959116e-16
     -1.571836e-16
      1.495570e-15
      5.386585e-15
      9.729848e-15
      5.427484e-15
     -2.885044e-14
     -1.243423e-13
     -2.966019e-13
     -4.701076e-13
     -3.165726e-13
      1.036131e-12
      5.468815e-12
      1.654994e-11
      4.046167e-11
      8.719760e-11
      1.720499e-10
      3.173978e-10
      5.548061e-10
      9.274350e-10
      1.492761e-09
      2.325599e-09
      3.521408e-09
      5.199866e-09
      7.508683e-09
      1.062762e-08
      1.477267e-08
      2.020040e-08
      2.721235e-08
      3.615950e-08
      4.744667e-08
      6.153694e-08
      7.895589e-08
      1.002957e-07
      1.262188e-07
      1.574620e-07
      1.948388e-07
      2.392431e-07
      2.916510e-07
      3.531228e-07
      4.248045e-07
      5.079281e-07
      6.038121e-07
      7.138606e-07
      8.395622e-07
      9.824879e-07
      1.144288e-06
      1.326691e-06
      1.531493e-06
      1.760562e-06
      2.015824e-06
      2.299261e-06
      2.612902e-06
      2.958815e-06
      3.339101e-06
      3.755881e-06
      4.211291e-06
      4.707465e-06
      5.246533e-06
      5.830603e-06
      6.461753e-06
      7.142020e-06
      7.873384e-06
      8.657763e-06
      9.496995e-06
      1.039283e-05
      1.134692e-05
      1.236079e-05
      1.343587e-05
      1.457343e-05
      1.577460e-05
      1.704038e-05
      1.837157e-05
      1.976883e-05
      2.123262e-05
      2.276324e-05
      2.436077e-05
      2.602511e-05
      2.775595e-05
      2.955279e-05
      3.141490e-05
      3.334137e-05
      3.533106e-05
      3.738263e-05
      3.949454e-05
      4.166503e-05
      4.389216e-05
      4.617378e-05
      4.850755e-05
      5.089096e-05
      5.332131e-05
      5.579572e-05
      5.831119e-05
      6.086451e-05
      6.345237e-05
      6.607131e-05
      6.871776e-05
      7.138802e-05
      7.407831e-05
      7.678473e-05
      7.950333e-05
      8.223009e-05
      8.496093e-05
      8.769171e-05
      9.041828e-05
      9.313645e-05
      9.584203e-05
      9.853083e-05
      1.011987e-04
      1.038413e-04
      1.064547e-04
      1.090347e-04
      1.115772e-04
      1.140782e-04
      1.165338e-04
      1.189400e-04
      1.212931e-04
      1.235892e-04
      1.258246e-04
      1.279959e-04
      1.300994e-04
      1.321317e-04
      1.340895e-04
      1.359696e-04
      1.377687e-04
      1.394838e-04
      1.411121e-04
      1.426505e-04
      1.440963e-04
      1.454469e-04
      1.466996e-04
      1.478520e-04
      1.489017e-04
      1.498465e-04
      1.506840e-04
      1.514123e-04
      1.520294e-04
      1.525333e-04
      1.529223e-04
      1.531946e-04
      1.533488e-04
      1.533833e-04
      1.532967e-04
      1.530878e-04
      1.527555e-04
      1.522987e-04
      1.517165e-04
      1.510081e-04
      1.501729e-04
      1.492103e-04
      1.481200e-04
      1.469016e-04
      1.455552e-04
      1.440807e-04
      1.424783e-04
      1.407484e-04
      1.388915e-04
      1.369083e-04
      1.347997e-04
      1.325666e-04
      1.302104e-04
      1.277323e-04
      1.251340e-04
      1.224172e-04
      1.195838e-04
      1.166360e-04
      1.135762e-04
      1.104067e-04
      1.071304e-04
      1.037500e-04
      1.002687e-04
      9.668956e-05
      9.301609e-05
      8.925181e-05
      8.540045e-05
      8.146587e-05
      7.745209e-05
      7.336323e-05
      6.920358e-05
      6.497752e-05
      6.068952e-05
      5.634417e-05
      5.194611e-05
      4.750007e-05
      4.301082e-05
      3.848317e-05
      3.392196e-05
      2.933204e-05
      2.471825e-05
      2.008543e-05
      1.543837e-05
      1.078183e-05
      6.120510e-06
      1.459025e-06
     -3.198080e-06
     -7.846365e-06
     -1.248150e-05
     -1.709926e-05
     -2.169559e-05
     -2.626653e-05
     -3.080830e-05
     -3.531728e-05
     -3.979000e-05
     -4.422318e-05
     -4.861371e-05
     -5.295867e-05
     -5.725532e-05
     -6.150112e-05
     -6.569371e-05
     -6.983093e-05
     -7.391082e-05
     -7.793158e-05
     -8.189163e-05
     -8.578957e-05
     -8.962417e-05
     -9.339439e-05
     -9.709933e-05
     -1.007383e-04
     -1.043107e-04
     -1.078162e-04
     -1.112546e-04
     -1.146255e-04
     -1.179292e-04
     -1.211656e-04
     -1.243350e-04
     -1.274378e-04
     -1.304743e-04
     -1.334449e-04
     -1.363504e-04
     -1.391912e-04
     -1.419681e-04
     -1.446818e-04
     -1.473329e-04
     -1.499224e-04
     -1.524509e-04
     -1.549193e-04
     -1.573284e-04
     -1.596791e-04
     -1.619721e-04
     -1.642082e-04
     -1.663882e-04
     -1.685130e-04
     -1.705832e-04
     -1.725996e-04
     -1.745628e-04
     -1.764737e-04
     -1.783328e-04
     -1.801407e-04
     -1.818981e-04
     -1.836056e-04
     -1.852636e-04
     -1.868726e-04
     -1.884333e-04
     -1.899460e-04
     -1.914112e-04
     -1.928293e-04
     -1.942007e-04
     -1.955258e-04
     -1.968049e-04
     -1.980385e-04
     -1.992267e-04
     -2.003700e-04
     -2.014686e-04
     -2.025227e-04
     -2.035327e-04
     -2.044988e-04
     -2.054212e-04
     -2.063001e-04
     -2.071356e-04
     -2.079280e-04
     -2.086774e-04
     -2.093837e-04
     -2.100472e-04
     -2.106679e-04
     -2.112456e-04
     -2.117804e-04
     -2.122722e-04
     -2.127207e-04
     -2.131258e-04
     -2.134873e-04
     -2.138046e-04
     -2.140775e-04
     -2.143055e-04
     -2.144879e-04
     -2.146242e-04
     -2.147136e-04
     -2.147553e-04
     -2.147484e-04
     -2.146919e-04
     -2.145846e-04
     -2.144255e-04
     -2.142132e-04
     -2.139464e-04
     -2.136236e-04
     -2.132432e-04
     -2.128037e-04
     -2.123033e-04
     -2.117402e-04
     -2.111125e-04
     -2.104184e-04
     -2.096557e-04
     -2.088225e-04
     -2.079167e-04
     -2.069362e-04
     -2.058788e-04
     -2.047423e-04
     -2.035246e-04
     -2.022235e-04
     -2.008369e-04
     -1.993628e-04
     -1.977989e-04
     -1.961434e-04
     -1.943942e-04
     -1.925497e-04
     -1.906079e-04
     -1.885673e-04
     -1.864263e-04
     -1.841835e-04
     -1.818378e-04
     -1.793880e-04
     -1.768332e-04
     -1.741726e-04
     -1.714058e-04
     -1.685323e-04
     -1.655519e-04
     -1.624648e-04
     -1.592713e-04
     -1.559717e-04
     -1.525669e-04
     -1.490577e-04
     -1.454453e-04
     -1.417312e-04
     -1.379170e-04
     -1.340046e-04
     -1.299960e-04
     -1.258935e-04
     -1.216998e-04
     -1.174176e-04
     -1.130498e-04
     -1.085996e-04
     -1.040704e-04
     -9.946575e-05
     -9.478931e-05
     -9.004502e-05
     -8.523691e-05
     -8.036917e-05
     -7.544614e-05
     -7.047226e-05
     -6.545208e-05
     -6.039027e-05
     -5.529155e-05
     -5.016075e-05
     -4.500273e-05
     -3.982243e-05
     -3.462479e-05
     -2.941481e-05
     -2.419747e-05
     -1.897780e-05
     -1.376077e-05
     -8.551364e-06
     -3.354536e-06
      1.824802e-06
      6.981782e-06
      1.211159e-05
      1.720945e-05
      2.227070e-05
      2.729069e-05
      3.226490e-05
      3.718885e-05
      4.205819e-05
      4.686862e-05
      5.161595e-05
      5.629610e-05
      6.090506e-05
      6.543895e-05
      6.989398e-05
      7.426645e-05
      7.855279e-05
      8.274953e-05
      8.685329e-05
      9.086082e-05
      9.476896e-05
      9.857467e-05
      1.022750e-04
      1.058672e-04
      1.093485e-04
      1.127162e-04
      1.159680e-04
      1.191015e-04
      1.221144e-04
      1.250045e-04
      1.277699e-04
      1.304088e-04
      1.329192e-04
      1.352997e-04
      1.375487e-04
      1.396649e-04
      1.416472e-04
      1.434943e-04
      1.452055e-04
      1.467800e-04
      1.482172e-04
      1.495167e-04
      1.506782e-04
      1.517017e-04
      1.525873e-04
      1.533353e-04
      1.539462e-04
      1.544206e-04
      1.547594e-04
      1.549637e-04
      1.550348e-04
      1.549740e-04
      1.547832e-04
      1.544641e-04
      1.540189e-04
      1.534498e-04
      1.527593e-04
      1.519502e-04
      1.510252e-04
      1.499874e-04
      1.488401e-04
      1.475867e-04
      1.462308e-04
      1.447762e-04
      1.432268e-04
      1.415867e-04
      1.398600e-04
      1.380511e-04
      1.361644e-04
      1.342045e-04
      1.321760e-04
      1.300835e-04
      1.279319e-04
      1.257258e-04
      1.234703e-04
      1.211701e-04
      1.188300e-04
      1.164550e-04
      1.140497e-04
      1.116191e-04
      1.091677e-04
      1.067002e-04
      1.042211e-04
      1.017350e-04
      9.924604e-05
      9.675854e-05
      9.427655e-05
      9.180398e-05
      8.934459e-05
      8.690200e-05
      8.447961e-05
      8.208068e-05
      7.970825e-05
      7.736519e-05
      7.505417e-05
      7.277765e-05
      7.053790e-05
      6.833698e-05
      6.617674e-05
      6.405885e-05
      6.198476e-05
      5.995574e-05
      5.797287e-05
      5.603702e-05
      5.414891e-05
      5.230906e-05
      5.051783e-05
      4.877543e-05
      4.708190e-05
      4.543716e-05
      4.384097e-05
      4.229299e-05
      4.079275e-05
      3.933967e-05
      3.793309e-05
      3.657226e-05
      3.525634e-05
      3.398444e-05
      3.275560e-05
      3.156882e-05
      3.042305e-05
      2.931723e-05
      2.825026e-05
      2.722101e-05
      2.622837e-05
      2.527121e-05
      2.434840e-05
      2.345883e-05
      2.260139e-05
      2.177500e-05
      2.097859e-05
      2.021111e-05
      1.947154e-05
      1.875889e-05
      1.807219e-05
      1.741052e-05
      1.677297e-05
      1.615865e-05
      1.556674e-05
      1.499641e-05
      1.444688e-05
      1.391739e-05
      1.340722e-05
      1.291566e-05
      1.244203e-05
      1.198568e-05
      1.154598e-05
      1.112234e-05
      1.071415e-05
      1.032086e-05
      9.941932e-06
      9.576837e-06
      9.225074e-06
      8.886157e-06
      8.559620e-06
      8.245010e-06
      7.941895e-06
      7.649856e-06
      7.368489e-06
      7.097406e-06
      6.836233e-06
      6.584609e-06
      6.342186e-06
      6.108629e-06
      5.883616e-06
      5.666835e-06
      5.457986e-06
      5.256781e-06
      5.062941e-06
      4.876197e-06
      4.696292e-06
      4.522976e-06
      4.356009e-06
      4.195159e-06
      4.040204e-06
      3.890928e-06
      3.747125e-06
      3.608596e-06
      3.475147e-06
      3.346593e-06
      3.222757e-06
      3.103466e-06
      2.988554e-06
      2.877861e-06
      2.771233e-06
      2.668522e-06
      2.569586e-06
      2.474285e-06
      2.382488e-06
      2.294067e-06
      2.208898e-06
      2.126862e-06
      2.047845e-06
      1.971736e-06
      1.898430e-06
      1.827824e-06
      1.759819e-06
      1.694320e-06
      1.631235e-06
      1.570476e-06
      1.511958e-06
      1.455599e-06
      1.401319e-06
      1.349044e-06
      1.298698e-06
      1.250213e-06
      1.203518e-06
      1.158550e-06
      1.115244e-06
      1.073540e-06
      1.033378e-06
      9.947034e-07
      9.574600e-07
      9.215959e-07
      8.870604e-07
      8.538046e-07
      8.217817e-07
      7.909463e-07
      7.612548e-07
      7.326651e-07
      7.051368e-07
      6.786308e-07
      6.531096e-07
      6.285368e-07
      6.048775e-07
      5.820982e-07
      5.601665e-07
      5.390510e-07
      5.187218e-07
      4.991499e-07
      4.803073e-07
      4.621672e-07
      4.447036e-07
      4.278915e-07
      4.117070e-07
      3.961268e-07
      3.811286e-07
      3.666910e-07
      3.527931e-07
      3.394150e-07
      3.265376e-07
      3.141423e-07
      3.022112e-07
      2.907271e-07
      2.796736e-07
      2.690346e-07
      2.587947e-07
      2.489393e-07
      2.394539e-07
      2.303250e-07
      2.215392e-07
      2.130838e-07
      2.049466e-07
      1.971156e-07
      1.895796e-07
      1.823276e-07
      1.753489e-07
      1.686335e-07
      1.621715e-07
      1.559534e-07
      1.499702e-07
      1.442132e-07
      1.386738e-07
      1.333440e-07
      1.282160e-07
      1.232822e-07
      1.185353e-07
      1.139683e-07
      1.095746e-07
      1.053477e-07
      1.012813e-07
      9.736933e-08
      9.360611e-08
      8.998603e-08
      8.650371e-08
      8.315400e-08
      7.993191e-08
      7.683265e-08
      7.385161e-08
      7.098434e-08
      6.822656e-08
      6.557416e-08
      6.302316e-08
      6.056976e-08
      5.821026e-08
      5.594113e-08
      5.375896e-08
      5.166048e-08
      4.964251e-08
      4.770201e-08
      4.583607e-08
      4.404186e-08
      4.231666e-08
      4.065786e-08
      3.906295e-08
      3.752950e-08
      3.605519e-08
      3.463777e-08
      3.327508e-08
      3.196504e-08
      3.070565e-08
      2.949498e-08
      2.833118e-08
      2.721247e-08
      2.613713e-08
      2.510350e-08
      2.411000e-08
      2.315509e-08
      2.223730e-08
      2.135520e-08
      2.050745e-08
      1.969271e-08
      1.890974e-08
      1.815730e-08
      1.743424e-08
      1.673942e-08
      1.607176e-08
      1.543022e-08
      1.481380e-08
      1.422152e-08
      1.365247e-08
      1.310573e-08
      1.258047e-08
      1.207584e-08
      1.159106e-08
      1.112535e-08
      1.067798e-08
      1.024824e-08
      9.835453e-09
      9.438956e-09
      9.058121e-09
      8.692341e-09
      8.341032e-09
      8.003632e-09
      7.679601e-09
      7.368420e-09
      7.069588e-09
      6.782625e-09
      6.507069e-09
      6.242476e-09
      5.988417e-09
      5.744481e-09
      5.510273e-09
      5.285413e-09
      5.069535e-09
      4.862287e-09
      4.663332e-09
      4.472343e-09
      4.289010e-09
      4.113030e-09
      3.944115e-09
      3.781987e-09
      3.626379e-09
      3.477035e-09
      3.333706e-09
      3.196157e-09
      3.064158e-09
      2.937491e-09
      2.815944e-09
      2.699315e-09
      2.587409e-09
      2.480040e-09
      2.377026e-09
      2.278195e-09
      2.183381e-09
      2.092424e-09
      2.005171e-09
      1.921473e-09
      1.841190e-09
      1.764185e-09
      1.690326e-09
      1.619489e-09
      1.551552e-09
      1.486400e-09
      1.423920e-09
      1.364005e-09
      1.306553e-09
      1.251464e-09
      1.198644e-09
      1.148001e-09
      1.099447e-09
      1.052899e-09
      1.008275e-09
      9.654969e-10
      9.244910e-10
      8.851852e-10
      8.475107e-10
      8.114012e-10
      7.767934e-10
      7.436262e-10
      7.118410e-10
      6.813815e-10
      6.521939e-10
      6.242261e-10
      5.974285e-10
      5.717533e-10
      5.471544e-10
      5.235880e-10
      5.010116e-10
      4.793847e-10
      4.586683e-10
      4.388250e-10
      4.198189e-10
      4.016155e-10
      3.841817e-10
      3.674858e-10
      3.514973e-10
      3.361870e-10
      3.215268e-10
      3.074898e-10
      2.940501e-10
      2.811829e-10
      2.688645e-10
      2.570721e-10
      2.457837e-10
      2.349783e-10
      2.246358e-10
      2.147368e-10
      2.052628e-10
      1.961961e-10
      1.875195e-10
      1.792167e-10
      1.712720e-10
      1.636704e-10
      1.563973e-10
      1.494390e-10
      1.427822e-10
      1.364142e-10
      1.303227e-10
      1.244961e-10
      1.189232e-10
      1.135931e-10
      1.084956e-10
      1.036208e-10
      9.895920e-11
      9.450175e-11
      9.023972e-11
      8.616478e-11
      8.226894e-11
      7.854452e-11
      7.498419e-11
      7.158090e-11
      6.832792e-11
      6.521878e-11
      6.224729e-11
      5.940752e-11
      5.669379e-11
      5.410066e-11
      5.162290e-11
      4.925553e-11
      4.699376e-11
      4.483300e-11
      4.276888e-11
      4.079718e-11
      3.891387e-11
      3.711511e-11
      3.539720e-11
      3.375661e-11
      3.218996e-11
      3.069399e-11
      2.926562e-11
      2.790187e-11
      2.659990e-11
      2.535699e-11
      2.417053e-11
      2.303803e-11
      2.195711e-11
      2.092548e-11
      1.994096e-11
      1.900145e-11
      1.810496e-11
      1.724958e-11
      1.643346e-11
      1.565486e-11
      1.491211e-11
      1.420359e-11
      1.352778e-11
      1.288321e-11
      1.226848e-11
      1.168224e-11
      1.112321e-11
      1.059017e-11
      1.008194e-11
      9.597396e-12
      9.135473e-12
      8.695142e-12
      8.275423e-12
      7.875379e-12
      7.494115e-12
      7.130775e-12
      6.784540e-12
      6.454629e-12
      6.140294e-12
      5.840822e-12
      5.555530e-12
      5.283766e-12
      5.024909e-12
      4.778363e-12
      4.543559e-12
      4.319956e-12
      4.107033e-12
      3.904298e-12
      3.711275e-12
      3.527515e-12
      3.352585e-12
      3.186074e-12
      3.027589e-12
      2.876755e-12
      2.733212e-12
     -2.876754e-12
     -3.027589e-12
     -3.186074e-12
     -3.352585e-12
     -3.527515e-12
     -3.711276e-12
     -3.904298e-12
     -4.107034e-12
     -4.319956e-12
     -4.543560e-12
     -4.778363e-12
     -5.024909e-12
     -5.283767e-12
     -5.555530e-12
     -5.840821e-12
     -6.140293e-12
     -6.454628e-12
     -6.784539e-12
     -7.130774e-12
     -7.494115e-12
     -7.875379e-12
     -8.275423e-12
     -8.695142e-12
     -9.135473e-12
     -9.597396e-12
     -1.008194e-11
     -1.059017e-11
     -1.112321e-11
     -1.168224e-11
     -1.226848e-11
     -1.288321e-11
     -1.352778e-11
     -1.420359e-11
     -1.491211e-11
     -1.565486e-11
     -1.643346e-11
     -1.724958e-11
     -1.810496e-11
     -1.900145e-11
     -1.994096e-11
     -2.092548e-11
     -2.195711e-11
     -2.303803e-11
     -2.417053e-11
     -2.535699e-11
     -2.659990e-11
     -2.790187e-11
     -2.926562e-11
     -3.069400e-11
     -3.218996e-11
     -3.375661e-11
     -3.539720e-11
     -3.711511e-11
     -3.891387e-11
     -4.079718e-11
     -4.276888e-11
     -4.483300e-11
     -4.699376e-11
     -4.925553e-11
     -5.162290e-11
     -5.410066e-11
     -5.669379e-11
     -5.940752e-11
     -6.224729e-11
     -6.521878e-11
     -6.832792e-11
     -7.158090e-11
     -7.498419e-11
     -7.854452e-11
     -8.226894e-11
     -8.616479e-11
     -9.023972e-11
     -9.450175e-11
     -9.895920e-11
     -1.036208e-10
     -1.084956e-10
     -1.135931e-10
     -1.189232e-10
     -1.244961e-10
     -1.303227e-10
     -1.364142e-10
     -1.427822e-10
     -1.494390e-10
     -1.563973e-10
     -1.636704e-10
     -1.712720e-10
     -1.792167e-10
     -1.875195e-10
     -1.961961e-10
     -2.052628e-10
     -2.147368e-10
     -2.246358e-10
     -2.349783e-10
     -2.457836e-10
     -2.570721e-10
     -2.688645e-10
     -2.811829e-10
     -2.940501e-10
     -3.074898e-10
     -3.215268e-10
     -3.361870e-10
     -3.514973e-10
     -3.674858e-10
     -3.841817e-10
     -4.016155e-10
     -4.198189e-10
     -4.388250e-10
     -4.586683e-10
     -4.793847e-10
     -5.010116e-10
     -5.235880e-10
     -5.471544e-10
     -5.717533e-10
     -5.974285e-10
     -6.242261e-10
     -6.521939e-10
     -6.813815e-10
     -7.118410e-10
     -7.436262e-10
     -7.767934e-10
     -8.114012e-10
     -8.475107e-10
     -8.851852e-10
     -9.244910e-10
     -9.654969e-10
     -1.008275e-09
     -1.052899e-09
     -1.099447e-09
     -1.148001e-09
     -1.198644e-09
     -1.251464e-09
     -1.306553e-09
     -1.364005e-09
     -1.423920e-09
     -1.486400e-09
     -1.551552e-09
     -1.619489e-09
     -1.690326e-09
     -1.764184e-09
     -1.841190e-09
     -1.921473e-09
     -2.005171e-09
     -2.092424e-09
     -2.183381e-09
     -2.278195e-09
     -2.377026e-09
     -2.480040e-09
     -2.587409e-09
     -2.699315e-09
     -2.815944e-09
     -2.937491e-09
     -3.064158e-09
     -3.196157e-09
     -3.333706e-09
     -3.477035e-09
     -3.626379e-09
     -3.781987e-09
     -3.944115e-09
     -4.113030e-09
     -4.289010e-09
     -4.472343e-09
     -4.663332e-09
     -4.862287e-09
     -5.069535e-09
     -5.285413e-09
     -5.510273e-09
     -5.744481e-09
     -5.988417e-09
     -6.242476e-09
     -6.507069e-09
     -6.782625e-09
     -7.069588e-09
     -7.368420e-09
     -7.679601e-09
     -8.003632e-09
     -8.341032e-09
     -8.692341e-09
     -9.058121e-09
     -9.438956e-09
     -9.835453e-09
     -1.024824e-08
     -1.067798e-08
     -1.112535e-08
     -1.159106e-08
     -1.207584e-08
     -1.258047e-08
     -1.310573e-08
     -1.365247e-08
     -1.422152e-08
     -1.481380e-08
     -1.543022e-08
     -1.607176e-08
     -1.673942e-08
     -1.743424e-08
     -1.815730e-08
     -1.890974e-08
     -1.969271e-08
     -2.050745e-08
     -2.135520e-08
     -2.223730e-08
     -2.315509e-08
     -2.411000e-08
     -2.510350e-08
     -2.613713e-08
     -2.721247e-08
     -2.833118e-08
     -2.949498e-08
     -3.070565e-08
     -3.196504e-08
     -3.327508e-08
     -3.463777e-08
     -3.605519e-08
     -3.752950e-08
     -3.906295e-08
     -4.065786e-08
     -4.231666e-08
     -4.404186e-08
     -4.583607e-08
     -4.770201e-08
     -4.964251e-08
     -5.166048e-08
     -5.375896e-08
     -5.594113e-08
     -5.821026e-08
     -6.056976e-08
     -6.302316e-08
     -6.557416e-08
     -6.822656e-08
     -7.098434e-08
     -7.385161e-08
     -7.683265e-08
     -7.993191e-08
     -8.315400e-08
     -8.650371e-08
     -8.998603e-08
     -9.360611e-08
     -9.736933e-08
     -1.012813e-07
     -1.053477e-07
     -1.095746e-07
     -1.139683e-07
     -1.185353e-07
     -1.232822e-07
     -1.282160e-07
     -1.333440e-07
     -1.386738e-07
     -1.442132e-07
     -1.499702e-07
     -1.559534e-07
     -1.621715e-07
     -1.686335e-07
     -1.753489e-07
     -1.823276e-07
     -1.895796e-07
     -1.971156e-07
     -2.049466e-07
     -2.130838e-07
     -2.215392e-07
     -2.303250e-07
     -2.394539e-07
     -2.489393e-07
     -2.587947e-07
     -2.690346e-07
     -2.796736e-07
     -2.907271e-07
     -3.022112e-07
     -3.141423e-07
     -3.265376e-07
     -3.394150e-07
     -3.527931e-07
     -3.666910e-07
     -3.811286e-07
     -3.961268e-07
     -4.117070e-07
     -4.278915e-07
     -4.447036e-07
     -4.621672e-07
     -4.803073e-07
     -4.991499e-07
     -5.187219e-07
     -5.390510e-07
     -5.601665e-07
     -5.820982e-07
     -6.048775e-07
     -6.285368e-07
     -6.531096e-07
     -6.786308e-07
     -7.051368e-07
     -7.326652e-07
     -7.612548e-07
     -7.909463e-07
     -8.217817e-07
     -8.538046e-07
     -8.870604e-07
     -9.215959e-07
     -9.574600e-07
     -9.947034e-07
     -1.033378e-06
     -1.073540e-06
     -1.115244e-06
     -1.158550e-06
     -1.203518e-06
     -1.250213e-06
     -1.298698e-06
     -1.349044e-06
     -1.401319e-06
     -1.455599e-06
     -1.511958e-06
     -1.570476e-06
     -1.631235e-06
     -1.694320e-06
     -1.759819e-06
     -1.827824e-06
     -1.898430e-06
     -1.971736e-06
     -2.047845e-06
     -2.126862e-06
     -2.208898e-06
     -2.294067e-06
     -2.382488e-06
     -2.474285e-06
     -2.569586e-06
     -2.668522e-06
     -2.771233e-06
     -2.877861e-06
     -2.988554e-06
     -3.103466e-06
     -3.222757e-06
     -3.346593e-06
     -3.475147e-06
     -3.608596e-06
     -3.747125e-06
     -3.890928e-06
     -4.040204e-06
     -4.195159e-06
     -4.356009e-06
     -4.522976e-06
     -4.696292e-06
     -4.876197e-06
     -5.062941e-06
     -5.256781e-06
     -5.457986e-06
     -5.666835e-06
     -5.883616e-06
     -6.108629e-06
     -6.342186e-06
     -6.584609e-06
     -6.836233e-06
     -7.097406e-06
     -7.368489e-06
     -7.649856e-06
     -7.941895e-06
     -8.245010e-06
     -8.559620e-06
     -8.886157e-06
     -9.225074e-06
     -9.576837e-06
     -9.941932e-06
     -1.032086e-05
     -1.071415e-05
     -1.112234e-05
     -1.154598e-05
     -1.198568e-05
     -1.244203e-05
     -1.291566e-05
     -1.340722e-05
     -1.391739e-05
     -1.444688e-05
     -1.499641e-05
     -1.556674e-05
     -1.615866e-05
     -1.677297e-05
     -1.741053e-05
     -1.807222e-05
     -1.875893e-05
     -1.947163e-05
     -2.021129e-05
     -2.097892e-05
     -2.177558e-05
     -2.260236e-05
     -2.346039e-05
     -2.435085e-05
     -2.527494e-05
     -2.623391e-05
     -2.722907e-05
     -2.826175e-05
     -2.933332e-05
     -3.044521e-05
     -3.159888e-05
     -3.279582e-05
     -3.403758e-05
     -3.532574e-05
     -3.666191e-05
     -3.804774e-05
     -3.948491e-05
     -4.097514e-05
     -4.252015e-05
     -4.412171e-05
     -4.578160e-05
     -4.750162e-05
     -4.928356e-05
     -5.112925e-05
     -5.304049e-05
     -5.501909e-05
     -5.706685e-05
     -5.918555e-05
     -6.137695e-05
     -6.364279e-05
     -6.598475e-05
     -6.840448e-05
     -7.090359e-05
     -7.348363e-05
     -7.614606e-05
     -7.889230e-05
     -8.172367e-05
     -8.464141e-05
     -8.764668e-05
     -9.074051e-05
     -9.392384e-05
     -9.719749e-05
     -1.005621e-04
     -1.040184e-04
     -1.075667e-04
     -1.112072e-04
     -1.149402e-04
     -1.187657e-04
     -1.226834e-04
     -1.266931e-04
     -1.307942e-04
     -1.349861e-04
     -1.392680e-04
     -1.436389e-04
     -1.480975e-04
     -1.526425e-04
     -1.572724e-04
     -1.619854e-04
     -1.667797e-04
     -1.716531e-04
     -1.766035e-04
     -1.816284e-04
     -1.867253e-04
     -1.918912e-04
     -1.971234e-04
     -2.024188e-04
     -2.077740e-04
     -2.131857e-04
     -2.186503e-04
     -2.241642e-04
     -2.297235e-04
     -2.353243e-04
     -2.409624e-04
     -2.466338e-04
     -2.523341e-04
     -2.580588e-04
     -2.638035e-04
     -2.695636e-04
     -2.753345e-04
     -2.811112e-04
     -2.868892e-04
     -2.926634e-04
     -2.984290e-04
     -3.041809e-04
     -3.099143e-04
     -3.156239e-04
     -3.213049e-04
     -3.269521e-04
     -3.325603e-04
     -3.381247e-04
     -3.436399e-04
     -3.491010e-04
     -3.545030e-04
     -3.598407e-04
     -3.651092e-04
     -3.703035e-04
     -3.754186e-04
     -3.804498e-04
     -3.853920e-04
     -3.902405e-04
     -3.949907e-04
     -3.996378e-04
     -4.041772e-04
     -4.086045e-04
     -4.129151e-04
     -4.171047e-04
     -4.211690e-04
     -4.251039e-04
     -4.289052e-04
     -4.325689e-04
     -4.360912e-04
     -4.394682e-04
     -4.426963e-04
     -4.457719e-04
     -4.486915e-04
     -4.514519e-04
     -4.540499e-04
     -4.564823e-04
     -4.587463e-04
     -4.608390e-04
     -4.627579e-04
     -4.645003e-04
     -4.660640e-04
     -4.674467e-04
     -4.686464e-04
     -4.696613e-04
     -4.704895e-04
     -4.711295e-04
     -4.715800e-04
     -4.718397e-04
     -4.719076e-04
     -4.717829e-04
     -4.714647e-04
     -4.709527e-04
     -4.702466e-04
     -4.693460e-04
     -4.682512e-04
     -4.669624e-04
     -4.654799e-04
     -4.638043e-04
     -4.619364e-04
     -4.598772e-04
     -4.576279e-04
     -4.551896e-04
     -4.525639e-04
     -4.497526e-04
     -4.467572e-04
     -4.435800e-04
     -4.402230e-04
     -4.366885e-04
     -4.329789e-04
     -4.290969e-04
     -4.250452e-04
     -4.208266e-04
     -4.164441e-04
     -4.119009e-04
     -4.072000e-04
     -4.023449e-04
     -3.973388e-04
     -3.921854e-04
     -3.868880e-04
     -3.814505e-04
     -3.758764e-04
     -3.701695e-04
     -3.643335e-04
     -3.583724e-04
     -3.522898e-04
     -3.460897e-04
     -3.397759e-04
     -3.333522e-04
     -3.268227e-04
     -3.201909e-04
     -3.134609e-04
     -3.066364e-04
     -2.997211e-04
     -2.927188e-04
     -2.856331e-04
     -2.784677e-04
     -2.712261e-04
     -2.639118e-04
     -2.565282e-04
     -2.490788e-04
     -2.415668e-04
     -2.339954e-04
     -2.263678e-04
     -2.186871e-04
     -2.109563e-04
     -2.031782e-04
     -1.953558e-04
     -1.874917e-04
     -1.795887e-04
     -1.716493e-04
     -1.636761e-04
     -1.556716e-04
     -1.476381e-04
     -1.395780e-04
     -1.314934e-04
     -1.233867e-04
     -1.152598e-04
     -1.071149e-04
     -9.895401e-05
     -9.077905e-05
     -8.259195e-05
     -7.439459e-05
     -6.618879e-05
     -5.797634e-05
     -4.975901e-05
     -4.153853e-05
     -3.331660e-05
     -2.509490e-05
     -1.687509e-05
     -8.658817e-06
     -4.477102e-07
      7.756613e-06
      1.595254e-05
      2.413847e-05
      3.231280e-05
      4.047393e-05
      4.862027e-05
      5.675021e-05
      6.486215e-05
      7.295447e-05
      8.102556e-05
      8.907380e-05
      9.709755e-05
      1.050952e-04
      1.130650e-04
      1.210053e-04
      1.289145e-04
      1.367909e-04
      1.446327e-04
      1.524383e-04
      1.602058e-04
      1.679335e-04
      1.756197e-04
      1.832626e-04
      1.908602e-04
      1.984109e-04
      2.059127e-04
      2.133637e-04
      2.207622e-04
      2.281060e-04
      2.353933e-04
      2.426221e-04
      2.497905e-04
      2.568962e-04
      2.639374e-04
      2.709118e-04
      2.778175e-04
      2.846521e-04
      2.914135e-04
      2.980995e-04
      3.047078e-04
      3.112361e-04
      3.176820e-04
      3.240432e-04
      3.303172e-04
      3.365015e-04
      3.425937e-04
      3.485911e-04
      3.544913e-04
      3.602916e-04
      3.659892e-04
      3.715816e-04
      3.770660e-04
      3.824395e-04
      3.876995e-04
      3.928430e-04
      3.978673e-04
      4.027695e-04
      4.075466e-04
      4.121957e-04
      4.167141e-04
      4.210986e-04
      4.253465e-04
      4.294549e-04
      4.334208e-04
      4.372414e-04
      4.409138e-04
      4.444353e-04
      4.478030e-04
      4.510144e-04
      4.540666e-04
      4.569572e-04
      4.596836e-04
      4.622433e-04
      4.646341e-04
      4.668536e-04
      4.688998e-04
      4.707705e-04
      4.724640e-04
      4.739783e-04
      4.753118e-04
      4.764630e-04
      4.774306e-04
      4.782134e-04
      4.788102e-04
      4.792203e-04
      4.794428e-04
      4.794774e-04
      4.793236e-04
      4.789813e-04
      4.784504e-04
      4.777313e-04
      4.768243e-04
      4.757301e-04
      4.744494e-04
      4.729832e-04
      4.713328e-04
      4.694996e-04
      4.674851e-04
      4.652911e-04
      4.629197e-04
      4.603729e-04
      4.576532e-04
      4.547631e-04
      4.517054e-04
      4.484828e-04
      4.450985e-04
      4.415558e-04
      4.378580e-04
      4.340086e-04
      4.300114e-04
      4.258701e-04
      4.215888e-04
      4.171716e-04
      4.126226e-04
      4.079463e-04
      4.031469e-04
      3.982291e-04
      3.931975e-04
      3.880568e-04
      3.828118e-04
      3.774673e-04
      3.720283e-04
      3.664997e-04
      3.608866e-04
      3.551940e-04
      3.494270e-04
      3.435909e-04
      3.376906e-04
      3.317315e-04
      3.257187e-04
      3.196573e-04
      3.135526e-04
      3.074098e-04
      3.012340e-04
      2.950304e-04
      2.888042e-04
      2.825603e-04
      2.763040e-04
      2.700403e-04
      2.637741e-04
      2.575104e-04
      2.512541e-04
      2.450101e-04
      2.387831e-04
      2.325779e-04
      2.263992e-04
      2.202515e-04
      2.141393e-04
      2.080671e-04
      2.020392e-04
      1.960599e-04
      1.901332e-04
      1.842634e-04
      1.784543e-04
      1.727097e-04
      1.670334e-04
      1.614291e-04
      1.559001e-04
      1.504499e-04
      1.450817e-04
      1.397986e-04
      1.346035e-04
      1.294993e-04
      1.244885e-04
      1.195738e-04
      1.147574e-04
      1.100416e-04
      1.054283e-04
      1.009195e-04
      9.651679e-05
      9.222170e-05
      8.803557e-05
      8.395956e-05
      7.999467e-05
      7.614169e-05
      7.240124e-05
      6.877376e-05
      6.525953e-05
      6.185863e-05
      5.857095e-05
      5.539622e-05
      5.233401e-05
      4.938368e-05
      4.654446e-05
      4.381540e-05
      4.119538e-05
      3.868314e-05
      3.627725e-05
      3.397617e-05
      3.177818e-05
      2.968146e-05
      2.768404e-05
      2.578387e-05
      2.397874e-05
      2.226638e-05
      2.064440e-05
      1.911035e-05
      1.766169e-05
      1.629580e-05
      1.501002e-05
      1.380164e-05
      1.266790e-05
      1.160602e-05
      1.061319e-05
      9.686598e-06
      8.823411e-06
      8.020811e-06
      7.275993e-06
      6.586169e-06
      5.948582e-06
      5.360511e-06
      4.819277e-06
      4.322250e-06
      3.866858e-06
      3.450588e-06
      3.070997e-06
      2.725710e-06
      2.412430e-06
      2.128941e-06
      1.873106e-06
      1.642878e-06
      1.436296e-06
      1.251487e-06
      1.086672e-06
      9.401607e-07
      8.103560e-07
      6.957518e-07
      5.949327e-07
      5.065729e-07
      4.294348e-07
      3.623669e-07
      3.043019e-07
      2.542540e-07
      2.113161e-07
      1.746567e-07
      1.435170e-07
      1.172070e-07
      9.510262e-08
      7.664134e-08
      6.131896e-08
      4.868566e-08
      3.834223e-08
      2.993636e-08
      2.315888e-08
      1.774021e-08
      1.344676e-08
      1.007753e-08
      7.460847e-09
      5.451190e-09
      3.926258e-09
      2.784186e-09
      1.940953e-09
      1.327995e-09
      8.899943e-10
      5.828836e-10
      3.720332e-10
      2.306413e-10
      1.383118e-10
      7.981500e-11
      4.402020e-11
      2.298869e-11
      1.121475e-11
      5.001848e-12
      1.960731e-12
      6.158534e-13
      1.054114e-13
     -3.957737e-14
     -5.147072e-14
     -3.087430e-14
     -1.247826e-14
     -2.840570e-15
      4.729525e-16
      8.798451e-16
      4.914685e-16
      1.458282e-16
     -4.351064e-18
     -3.142523e-17
     -1.805248e-17
     -4.331994e-18
      1.140537e-18
      1.499737e-18
      5.706124e-19
     -9.123582e-21
     -1.192726e-19
     -5.429324e-20
     -5.936482e-22
      1.045558e-20
      4.327594e-21
     -3.680628e-22
     -9.547524e-22
     -2.533783e-22
      9.576619e-23
      7.446596e-23
      3.625171e-24
     -1.212868e-23
     -3.565585e-24
      1.251944e-24
      8.560620e-25
     -3.873708e-26
     -1.444785e-25
     -1.775936e-26
      1.967804e-26
      5.439989e-27
     -2.243224e-27
     -1.057525e-27
      2.103062e-28
      1.695742e-28
     -1.417134e-29
     -2.425504e-29
      8.443847e-32
      3.215720e-30
      2.016361e-31
     -4.059417e-31
     -5.109395e-32
      5.020531e-32
      9.583227e-33
     -6.327463e-33
     -1.587740e-33
      8.517222e-34
      2.389800e-34
     -1.255471e-34
     -3.163060e-35
      1.968875e-35
      3.305517e-36
     -3.064134e-36
     -1.680231e-37
      4.386534e-37
     -3.107068e-38
     -5.351767e-38
      1.165551e-38
      4.947844e-39
     -2.214456e-39
     -2.254397e-40
      2.959845e-40
     -2.556303e-41
     -2.822956e-41
      7.638121e-42
      1.670814e-42
     -1.064288e-42
     -5.595783e-45
      1.120779e-43
     -1.534473e-44
     -1.086807e-44
      3.708172e-45
      7.561039e-46
     -6.916233e-46
      7.215542e-47
      7.675301e-47
     -3.366728e-47
      5.795458e-49
      4.239916e-48
     -1.555722e-48
      2.697476e-50
      1.798087e-49
     -7.007899e-50
      5.568988e-51
      5.821594e-51
     -2.868178e-51
      4.882125e-52
      1.122786e-52
     -9.534977e-53
      2.668531e-53
     -1.214427e-54
     -2.123339e-54
      9.815820e-55
     -2.015859e-55
     -7.906049e-57
      2.155993e-56
     -8.242015e-57
      1.559144e-57
      4.404063e-59
     -1.431279e-58
      5.408110e-59
     -1.074752e-59
      3.877022e-61
      4.893462e-61
     -1.318735e-61
     -2.501261e-62
      3.540640e-62
     -1.747616e-62
      5.872030e-63
     -1.428455e-63
      2.083034e-64
      1.615407e-65
     -2.448994e-65
      1.036446e-65
     -2.963249e-66
      5.676947e-67
     -2.134353e-68
     -4.283262e-68
      2.600181e-68
     -1.066489e-68
      3.661243e-69
     -1.122932e-69
      3.170120e-70
     -8.375691e-71
      2.092876e-71
     -4.981514e-72
      1.135366e-72
     -2.487595e-73
      5.255749e-74
     -1.073440e-74
      2.123697e-75
     -4.076738e-76
      7.604262e-77
     -1.379908e-77
      2.438592e-78
     -4.200550e-79
      7.057901e-80
     -1.157500e-80
      1.853826e-81
     -2.900686e-82
      4.435597e-83
     -6.629995e-84
      9.687764e-85
     -1.383778e-85
      1.931788e-86
     -2.634744e-87
      3.508623e-88
     -4.557760e-89
      5.767551e-90
     -7.095690e-91
      8.462325e-92
     -9.739800e-93
      1.074298e-93
     -1.122135e-94
      1.085441e-95
     -9.251746e-97
      5.959185e-98
    -4.721927e-100
    -7.743076e-100
     1.922113e-100
    -3.446191e-101
     5.389079e-102
    -7.781655e-103
     1.063906e-103
    -1.395710e-104
     1.770954e-105
    -2.184658e-106
     2.629484e-107
    -3.095886e-108
     3.572433e-109
    -4.046278e-110
     4.503745e-111
    -4.931006e-112
     5.314790e-113
    -5.643073e-114
     5.905708e-115
    -6.094937e-116
     6.205757e-117
    -6.236114e-118
     6.186924e-119
    -6.061913e-120
     5.867311e-121
    -5.611420e-122
     5.304097e-123
    -4.956191e-124
     4.578982e-125
    -4.183642e-126
     3.780768e-127
    -3.379997e-128
     2.989718e-129
    -2.616885e-130
     2.266939e-131
    -1.943806e-132
     1.649979e-133
    -1.386655e-134
     1.153913e-135
    -9.509121e-137
     7.760986e-138
    -6.274039e-139
     5.024289e-140
    -3.986034e-141
     3.133192e-142
    -2.440349e-143
     1.883536e-144
    -1.440757e-145
     1.092291e-146
    -8.208286e-148
     6.114593e-149
    -4.515620e-150
     3.306246e-151
    -2.400232e-152
     1.727840e-153
    -1.233436e-154
     8.732195e-156
    -6.131316e-157
     4.270087e-158
    -2.949860e-159
     2.021510e-160
    -1.374321e-161
     9.269693e-163
    -6.203464e-164
     4.119279e-165
    -2.714264e-166
     1.774812e-167
    -1.151720e-168
     7.417552e-170
    -4.741515e-171
     3.008433e-172
    -1.894756e-173
     1.184620e-174
    -7.352583e-176
     4.530621e-177
    -2.771749e-178
     1.683642e-179
    -1.015467e-180
     6.081661e-182
    -3.616919e-183
     2.136166e-184
    -1.252938e-185
     7.298625e-187
    -4.222673e-188
     2.426534e-189
    -1.385017e-190
     7.852542e-192
    -4.422504e-193
     2.474257e-194
    -1.375167e-195
     7.593032e-197
    -4.165228e-198
     2.270076e-199
    -1.229232e-200
     6.613514e-202
    -3.535486e-203
     1.878005e-204
    -9.912597e-206
     5.199160e-207
    -2.709852e-208
     1.403575e-209
    -7.224606e-211
     3.695659e-212
    -1.878793e-213
     9.492603e-215
    -4.766730e-216
     2.378997e-217
    -1.180089e-218
     5.818237e-220
    -2.851234e-221
     1.388824e-222
    -6.724234e-224
     3.236141e-225
    -1.548135e-226
     7.361976e-228
    -3.480100e-229
     1.635339e-230
    -7.639232e-232
     3.547516e-233
    -1.637716e-234
     7.516211e-236
    -3.429352e-237
     1.555551e-238
    -7.014904e-240
     3.145075e-241
    -1.401903e-242
     6.212823e-244
    -2.737473e-245
     1.199241e-246
    -5.223539e-248
     2.262199e-249
    -9.741148e-251
     4.170697e-252
    -1.775546e-253
     7.515982e-255
    -3.163558e-256
     1.324060e-257
    -5.510449e-259
     2.280444e-260
    -9.384484e-262
     3.840304e-263
    -1.562754e-264
     6.323984e-266
    -2.544907e-267
     1.018449e-268
    -4.053206e-270
     1.604189e-271
    -6.314155e-273
     2.471630e-274
    -9.622007e-276
     3.725353e-277
    -1.434479e-278
     5.493531e-280
    -2.092402e-281
     7.926478e-283
    -2.986500e-284
     1.119174e-285
    -4.171486e-287
     1.546493e-288
    -5.702618e-290
     2.091585e-291
    -7.630577e-293
     2.769014e-294
    -9.995039e-296
     3.588732e-297
    -1.281741e-298
     4.553734e-300
    -1.609345e-301
     5.657829e-303
    -1.978681e-304
     6.883862e-306
    -2.382456e-307
     8.202748e-309
    -2.809580e-310
     9.573623e-312
    -3.245413e-313
     1.094530e-314
    -3.672447e-316
     1.225911e-317
    -4.071397e-319
     1.345835e-320
    -4.446591e-322
     4.940656e-324
      0.000000e+00
      0.000000e+00
      0.000000e+00
      0.000000e+00
      0.000000e+00
      0.000000e+00
      0.000000e+00
      0.000000e+00
      0.000000e+00
      0.000000e+00
      0.000000e+00
      0.000000e+00
      0.000000e+00
      0.000000e+00
      0.000000e+00
      0.000000e+00
      0.000000e+00
      0.000000e+00
      0.000000e+00
      0.000000e+00
      0.000000e+00
      0.000000e+00
      0.000000e+00
      0.000000e+00
      0.000000e+00
      0.000000e+00
      0.000000e+00
      0.000000e+00
      0.000000e+00
      0.000000e+00
      0.000000e+00
      0.000000e+00
      0.000000e+00
      0.000000e+00
      0.000000e+00
      0.000000e+00
      0.000000e+00
      0.000000e+00
      0.000000e+00
      0.000000e+00
      0.000000e+00
      0.000000e+00
      0.000000e+00
      0.000000e+00
      0.000000e+00
      0.000000e+00
      0.000000e+00
      0.000000e+00
      0.000000e+00
      0.000000e+00
      0.000000e+00
      0.000000e+00
      0.000000e+00
      0.000000e+00
      0.000000e+00
      0.000000e+00
      0.000000e+00
      0.000000e+00
      0.000000e+00
      0.000000e+00
      0.000000e+00
      0.000000e+00
      0.000000e+00
      0.000000e+00
      0.000000e+00
      0.000000e+00
      0.000000e+00
      0.000000e+00
      0.000000e+00
      0.000000e+00
      0.000000e+00
      0.000000e+00
      0.000000e+00
      0.000000e+00
      0.000000e+00
      0.000000e+00
      0.000000e+00
      0.000000e+00
      0.000000e+00
      0.000000e+00
      0.000000e+00
      0.000000e+00
      0.000000e+00
      0.000000e+00
      0.000000e+00
      0.000000e+00
      0.000000e+00
      0.000000e+00
      0.000000e+00
      0.000000e+00
      0.000000e+00
      0.000000e+00
      0.000000e+00
      0.000000e+00
      0.000000e+00
      0.000000e+00
      0.000000e+00
      0.000000e+00
      0.000000e+00
      0.000000e+00
      0.000000e+00
      0.000000e+00
      0.000000e+00
      0.000000e+00
      0.000000e+00
      0.000000e+00
      0.000000e+00
      0.000000e+00
      0.000000e+00
      0.000000e+00
      0.000000e+00
      0.000000e+00
      0.000000e+00
      0.000000e+00
      0.000000e+00
      0.000000e+00
      0.000000e+00
      0.000000e+00
      0.000000e+00
      0.000000e+00
      0.000000e+00
      0.000000e+00
      0.000000e+00
      0.000000e+00
      0.000000e+00
      0.000000e+00
      0.000000e+00
      0.000000e+00
      0.000000e+00
      0.000000e+00
      0.000000e+00
      0.000000e+00
      0.000000e+00
      0.000000e+00
      0.000000e+00
      0.000000e+00
      0.000000e+00
      0.000000e+00
      0.000000e+00
      0.000000e+00
      0.000000e+00
      0.000000e+00
      0.000000e+00
      0.000000e+00
      0.000000e+00
      0.000000e+00
      0.000000e+00
      0.000000e+00
      0.000000e+00
      0.000000e+00
      0.000000e+00
      0.000000e+00
      0.000000e+00
      0.000000e+00
      0.000000e+00
      0.000000e+00
      0.000000e+00
      0.000000e+00
      0.000000e+00
      0.000000e+00
      0.000000e+00
      0.000000e+00
      0.000000e+00
      0.000000e+00
      0.000000e+00
      0.000000e+00
      0.000000e+00
      0.000000e+00
      0.000000e+00
      0.000000e+00
      0.000000e+00
      0.000000e+00
      0.000000e+00
      0.000000e+00
      0.000000e+00
      0.000000e+00
      0.000000e+00
      0.000000e+00
      0.000000e+00
      0.000000e+00
      0.000000e+00
      0.000000e+00
      0.000000e+00
      0.000000e+00
      0.000000e+00
      0.000000e+00
      0.000000e+00
      0.000000e+00
      0.000000e+00
      0.000000e+00
      0.000000e+00
      0.000000e+00
      0.000000e+00
      0.000000e+00
      0.000000e+00
      0.000000e+00
      0.000000e+00
      0.000000e+00
      0.000000e+00
      0.000000e+00
      0.000000e+00
      0.000000e+00
      0.000000e+00
      0.000000e+00
      0.000000e+00
      0.000000e+00
      0.000000e+00
      0.000000e+00
      0.000000e+00
      0.000000e+00
      0.000000e+00
      0.000000e+00
      0.000000e+00
      0.000000e+00
      0.000000e+00
      0.000000e+00
      0.000000e+00
      0.000000e+00
      0.000000e+00
      0.000000e+00
      0.000000e+00
      0.000000e+00
      0.000000e+00
      0.000000e+00
      0.000000e+00
      0.000000e+00
      0.000000e+00
      0.000000e+00
      0.000000e+00
      0.000000e+00
      0.000000e+00
      0.000000e+00
      0.000000e+00
      0.000000e+00
      0.000000e+00
      0.000000e+00
      0.000000e+00
      0.000000e+00
      0.000000e+00
      0.000000e+00
      0.000000e+00
      0.000000e+00
      0.000000e+00
      0.000000e+00
      0.000000e+00
      0.000000e+00
      0.000000e+00
      0.000000e+00
      0.000000e+00
      0.000000e+00
      0.000000e+00
      0.000000e+00
      0.000000e+00
      0.000000e+00
      0.000000e+00
      0.000000e+00
      0.000000e+00
      0.000000e+00
      0.000000e+00
      0.000000e+00
      0.000000e+00
      0.000000e+00
      0.000000e+00
      0.000000e+00
      0.000000e+00
      0.000000e+00
      0.000000e+00
      0.000000e+00
      0.000000e+00
      0.000000e+00
      0.000000e+00
      0.000000e+00
      0.000000e+00
      0.000000e+00
      0.000000e+00
      0.000000e+00
      0.000000e+00
      0.000000e+00
      0.000000e+00
      0.000000e+00
      0.000000e+00
      0.000000e+00
      0.000000e+00
      0.000000e+00
      0.000000e+00
      0.000000e+00
      0.000000e+00
      0.000000e+00
      0.000000e+00
      0.000000e+00
      0.000000e+00
      0.000000e+00
      0.000000e+00
      0.000000e+00
      0.000000e+00
      0.000000e+00
      0.000000e+00
      0.000000e+00
      0.000000e+00
      0.000000e+00
      0.000000e+00
      0.000000e+00
      0.000000e+00
      0.000000e+00
      0.000000e+00
      0.000000e+00
      0.000000e+00
      0.000000e+00
      0.000000e+00
      0.000000e+00
      0.000000e+00
      0.000000e+00
      0.000000e+00
      0.000000e+00
      0.000000e+00
      0.000000e+00
      0.000000e+00
      0.000000e+00
      0.000000e+00
      0.000000e+00
      0.000000e+00
      0.000000e+00
      0.000000e+00
      0.000000e+00
      0.000000e+00
      0.000000e+00
      0.000000e+00
      0.000000e+00
      0.000000e+00
      0.000000e+00
      0.000000e+00
      0.000000e+00
      0.000000e+00
      0.000000e+00
      0.000000e+00
      0.000000e+00
      0.000000e+00
      0.000000e+00
      0.000000e+00
      0.000000e+00
      0.000000e+00
      0.000000e+00
      0.000000e+00
      0.000000e+00
      0.000000e+00
      0.000000e+00
      0.000000e+00
      0.000000e+00
      0.000000e+00
      0.000000e+00
      0.000000e+00
      0.000000e+00
      0.000000e+00
      0.000000e+00
      0.000000e+00
      0.000000e+00
      0.000000e+00
      0.000000e+00
      0.000000e+00
      0.000000e+00
      0.000000e+00
      0.000000e+00
      0.000000e+00
      0.000000e+00
      0.000000e+00
      0.000000e+00
      0.000000e+00
      0.000000e+00
      0.000000e+00
      0.000000e+00
      0.000000e+00
      0.000000e+00
      0.000000e+00
      0.000000e+00
      0.000000e+00
      0.000000e+00
      0.000000e+00
      0.000000e+00
      0.000000e+00
      0.000000e+00
      0.000000e+00
      0.000000e+00
      0.000000e+00
      0.000000e+00
      0.000000e+00
      0.000000e+00
      0.000000e+00
      0.000000e+00
      0.000000e+00
      0.000000e+00
      0.000000e+00
      0.000000e+00
      0.000000e+00
      0.000000e+00
      0.000000e+00
      0.000000e+00
      0.000000e+00
