      0.000000e+00
      0.000000e+00
     -2.157142e-21
     -1.063257e-20
     -2.375678e-20
     -2.510891e-20
     -1.248140e-20
      1.372910e-20
      3.610821e-20
      6.038030e-21
     -2.648204e-20
      1.378104e-20
      4.859702e-20
     -3.680236e-19
      3.994455e-18
      8.110287e-17
     -6.037016e-15
      1.823572e-13
     -3.382115e-12
      3.408838e-11
      5.526874e-11
     -7.489803e-09
      1.074821e-07
     -5.698317e-07
     -1.088260e-06
      1.370695e-05
      5.715699e-05
      9.688224e-05
      7.366828e-05
     -1.418129e-05
     -1.009841e-04
     -1.394397e-04
     -1.331416e-04
     -8.590287e-05
      1.315096e-06
      8.234631e-05
      9.622198e-05
      5.039584e-05
      6.631833e-06
     -4.526365e-06
     -1.223408e-07
      1.592773e-06
      2.650922e-07
     -3.085849e-07
     -7.528320e-08
      5.022431e-08
      1.537483e-08
     -6.991336e-09
     -2.815497e-09
      6.318379e-10
      4.771970e-10
      4.290515e-10
      1.981746e-09
      1.546389e-10
     -1.403188e-08
     -2.224915e-08
      6.926479e-08
      2.317223e-07
     -2.294411e-07
     -1.918676e-06
     -1.832017e-06
      4.651051e-06
      3.231887e-06
     -5.552566e-05
     -2.103087e-04
     -4.046874e-04
     -5.003384e-04
     -4.104614e-04
     -1.722955e-04
      1.197527e-04
      3.741968e-04
      4.968975e-04
      4.330683e-04
      2.463789e-04
      7.781133e-05
      4.631769e-06
     -3.596640e-06
      1.458353e-07
      2.046131e-07
     -5.430746e-08
      6.675726e-09
     -4.426051e-10
      8.620267e-12
      1.446865e-12
     -1.918694e-13
      1.392600e-14
     -7.389730e-16
      3.119641e-17
     -1.090261e-18
      3.228243e-20
     -8.222123e-22
      1.820402e-23
     -3.530442e-25
      6.031098e-27
     -9.112368e-29
      1.221138e-30
     -1.454037e-32
      1.539695e-34
     -1.449846e-36
      0.000000e+00
      0.000000e+00
