      0.000000e+00
      0.000000e+00
     -2.207836e-21
     -2.251671e-21
     -1.894937e-22
     -6.149030e-21
     -2.120780e-20
     -2.827356e-20
     -2.843544e-20
     -3.956628e-20
     -4.712170e-20
     -2.963854e-20
     -1.013277e-20
     -1.536425e-20
     -3.024700e-20
     -2.823724e-20
     -9.584681e-21
      9.167226e-21
      2.445204e-20
      3.368157e-20
      1.074476e-20
     -5.170894e-20
     -1.015849e-19
     -9.137930e-20
     -5.050885e-20
     -3.808776e-20
     -4.479744e-20
     -2.473433e-20
      1.491638e-21
     -9.166185e-21
     -3.756720e-20
     -6.689101e-20
     -1.115153e-19
     -5.784227e-20
     -1.103580e-18
      1.629097e-17
     -2.098154e-16
      2.194541e-15
     -1.693927e-14
      6.851559e-14
      3.637382e-13
     -8.943077e-12
      7.341188e-11
     -2.500975e-10
     -6.209892e-10
      7.491658e-09
      1.393667e-09
     -1.383583e-07
     -2.174988e-07
      1.593199e-06
      9.560731e-06
      2.799155e-05
      5.617964e-05
      8.584579e-05
      1.045910e-04
      1.023917e-04
      7.610975e-05
      3.068020e-05
     -2.249135e-05
     -7.033297e-05
     -1.044519e-04
     -1.240542e-04
     -1.331045e-04
     -1.353615e-04
     -1.314842e-04
     -1.186462e-04
     -9.227650e-05
     -5.034706e-05
      2.184941e-06
      5.355111e-05
      9.063437e-05
      1.050418e-04
      9.612630e-05
      7.098045e-05
      4.149449e-05
      1.843743e-05
      6.030117e-06
      1.751489e-06
      8.883559e-07
      5.742872e-07
      2.256312e-07
      2.675497e-08
     -6.203522e-09
      6.266184e-09
      6.492048e-09
      1.065827e-09
     -6.212095e-10
     -1.332636e-10
      1.104114e-10
      3.280384e-11
     -1.136702e-11
     -4.092257e-12
      9.697883e-13
      1.131226e-13
     -2.078834e-13
      9.345871e-15
      2.919222e-14
     -9.324313e-15
     -7.763628e-15
      2.121970e-16
      1.213570e-15
      1.880882e-15
      6.923820e-15
      5.323064e-15
     -2.742529e-14
     -7.357597e-14
      6.854795e-14
      6.385807e-13
      9.432252e-13
     -1.289354e-12
     -7.588395e-12
     -1.336479e-11
      2.370051e-12
      6.410675e-11
     -3.216170e-11
     -1.218836e-09
     -4.377278e-09
     -6.762420e-09
     -5.734139e-09
     -3.248136e-08
     -1.935654e-07
     -6.075875e-07
     -1.258925e-06
     -2.341648e-06
     -5.868614e-06
     -1.789410e-05
     -4.847649e-05
     -1.070090e-04
     -1.949445e-04
     -3.014300e-04
     -4.052843e-04
     -4.819082e-04
     -5.116113e-04
     -4.862036e-04
     -4.108445e-04
     -2.997118e-04
     -1.684199e-04
     -2.872899e-05
      1.117531e-04
      2.465198e-04
      3.665860e-04
      4.587300e-04
      5.078227e-04
      5.034330e-04
      4.466417e-04
      3.518207e-04
      2.421393e-04
      1.416195e-04
      6.718129e-05
      2.373753e-05
      5.051150e-06
      3.566373e-08
     -2.822339e-07
     -2.208487e-08
      2.077834e-08
      9.918125e-10
     -1.532880e-09
      1.480860e-10
      5.826986e-11
     -2.103310e-11
      3.282675e-12
     -2.528096e-13
     -6.310834e-15
      4.925453e-15
     -8.340625e-16
      9.584022e-17
     -8.692838e-18
      6.593875e-19
     -4.312650e-20
      2.478871e-21
     -1.268780e-22
      5.839141e-24
     -2.434300e-25
      9.247369e-27
     -3.216199e-28
      1.028089e-29
     -3.030124e-31
      8.255809e-33
     -2.083715e-34
      4.879887e-36
     -1.061699e-37
      2.147601e-39
     -4.040238e-41
      7.067610e-43
     -1.148626e-44
      1.731308e-46
     -2.413032e-48
      3.094484e-50
     -3.620849e-52
      3.808118e-54
     -3.493107e-56
      2.594002e-58
     -1.158192e-60
     -6.264480e-63
      2.468592e-64
     -4.050166e-66
      5.115337e-68
     -5.537892e-70
      5.342704e-72
      0.000000e+00
      0.000000e+00
