      0.000000e+00
      0.000000e+00
     -1.975073e-23
     -3.442894e-22
     -7.372148e-22
     -1.062203e-21
     -1.161216e-21
     -9.561138e-22
     -6.867571e-22
     -1.092210e-21
     -3.117001e-21
     -7.105523e-21
     -1.213168e-20
     -1.620112e-20
     -1.735776e-20
     -1.497288e-20
     -1.029356e-20
     -5.703438e-21
     -3.080780e-21
     -2.695717e-21
     -3.882405e-21
     -6.605955e-21
     -1.133741e-20
     -1.655827e-20
     -1.751033e-20
     -1.028039e-20
      1.368003e-21
      5.863721e-21
     -4.703946e-21
     -2.199483e-20
     -2.552438e-20
     -4.837846e-21
      2.432791e-20
      3.339804e-20
      1.316345e-20
     -1.326877e-20
     -1.585605e-20
      6.231540e-21
      2.108779e-20
     -2.372797e-22
     -4.823843e-20
     -8.081563e-20
     -6.745131e-20
     -2.551207e-20
     -6.152577e-21
     -3.883271e-20
     -9.302536e-20
     -1.049215e-19
     -4.649834e-20
      3.956042e-20
      8.241918e-20
      5.700839e-20
      5.112991e-21
     -1.684826e-20
      3.294769e-21
      3.503448e-20
      5.195931e-20
      5.616032e-20
      5.665731e-20
      4.724865e-20
      2.165103e-20
     -2.084872e-21
      5.875009e-21
      4.903806e-20
      9.452113e-20
      1.061079e-19
      7.691703e-20
      2.556888e-20
     -2.736769e-20
     -6.976442e-20
     -9.436042e-20
     -9.880676e-20
     -8.848832e-20
     -7.023576e-20
     -4.370676e-20
     -6.920813e-21
      3.109484e-20
      5.487429e-20
      6.361779e-20
      7.644882e-20
      1.064342e-19
      1.359488e-19
      1.324165e-19
      9.063248e-20
      4.690252e-20
      4.195643e-20
      7.497796e-20
      1.036391e-19
      8.960944e-20
      3.787188e-20
     -9.816436e-21
     -1.541270e-20
      2.301982e-20
      7.457383e-20
      1.063972e-19
      1.106554e-19
      1.028083e-19
      9.794152e-20
      9.564744e-20
      8.976269e-20
      8.369161e-20
      8.530831e-20
      8.874157e-20
      7.364531e-20
      2.922226e-20
     -2.574903e-20
     -5.310909e-20
     -2.769556e-20
      3.730047e-20
      9.315601e-20
      8.738934e-20
      4.795426e-21
     -1.149242e-19
     -2.034583e-19
     -2.161292e-19
     -1.644537e-19
     -1.003938e-19
     -6.822656e-20
     -6.722258e-20
     -5.748662e-20
     -4.106582e-21
      8.158026e-20
      1.472154e-19
      1.506178e-19
      1.053898e-19
      7.133464e-20
      9.683636e-20
      1.682340e-19
      2.134453e-19
      1.610407e-19
      1.125047e-20
     -1.439121e-19
     -1.868313e-19
     -8.407031e-20
      6.755850e-20
      1.226667e-19
      2.509520e-20
     -1.424642e-19
     -2.468663e-19
     -2.281789e-19
     -1.329452e-19
     -4.805455e-20
     -2.068849e-20
     -3.104882e-20
     -2.267769e-20
      3.718536e-20
      1.131556e-19
      1.247330e-19
      3.285780e-20
     -9.998958e-20
     -1.582080e-19
     -8.752335e-20
      5.224244e-20
      1.506448e-19
      1.469784e-19
      6.435773e-20
     -3.188730e-20
     -8.646519e-20
     -7.358789e-20
      3.512233e-21
      1.113429e-19
      1.925105e-19
      1.966855e-19
      1.196128e-19
      9.323675e-21
     -7.348947e-20
     -1.036645e-19
     -1.017908e-19
     -1.023243e-19
     -1.162636e-19
     -1.225864e-19
     -9.264123e-20
     -2.653395e-20
      3.179674e-20
      2.688603e-20
     -4.578353e-20
     -1.152809e-19
     -9.693238e-20
      1.271268e-20
      1.212395e-19
      1.368408e-19
      6.875126e-20
      1.343773e-20
      4.490159e-20
      1.366494e-19
      1.942975e-19
      1.497116e-19
      1.843401e-20
     -1.180986e-19
     -1.737260e-19
     -1.157475e-19
      1.226094e-20
      1.217447e-19
      1.504326e-19
      1.132473e-19
      7.753154e-20
      8.516862e-20
      1.093472e-19
      9.739531e-20
      4.818964e-20
      2.563996e-20
      8.200441e-20
      1.801618e-19
      2.194666e-19
      1.464612e-19
      1.633618e-20
     -7.244123e-20
     -8.307660e-20
     -5.355503e-20
     -2.556149e-20
     -5.601075e-21
      1.703799e-20
      3.580682e-20
     -7.229462e-20
     -2.496810e-19
      5.484315e-19
      1.141957e-18
     -6.405621e-18
     -8.167711e-18
      5.917525e-17
      8.231387e-17
     -4.805974e-16
     -1.028223e-15
      3.066189e-15
      1.208925e-14
     -7.273940e-15
     -1.079001e-13
     -1.538621e-13
      4.829121e-13
      2.337311e-12
      2.781786e-12
     -8.690965e-12
     -4.793507e-11
     -1.055314e-10
     -5.839146e-11
      5.065830e-10
      2.584403e-09
      8.195068e-09
      2.103604e-08
      4.741901e-08
      9.754074e-08
      1.870541e-07
      3.387864e-07
      5.843542e-07
      9.653858e-07
      1.534099e-06
      2.353053e-06
      3.493970e-06
      5.035625e-06
      7.060847e-06
      9.652777e-06
      1.289058e-05
      1.684489e-05
      2.157323e-05
      2.711575e-05
      3.349152e-05
      4.069562e-05
      4.869716e-05
      5.743838e-05
      6.683474e-05
      7.677599e-05
      8.712815e-05
      9.773605e-05
      1.084263e-04
      1.190108e-04
      1.292896e-04
      1.390546e-04
      1.480920e-04
      1.561857e-04
      1.631194e-04
      1.686792e-04
      1.726560e-04
      1.748486e-04
      1.750663e-04
      1.731327e-04
      1.688900e-04
      1.622039e-04
      1.529690e-04
      1.411151e-04
      1.266139e-04
      1.094861e-04
      8.980747e-05
      6.771645e-05
      4.341950e-05
      1.719658e-05
     -1.059487e-05
     -3.951723e-05
     -6.905191e-05
     -9.860074e-05
     -1.274903e-04
     -1.549799e-04
     -1.802753e-04
     -2.025484e-04
     -2.209670e-04
     -2.347359e-04
     -2.431516e-04
     -2.456723e-04
     -2.420011e-04
     -2.321746e-04
     -2.166427e-04
     -1.963160e-04
     -1.725506e-04
     -1.470457e-04
     -1.216485e-04
     -9.809645e-05
     -7.776256e-05
     -6.148411e-05
     -4.952970e-05
     -4.170447e-05
     -3.753497e-05
     -3.645307e-05
     -3.791959e-05
     -4.147423e-05
     -4.673502e-05
     -5.337929e-05
     -6.112660e-05
     -6.972812e-05
     -7.895952e-05
     -8.861463e-05
     -9.849932e-05
     -1.084266e-04
     -1.182126e-04
     -1.276748e-04
     -1.366299e-04
     -1.448943e-04
     -1.522850e-04
     -1.586213e-04
     -1.637284e-04
     -1.674409e-04
     -1.696071e-04
     -1.700935e-04
     -1.687891e-04
     -1.656095e-04
     -1.605001e-04
     -1.534386e-04
     -1.444361e-04
     -1.335379e-04
     -1.208226e-04
     -1.064006e-04
     -9.041182e-05
     -7.302279e-05
     -5.442365e-05
     -3.482490e-05
     -1.445427e-05
      6.446103e-06
      2.762219e-05
      4.881033e-05
      6.973917e-05
      9.013157e-05
      1.097066e-04
      1.281816e-04
      1.452752e-04
      1.607108e-04
      1.742207e-04
      1.855518e-04
      1.944719e-04
      2.007774e-04
      2.043017e-04
      2.049250e-04
      2.025841e-04
      1.972834e-04
      1.891051e-04
      1.782198e-04
      1.648951e-04
      1.495013e-04
      1.325133e-04
      1.145042e-04
      9.612882e-05
      7.809237e-05
      6.110270e-05
      4.580580e-05
      3.271152e-05
      2.212349e-05
      1.409427e-05
      8.425927e-06
      4.724863e-06
      2.498605e-06
      1.262849e-06
      6.224417e-07
      3.048124e-07
      1.491179e-07
      7.226232e-08
      3.448736e-08
      1.647516e-08
      8.176453e-09
      4.328872e-09
      2.420454e-09
      1.392138e-09
      8.145067e-10
      4.892514e-10
      3.072961e-10
      2.043316e-10
      1.427865e-10
      1.024525e-10
      7.420247e-11
      5.439556e-11
      4.088139e-11
      3.161728e-11
      2.493344e-11
      1.986281e-11
      1.596759e-11
      1.299635e-11
      1.071904e-11
      8.936098e-12
      7.511262e-12
      6.361464e-12
      5.428994e-12
      4.666825e-12
      4.037284e-12
      3.512417e-12
      3.071683e-12
      2.699188e-12
      2.382219e-12
      2.110668e-12
      1.876561e-12
      1.673543e-12
      1.496472e-12
      1.341155e-12
      1.204167e-12
      1.082693e-12
      9.744035e-13
      8.773649e-13
      7.899617e-13
      7.108424e-13
      6.388734e-13
      5.731035e-13
      5.127364e-13
      4.571086e-13
      4.056730e-13
      3.579861e-13
      3.136988e-13
      2.725486e-13
      2.343539e-13
      1.990092e-13
      1.664780e-13
      1.367851e-13
      1.100035e-13
      8.623526e-14
      6.558568e-14
      4.812890e-14
      3.386928e-14
      2.270411e-14
      1.439825e-14
      8.582792e-15
      4.785870e-15
      2.492740e-15
      1.218030e-15
      5.652036e-16
      2.539111e-16
      1.126021e-16
      4.979994e-17
      2.200528e-17
      9.815098e-18
      4.560339e-18
      2.281173e-18
      1.226316e-18
      6.876601e-19
      3.900583e-19
      2.225207e-19
      1.266331e-19
      4.562166e-20
     -4.802676e-20
     -1.171408e-19
     -1.146624e-19
     -5.770520e-20
     -1.184311e-20
     -5.086549e-21
      6.010934e-21
      4.088482e-20
      4.876198e-20
      1.914277e-20
      1.278815e-20
      4.426824e-20
      5.372950e-20
      1.596766e-20
     -1.095967e-20
      1.731333e-20
      5.558357e-20
      4.389528e-20
     -5.006059e-22
     -1.466693e-20
      2.543819e-20
      8.515490e-20
      1.158192e-19
      8.620275e-20
      2.728583e-22
     -7.875802e-20
     -7.434332e-20
      2.467067e-21
      6.218357e-20
      5.431783e-20
      3.361299e-21
     -5.761251e-20
     -1.115688e-19
     -1.425810e-19
     -1.511865e-19
     -1.517226e-19
     -1.434682e-19
     -1.219512e-19
     -9.946678e-20
     -8.352734e-20
      1.574808e-19
      1.992727e-19
      1.282512e-19
      9.324391e-21
     -4.141150e-20
     -5.434219e-20
     -1.124111e-19
     -1.866955e-19
     -1.879967e-19
     -9.514126e-20
      3.078554e-20
      1.013386e-19
      5.456695e-20
     -8.646121e-20
     -2.069083e-19
     -2.107065e-19
     -1.326152e-19
     -7.040550e-20
     -3.826857e-20
     -2.515056e-21
     -1.309759e-21
     -6.536034e-20
     -9.167562e-20
      1.656598e-20
      1.504757e-19
      1.279704e-19
     -2.357766e-20
     -1.057422e-19
     -3.857833e-20
      5.639026e-20
      5.577850e-20
     -1.749050e-20
     -7.176973e-20
     -6.799340e-20
     -2.318751e-20
      3.896103e-20
      1.026120e-19
      1.489655e-19
      1.464020e-19
      5.827153e-20
     -1.078652e-19
     -2.849900e-19
     -4.426825e-19
     -6.573866e-19
     -1.083933e-18
     -2.049675e-18
     -4.381378e-18
     -9.886736e-18
     -2.234881e-17
     -5.012152e-17
     -1.124398e-16
     -2.529900e-16
     -5.637753e-16
     -1.216823e-15
     -2.492407e-15
     -4.786523e-15
     -8.584069e-15
     -1.439962e-14
     -2.270515e-14
     -3.386982e-14
     -4.812900e-14
     -6.558546e-14
     -8.623484e-14
     -1.100030e-13
     -1.367846e-13
     -1.664776e-13
     -1.990089e-13
     -2.343538e-13
     -2.725486e-13
     -3.136990e-13
     -3.579864e-13
     -4.056733e-13
     -4.571088e-13
     -5.127366e-13
     -5.731038e-13
     -6.388738e-13
     -7.108430e-13
     -7.899625e-13
     -8.773658e-13
     -9.744046e-13
     -1.082694e-12
     -1.204168e-12
     -1.341158e-12
     -1.496477e-12
     -1.673549e-12
     -1.876562e-12
     -2.110666e-12
     -2.382242e-12
     -2.699249e-12
     -3.071700e-12
     -3.512289e-12
     -4.037220e-12
     -4.667358e-12
     -5.429907e-12
     -6.360851e-12
     -7.508125e-12
     -8.935656e-12
     -1.072973e-11
     -1.301092e-11
     -1.595317e-11
     -1.980617e-11
     -2.491857e-11
     -3.178360e-11
     -4.116183e-11
     -5.432619e-11
     -7.340286e-11
     -1.017460e-10
     -1.444661e-10
     -2.098481e-10
     -3.136827e-10
     -4.898943e-10
     -8.096230e-10
     -1.407305e-09
     -2.523886e-09
     -4.637111e-09
     -8.847739e-09
     -1.773019e-08
     -3.681754e-08
     -7.720246e-08
     -1.611598e-07
     -3.350170e-07
     -6.940215e-07
     -1.418686e-06
     -2.810646e-06
     -5.305528e-06
     -9.441661e-06
     -1.578095e-05
     -2.480269e-05
     -3.680634e-05
     -5.185491e-05
     -6.977153e-05
     -9.018067e-05
     -1.125737e-04
     -1.363783e-04
     -1.610173e-04
     -1.859509e-04
     -2.107030e-04
     -2.348726e-04
     -2.581364e-04
     -2.802446e-04
     -3.010132e-04
     -3.203148e-04
     -3.380695e-04
     -3.542361e-04
     -3.688037e-04
     -3.817853e-04
     -3.932112e-04
     -4.031247e-04
     -4.115775e-04
     -4.186265e-04
     -4.243313e-04
     -4.287522e-04
     -4.319484e-04
     -4.339772e-04
     -4.348936e-04
     -4.347494e-04
     -4.335938e-04
     -4.314729e-04
     -4.284309e-04
     -4.245095e-04
     -4.197493e-04
     -4.141896e-04
     -4.078691e-04
     -4.008260e-04
     -3.930983e-04
     -3.847236e-04
     -3.757391e-04
     -3.661810e-04
     -3.560841e-04
     -3.454810e-04
     -3.344011e-04
     -3.228700e-04
     -3.109079e-04
     -2.985289e-04
     -2.857393e-04
     -2.725372e-04
     -2.589106e-04
     -2.448367e-04
     -2.302807e-04
     -2.151945e-04
     -1.995155e-04
     -1.831658e-04
     -1.660497e-04
     -1.480524e-04
     -1.290365e-04
     -1.088388e-04
     -8.726540e-05
     -6.408720e-05
     -3.902998e-05
     -1.175855e-05
      1.814112e-05
      5.116142e-05
      8.782253e-05
      1.285493e-04
      1.734885e-04
      2.223242e-04
      2.741724e-04
      3.276115e-04
      3.808516e-04
      4.319871e-04
      4.792525e-04
      5.212155e-04
      5.568781e-04
      5.856893e-04
      6.074974e-04
      6.224694e-04
      6.310026e-04
      6.336439e-04
      6.310223e-04
      6.237981e-04
      6.126263e-04
      5.981328e-04
      5.808998e-04
      5.614576e-04
      5.402825e-04
      5.177963e-04
      4.943689e-04
      4.703217e-04
      4.459314e-04
      4.214343e-04
      3.970306e-04
      3.728883e-04
      3.491471e-04
      3.259219e-04
      3.033064e-04
      2.813758e-04
      2.601900e-04
      2.397958e-04
      2.202292e-04
      2.015175e-04
      1.836808e-04
      1.667334e-04
      1.506851e-04
      1.355417e-04
      1.213059e-04
      1.079773e-04
      9.555280e-05
      8.402624e-05
      7.338854e-05
      6.362718e-05
      5.472598e-05
      4.666473e-05
      3.941892e-05
      3.295957e-05
      2.725312e-05
      2.226154e-05
      1.794253e-05
      1.424997e-05
      1.113442e-05
      8.543896e-06
      6.424706e-06
      4.722381e-06
      3.382690e-06
      2.352667e-06
      1.581604e-06
      1.021981e-06
      6.302809e-07
      3.676630e-07
      2.004614e-07
      1.005076e-07
      4.524117e-08
      1.756827e-08
      5.421614e-09
      1.016690e-09
     -1.198881e-10
     -1.944520e-10
     -8.075151e-11
     -1.202531e-11
      5.264312e-12
      3.566599e-12
      5.852805e-13
     -2.637205e-13
     -1.479077e-13
     -4.437979e-15
      1.716103e-14
      3.761955e-15
     -1.462771e-15
     -6.319202e-16
      1.080133e-16
      8.029902e-17
     -8.764231e-18
     -9.100305e-18
      1.054261e-18
      9.457165e-19
     -1.698211e-19
     -8.436123e-20
      2.672221e-20
      4.970283e-21
     -3.432701e-21
      1.276077e-22
      3.039737e-22
     -7.948109e-23
     -8.875264e-24
      9.565945e-24
     -1.911265e-24
     -2.618403e-25
      2.483300e-25
     -6.196133e-26
      1.514610e-27
      4.454649e-27
     -1.851526e-27
      4.026689e-28
     -2.833834e-29
     -1.747100e-29
      9.791259e-30
     -3.237322e-30
      8.430810e-31
     -1.874085e-31
      3.684952e-32
     -6.533858e-33
      1.056631e-33
     -1.568644e-34
      2.143933e-35
     -2.695396e-36
      3.099210e-37
     -3.212300e-38
      2.900438e-39
     -2.070859e-40
      7.006991e-42
      1.147257e-42
     -3.327028e-43
      5.630521e-44
     -7.822478e-45
      9.680768e-46
     -1.103252e-46
      1.177833e-47
     -1.190053e-48
      1.145583e-49
     -1.055621e-50
      9.343927e-52
     -7.966475e-53
      6.556331e-54
     -5.217826e-55
      4.021666e-56
     -3.005875e-57
      2.181086e-58
     -1.537953e-59
      1.054791e-60
     -7.041892e-62
      4.579594e-63
     -2.903133e-64
      1.795039e-65
     -1.083160e-66
      6.381906e-68
     -3.673324e-69
      2.066415e-70
     -1.136610e-71
      6.115282e-73
     -3.219572e-74
      1.659255e-75
     -8.373555e-77
      4.139324e-78
     -2.004962e-79
      9.518481e-81
     -4.430331e-82
      2.022220e-83
     -9.054323e-85
      3.977642e-86
     -1.714905e-87
      7.257676e-89
     -3.015731e-90
      1.230598e-91
     -4.932369e-93
      1.942204e-94
     -7.514765e-96
      2.857559e-97
     -1.068094e-98
     3.924927e-100
    -1.418180e-101
     5.039375e-103
    -1.761300e-104
     6.055702e-106
    -2.048481e-107
     6.818590e-109
    -2.233625e-110
     7.201687e-112
    -2.285707e-113
     7.142028e-115
    -2.197291e-116
     6.656831e-118
    -1.986136e-119
     5.836573e-121
    -1.689503e-122
     4.817872e-124
    -1.353595e-125
     3.747141e-127
    -1.022183e-128
     2.747975e-130
    -7.280969e-132
     1.901490e-133
    -4.895107e-135
     1.242302e-136
    -3.108292e-138
     7.667924e-140
    -1.865202e-141
     4.473994e-143
    -1.058317e-144
     2.468961e-146
    -5.680911e-148
     1.289298e-149
    -2.886324e-151
     6.374083e-153
    -1.388657e-154
     2.984689e-156
    -6.329250e-158
     1.324266e-159
    -2.733939e-161
     5.569446e-163
    -1.119602e-164
     2.221067e-166
    -4.348339e-168
     8.401658e-170
    -1.602147e-171
     3.015436e-173
    -5.601736e-175
     1.027149e-176
    -1.859065e-178
     3.321380e-180
    -5.857553e-182
     1.019760e-183
    -1.752562e-185
     2.973384e-187
    -4.980111e-189
     8.234637e-191
    -1.344230e-192
     2.166367e-194
    -3.446864e-196
     5.414439e-198
    -8.396975e-200
     1.285683e-201
    -1.943513e-203
     2.900566e-205
    -4.273843e-207
     6.217161e-209
    -8.928928e-211
     1.266004e-212
    -1.772117e-214
     2.448855e-216
    -3.340699e-218
     4.498870e-220
    -5.980641e-222
     7.847920e-224
    -1.016496e-225
     1.299514e-227
    -1.639671e-229
     2.041768e-231
    -2.508995e-233
     3.042306e-235
    -3.639797e-237
     4.296143e-239
    -5.002164e-241
     5.744579e-243
    -6.506013e-245
     7.265308e-247
    -7.998166e-249
     8.678118e-251
    -9.277795e-253
     9.770432e-255
    -1.013151e-256
     1.034038e-258
    -1.038182e-260
     1.024726e-262
    -9.935666e-265
     9.453900e-267
    -8.816571e-269
     8.045325e-271
    -7.167628e-273
     6.215154e-275
    -5.221887e-277
     4.222114e-279
    -3.248458e-281
     2.330120e-283
    -1.491461e-285
     7.510026e-288
    -1.209194e-290
    -3.929984e-292
     7.909409e-294
    -1.078316e-295
     1.264730e-297
    -1.362823e-299
     1.387073e-301
    -1.352662e-303
     1.274492e-305
    -1.166389e-307
     1.040539e-309
    -9.071369e-312
     7.742549e-314
    -6.478723e-316
     5.320450e-318
    -4.291454e-320
     3.359646e-322
      0.000000e+00
      0.000000e+00
      0.000000e+00
      0.000000e+00
      0.000000e+00
      0.000000e+00
      0.000000e+00
      0.000000e+00
      0.000000e+00
