      0.000000e+00
      0.000000e+00
     -9.281945e-22
     -8.628065e-22
     -6.905121e-22
     -4.789350e-22
     -2.930973e-22
     -1.238762e-22
      9.534805e-23
      4.185663e-22
      8.096743e-22
      1.121056e-21
      1.159475e-21
      8.092107e-22
      1.329617e-22
     -6.268341e-22
     -1.163103e-21
     -1.272042e-21
     -9.703347e-22
     -4.921939e-22
     -1.775915e-22
     -3.231997e-22
     -1.063445e-21
     -2.305018e-21
     -3.717728e-21
     -4.810035e-21
     -5.130530e-21
     -4.562333e-21
     -3.538396e-21
     -2.947077e-21
     -3.655128e-21
     -5.895390e-21
     -8.981999e-21
     -1.166509e-20
     -1.295142e-20
     -1.277785e-20
     -1.196147e-20
     -1.142074e-20
     -1.131615e-20
     -1.089264e-20
     -9.224646e-21
     -6.234053e-21
     -3.029164e-21
     -1.155648e-21
     -1.326862e-21
     -2.735460e-21
     -3.618749e-21
     -2.700959e-21
     -3.841567e-22
      1.248520e-21
     -3.674708e-22
     -6.685827e-21
     -1.698716e-20
     -2.829259e-20
     -3.621589e-20
     -3.654154e-20
     -2.719713e-20
     -9.897971e-21
      9.670442e-21
      2.396040e-20
      2.743506e-20
      2.007541e-20
      7.996431e-21
      2.173200e-22
      3.260854e-21
      1.696177e-20
      3.424343e-20
      4.506694e-20
      4.210990e-20
      2.478708e-20
     -5.603668e-22
     -2.410930e-20
     -3.747467e-20
     -3.746717e-20
     -2.707190e-20
     -1.367994e-20
     -5.787173e-21
     -9.560029e-21
     -2.621375e-20
     -5.081906e-20
     -7.320213e-20
     -8.141047e-20
     -6.706048e-20
     -3.014714e-20
      1.979696e-20
      6.761500e-20
      9.957502e-20
      1.092574e-19
      9.886210e-20
      7.604666e-20
      4.944656e-20
      2.592228e-20
      9.857447e-21
      2.678326e-21
      1.539178e-21
     -1.258610e-21
     -1.548895e-20
     -4.670104e-20
     -9.027368e-20
     -1.311502e-19
     -1.512056e-19
     -1.402159e-19
     -1.027946e-19
     -5.584133e-20
     -1.776584e-20
      3.029913e-21
      1.211831e-20
      2.260397e-20
      4.317641e-20
      6.981049e-20
      8.769131e-20
      8.231541e-20
      5.167455e-20
      1.024457e-20
     -1.883412e-20
     -1.851703e-20
      1.051666e-20
      4.959405e-20
      7.364177e-20
      6.691556e-20
      3.223769e-20
     -1.228239e-20
     -4.620779e-20
     -5.993181e-20
     -5.897016e-20
     -5.724518e-20
     -6.517614e-20
     -8.151312e-20
     -9.442233e-20
     -9.054930e-20
     -6.562612e-20
     -2.962573e-20
     -3.119724e-21
     -6.780306e-21
     -4.992011e-20
     -1.245306e-19
     -2.081403e-19
     -2.737522e-19
     -3.012541e-19
     -2.844487e-19
     -2.310989e-19
     -1.575843e-19
     -8.206493e-20
     -1.942080e-20
      2.109398e-20
      3.645013e-20
      2.980655e-20
      9.696413e-21
     -1.268731e-20
     -2.839510e-20
     -3.567639e-20
     -4.115096e-20
     -5.488449e-20
     -8.163760e-20
     -1.145819e-19
     -1.370916e-19
     -1.324133e-19
     -9.462154e-20
     -3.295003e-20
      3.322771e-20
      8.430456e-20
      1.078404e-19
      9.962117e-20
      6.078544e-20
     -3.669115e-21
     -8.267145e-20
     -1.565310e-19
     -2.000187e-19
     -1.933377e-19
     -1.357381e-19
     -5.152911e-20
      1.902418e-20
      4.139913e-20
      7.980245e-21
     -5.683584e-20
     -1.134130e-19
     -1.350614e-19
     -1.267461e-19
     -1.187745e-19
     -1.390032e-19
     -1.854234e-19
     -2.225401e-19
     -2.065768e-19
     -1.204448e-19
      9.767809e-21
      1.304782e-19
      1.957062e-19
      1.934204e-19
      1.440643e-19
      7.717591e-20
      9.788459e-21
     -5.509426e-20
     -1.137794e-19
     -1.511237e-19
     -1.482780e-19
     -1.021997e-19
     -3.580568e-20
      1.446967e-20
      2.464591e-20
     -1.220963e-22
     -3.230366e-20
     -4.468435e-20
     -2.881268e-20
      3.667507e-21
      3.263995e-20
      4.139957e-20
      2.187516e-20
     -2.425246e-20
     -8.474965e-20
     -1.384067e-19
     -1.631586e-19
     -1.483371e-19
     -1.013708e-19
     -4.190398e-20
      1.212726e-20
      5.392057e-20
      8.510591e-20
      1.060256e-19
      1.108361e-19
      9.304140e-20
      5.518467e-20
      1.176630e-20
     -1.858373e-20
     -2.494475e-20
     -9.673689e-21
      1.623694e-20
      4.274328e-20
      6.668389e-20
      9.013444e-20
      1.145112e-19
      1.367629e-19
      1.508113e-19
      1.519524e-19
      1.396288e-19
      1.165034e-19
      8.588709e-20
      5.079826e-20
      1.525092e-20
     -1.481609e-20
     -3.334415e-20
     -3.757900e-20
     -2.941237e-20
     -1.269869e-20
      1.083162e-20
      4.225396e-20
      8.113339e-20
      1.203289e-19
      1.461185e-19
      1.454644e-19
      1.151890e-19
      6.502554e-20
      1.117224e-20
     -3.470924e-20
     -7.168306e-20
     -1.054219e-19
     -1.375478e-19
     -1.587444e-19
     -1.534057e-19
     -1.132618e-19
     -4.809922e-20
      1.758264e-20
      6.152958e-20
      8.086028e-20
      9.375897e-20
      1.223554e-19
      1.702570e-19
      2.143690e-19
      2.195109e-19
      1.650292e-19
      6.227851e-20
     -5.038348e-20
     -1.300793e-19
     -1.520529e-19
     -1.184001e-19
     -5.184541e-20
      1.703633e-20
      6.150491e-20
      6.728257e-20
      3.820995e-20
     -3.644764e-21
     -2.687785e-20
     -6.827392e-21
      6.003434e-20
      1.529284e-19
      2.367644e-19
      2.784484e-19
      2.604890e-19
      1.873815e-19
      8.481154e-20
     -7.937985e-21
     -5.271187e-20
     -3.117507e-20
      4.221457e-20
      1.240439e-19
      1.644025e-19
      1.353275e-19
      4.612581e-20
     -6.447247e-20
     -1.517023e-19
     -1.855320e-19
     -1.565186e-19
     -7.008624e-20
      5.812838e-20
      1.995247e-19
      3.105715e-19
      3.454395e-19
      2.844917e-19
      1.591072e-19
      4.613411e-20
      2.430549e-20
      1.181961e-19
      2.732311e-19
      3.872023e-19
      3.800318e-19
      2.502310e-19
      7.426369e-20
     -5.036648e-20
     -7.330184e-20
     -1.936510e-20
      3.994982e-20
      4.340667e-20
     -1.967010e-20
     -1.106497e-19
     -1.746915e-19
     -1.766215e-19
     -1.170317e-19
     -2.564100e-20
      5.711920e-20
      9.826308e-20
      8.392737e-20
      2.273888e-20
     -5.965586e-20
     -1.336753e-19
     -1.811097e-19
     -2.036837e-19
     -2.178600e-19
     -2.376286e-19
     -2.575078e-19
     -2.512750e-19
     -1.922382e-19
     -8.244139e-20
      3.438610e-20
      9.380794e-20
      5.657388e-20
     -5.488634e-20
     -1.627771e-19
     -1.847263e-19
     -9.278117e-20
      6.556306e-20
      2.010971e-19
      2.441733e-19
      1.861902e-19
      7.398528e-20
     -3.043933e-20
     -8.877425e-20
     -9.724526e-20
     -7.119440e-20
     -2.479204e-20
      3.585851e-20
      1.054060e-19
      1.704973e-19
      2.116445e-19
      2.160383e-19
      1.899309e-19
      1.573370e-19
      1.421768e-19
      1.464371e-19
      1.441812e-19
      1.010089e-19
      6.292541e-21
     -1.094583e-19
     -1.907198e-19
     -1.965555e-19
     -1.307505e-19
     -3.556100e-20
      4.587684e-20
      1.046149e-19
      1.667003e-19
      2.599196e-19
      3.784048e-19
      4.785844e-19
      5.103893e-19
      4.554903e-19
      3.394893e-19
      2.101848e-19
      1.038500e-19
      2.836957e-20
     -2.742907e-20
     -7.333576e-20
     -1.073797e-19
     -1.219365e-19
     -1.150830e-19
     -9.328166e-20
     -6.377549e-20
     -2.702431e-20
      2.156883e-20
      8.261482e-20
      1.463542e-19
      1.954778e-19
      2.139598e-19
      1.938191e-19
      1.359242e-19
      4.789524e-20
     -5.646220e-20
     -1.564989e-19
     -2.272380e-19
     -2.475520e-19
     -2.106748e-19
     -1.302787e-19
     -3.742680e-20
      3.112104e-20
      4.845484e-20
      1.012653e-20
     -6.283315e-20
     -1.340842e-19
     -1.719544e-19
     -1.678399e-19
     -1.397249e-19
     -1.165761e-19
     -1.146424e-19
     -1.250877e-19
     -1.242344e-19
     -9.794864e-20
     -5.788150e-20
     -3.345764e-20
     -4.545242e-20
     -8.464215e-20
     -1.153855e-19
     -1.021812e-19
     -3.747503e-20
      5.129820e-20
      1.197726e-19
      1.353648e-19
      9.693909e-20
      3.446309e-20
     -9.229081e-21
     -3.439917e-21
      5.238843e-20
      1.280825e-19
      1.809439e-19
      1.824563e-19
      1.363861e-19
      7.588501e-20
      4.138954e-20
      5.416034e-20
      1.025544e-19
      1.491398e-19
      1.538757e-19
      9.939100e-20
      2.734638e-21
     -9.504616e-20
     -1.562139e-19
     -1.717574e-19
     -1.646416e-19
     -1.664827e-19
     -1.861268e-19
     -1.980151e-19
     -1.629031e-19
     -6.514088e-20
      6.521180e-20
      1.656575e-19
      1.812878e-19
      1.018285e-19
     -3.075425e-20
     -1.479905e-19
     -1.952375e-19
     -1.606851e-19
     -7.705753e-20
      2.194366e-21
      3.600285e-20
      1.785444e-20
     -2.551824e-20
     -5.626424e-20
     -5.201770e-20
     -1.811707e-20
      2.188041e-20
      4.748529e-20
      5.593952e-20
      5.960070e-20
      7.195123e-20
      9.732736e-20
      1.327317e-19
      1.756435e-19
      2.257465e-19
      2.773339e-19
      3.123892e-19
      3.065000e-19
      2.474218e-19
      1.515660e-19
      6.178233e-20
      2.329137e-20
      5.245439e-20
      1.210454e-19
      1.704013e-19
      1.499693e-19
      5.579135e-20
     -5.992548e-20
     -1.202616e-19
     -7.838639e-20
      4.338399e-20
      1.625171e-19
      1.910135e-19
      9.741408e-20
     -6.999656e-20
     -2.154604e-19
     -2.579446e-19
     -1.778503e-19
     -1.962957e-20
      1.428038e-19
      2.479663e-19
      2.704321e-19
      2.209916e-19
      1.332501e-19
      4.724559e-20
     -5.467182e-21
     -1.301524e-20
      1.379431e-20
      5.013017e-20
      7.320517e-20
      7.419825e-20
      5.706994e-20
      2.748058e-20
     -1.510139e-20
     -7.265341e-20
     -1.364060e-19
     -1.826951e-19
     -1.858272e-19
     -1.385741e-19
     -6.011744e-20
      1.832201e-20
      7.704355e-20
      1.166481e-19
      1.433370e-19
      1.488911e-19
      1.118127e-19
      2.354771e-20
     -8.721041e-20
     -1.630948e-19
     -1.592043e-19
     -8.114089e-20
      1.676981e-20
      7.332913e-20
      6.531355e-20
      1.729166e-20
     -2.734980e-20
     -4.417235e-20
     -4.187199e-20
     -4.611389e-20
     -7.189190e-20
     -1.080909e-19
     -1.243809e-19
     -9.388052e-20
     -1.566967e-20
      7.881461e-20
      1.426238e-19
      1.446885e-19
      9.314251e-20
      2.977844e-20
     -3.356620e-21
      1.564453e-21
      1.373100e-20
     -5.029659e-21
     -6.127641e-20
     -1.199389e-19
     -1.331991e-19
     -8.134132e-20
      1.186343e-20
      1.007383e-19
      1.523717e-19
      1.614665e-19
      1.369124e-19
      8.177480e-20
     -7.829756e-21
     -1.243732e-19
     -2.353244e-19
     -2.956312e-19
     -2.796184e-19
     -2.025764e-19
     -1.092911e-19
     -3.786009e-20
      8.516342e-21
      5.597520e-20
      1.266383e-19
      2.095366e-19
      2.636412e-19
      2.509343e-19
      1.702716e-19
      6.270941e-20
     -1.568923e-20
     -3.075029e-20
      1.159153e-20
      7.652785e-20
      1.284645e-19
      1.532102e-19
      1.597867e-19
      1.645782e-19
      1.728844e-19
      1.727597e-19
      1.451012e-19
      8.090780e-20
     -8.682656e-21
     -9.727402e-20
     -1.576425e-19
     -1.731328e-19
     -1.392607e-19
     -6.091620e-20
      4.575911e-20
      1.481391e-19
      2.016427e-19
      1.726132e-19
      6.721848e-20
     -6.106870e-20
     -1.409353e-19
     -1.323953e-19
     -5.621523e-20
      2.275119e-20
      4.577750e-20
      2.753472e-21
     -6.627692e-20
     -1.076589e-19
     -9.569623e-20
     -4.716609e-20
     -3.203570e-21
      1.733102e-21
     -3.994951e-20
     -1.091758e-19
     -1.748624e-19
     -2.118144e-19
     -2.130520e-19
     -1.909633e-19
     -1.652051e-19
     -1.430854e-19
     -1.075997e-19
     -2.798919e-20
      1.091102e-19
      2.720071e-19
      3.887470e-19
      3.902398e-19
      2.631675e-19
      6.983163e-20
     -8.567762e-20
     -1.232852e-19
     -3.636791e-20
      1.113453e-19
      2.365664e-19
      2.941355e-19
      2.983798e-19
      2.960563e-19
      3.170929e-19
      3.449438e-19
      3.309901e-19
      2.417212e-19
      1.001422e-19
     -1.589840e-20
     -2.489570e-20
      9.175412e-20
      2.613597e-19
      3.606463e-19
      3.026242e-19
      1.036840e-19
     -1.255818e-19
     -2.614996e-19
     -2.548029e-19
     -1.540988e-19
     -5.250469e-20
     -1.065018e-20
     -2.250039e-20
     -4.339491e-20
     -4.267408e-20
     -2.987393e-20
     -3.793904e-20
     -8.793938e-20
     -1.691874e-19
     -2.470529e-19
     -2.863695e-19
     -2.716690e-19
     -2.135531e-19
     -1.404784e-19
     -8.177425e-20
     -5.209341e-20
     -4.770934e-20
     -5.683457e-20
     -7.341313e-20
     -9.969125e-20
     -1.344460e-19
     -1.605059e-19
     -1.484568e-19
     -7.794769e-20
      4.087261e-20
      1.660885e-19
      2.470186e-19
      2.555198e-19
      2.027334e-19
      1.289509e-19
      7.347646e-20
      4.611173e-20
      2.222089e-20
     -3.285782e-20
     -1.277565e-19
     -2.276928e-19
     -2.740646e-19
     -2.288482e-19
     -1.081227e-19
      2.459245e-20
      1.015123e-19
      9.571067e-20
      3.256762e-20
     -3.881044e-20
     -8.736779e-20
     -1.195456e-19
     -1.622811e-19
     -2.272414e-19
     -2.895127e-19
     -3.013097e-19
     -2.314208e-19
     -9.860418e-20
      2.957638e-20
      7.524152e-20
      2.865572e-21
     -1.453822e-19
     -2.619919e-19
     -2.665664e-19
     -2.687462e-19
     -6.009881e-19
     -1.257024e-18
     -5.765003e-19
      5.127069e-18
      1.644251e-17
      1.691453e-17
     -3.859506e-17
     -1.924102e-16
     -3.515720e-16
     -6.503680e-17
      1.542058e-15
      5.051418e-15
      8.418738e-15
      2.853760e-15
     -3.079840e-14
     -1.179744e-13
     -2.643348e-13
     -3.858716e-13
     -1.679042e-13
      1.174915e-12
      5.260107e-12
      1.503269e-11
      3.539471e-11
      7.395945e-11
      1.419156e-10
      2.549865e-10
      4.344756e-10
      7.083956e-10
      1.112689e-09
      1.692559e-09
      2.503939e-09
      3.615140e-09
      5.108715e-09
      7.083601e-09
      9.657566e-09
      1.297002e-08
      1.718519e-08
      2.249573e-08
      2.912665e-08
      3.733970e-08
      4.743803e-08
      5.977113e-08
      7.474002e-08
      9.280254e-08
      1.144787e-07
      1.403562e-07
      1.710954e-07
      2.074345e-07
      2.501945e-07
      3.002833e-07
      3.587000e-07
      4.265380e-07
      5.049886e-07
      5.953425e-07
      6.989921e-07
      8.174320e-07
      9.522592e-07
      1.105172e-06
      1.277970e-06
      1.472550e-06
      1.690902e-06
      1.935108e-06
      2.207333e-06
      2.509824e-06
      2.844898e-06
      3.214937e-06
      3.622378e-06
      4.069707e-06
      4.559445e-06
      5.094138e-06
      5.676348e-06
      6.308638e-06
      6.993561e-06
      7.733647e-06
      8.531389e-06
      9.389233e-06
      1.030956e-05
      1.129466e-05
      1.234677e-05
      1.346797e-05
      1.466025e-05
      1.592548e-05
      1.726535e-05
      1.868143e-05
      2.017508e-05
      2.174752e-05
      2.339973e-05
      2.513253e-05
      2.694650e-05
      2.884201e-05
      3.081920e-05
      3.287796e-05
      3.501796e-05
      3.723860e-05
      3.953905e-05
      4.191821e-05
      4.437471e-05
      4.690696e-05
      4.951307e-05
      5.219092e-05
      5.493812e-05
      5.775205e-05
      6.062979e-05
      6.356824e-05
      6.656400e-05
      6.961347e-05
      7.271281e-05
      7.585797e-05
      7.904468e-05
      8.226845e-05
      8.552462e-05
      8.880833e-05
      9.211454e-05
      9.543805e-05
      9.877348e-05
      1.021153e-04
      1.054579e-04
      1.087955e-04
      1.121222e-04
      1.154320e-04
      1.187187e-04
      1.219762e-04
      1.251982e-04
      1.283783e-04
      1.315101e-04
      1.345872e-04
      1.376030e-04
      1.405511e-04
      1.434247e-04
      1.462174e-04
      1.489225e-04
      1.515334e-04
      1.540434e-04
      1.564461e-04
      1.587347e-04
      1.609027e-04
      1.629437e-04
      1.648510e-04
      1.666182e-04
      1.682390e-04
      1.697070e-04
      1.710159e-04
      1.721595e-04
      1.731318e-04
      1.739268e-04
      1.745385e-04
      1.749611e-04
      1.751891e-04
      1.752168e-04
      1.750389e-04
      1.746503e-04
      1.740459e-04
      1.732208e-04
      1.721705e-04
      1.708905e-04
      1.693767e-04
      1.676251e-04
      1.656321e-04
      1.633944e-04
      1.609089e-04
      1.581728e-04
      1.551839e-04
      1.519400e-04
      1.484396e-04
      1.446814e-04
      1.406647e-04
      1.363891e-04
      1.318546e-04
      1.270620e-04
      1.220123e-04
      1.167072e-04
      1.111488e-04
      1.053400e-04
      9.928401e-05
      9.298486e-05
      8.644713e-05
      7.967603e-05
      7.267746e-05
      6.545798e-05
      5.802484e-05
      5.038601e-05
      4.255017e-05
      3.452673e-05
      2.632585e-05
      1.795843e-05
      9.436153e-06
      7.714355e-07
     -8.022513e-06
     -1.693171e-05
     -2.594141e-05
     -3.503609e-05
     -4.419944e-05
     -5.341439e-05
     -6.266314e-05
     -7.192710e-05
     -8.118696e-05
     -9.042272e-05
     -9.961365e-05
     -1.087384e-04
     -1.177748e-04
     -1.267004e-04
     -1.354918e-04
     -1.441254e-04
     -1.525769e-04
     -1.608217e-04
     -1.688348e-04
     -1.765909e-04
     -1.840645e-04
     -1.912301e-04
     -1.980621e-04
     -2.045350e-04
     -2.106236e-04
     -2.163030e-04
     -2.215488e-04
     -2.263374e-04
     -2.306460e-04
     -2.344528e-04
     -2.377375e-04
     -2.404810e-04
     -2.426660e-04
     -2.442774e-04
     -2.453021e-04
     -2.457294e-04
     -2.455518e-04
     -2.447644e-04
     -2.433659e-04
     -2.413584e-04
     -2.387480e-04
     -2.355447e-04
     -2.317628e-04
     -2.274212e-04
     -2.225430e-04
     -2.171561e-04
     -2.112930e-04
     -2.049904e-04
     -1.982896e-04
     -1.912357e-04
     -1.838776e-04
     -1.762671e-04
     -1.684590e-04
     -1.605097e-04
     -1.524769e-04
     -1.444187e-04
     -1.363926e-04
     -1.284548e-04
     -1.206592e-04
     -1.130564e-04
     -1.056935e-04
     -9.861252e-05
     -9.185068e-05
     -8.543950e-05
     -7.940477e-05
     -7.376638e-05
     -6.853850e-05
     -6.372979e-05
     -5.934379e-05
     -5.537946e-05
     -5.183173e-05
     -4.869210e-05
     -4.594934e-05
     -4.359005e-05
     -4.159923e-05
     -3.996086e-05
     -3.865829e-05
     -3.767461e-05
     -3.699300e-05
     -3.659690e-05
     -3.647023e-05
     -3.659746e-05
     -3.696372e-05
     -3.755480e-05
     -3.835720e-05
     -3.935807e-05
     -4.054524e-05
     -4.190714e-05
     -4.343282e-05
     -4.511186e-05
     -4.693434e-05
     -4.889083e-05
     -5.097232e-05
     -5.317019e-05
     -5.547621e-05
     -5.788244e-05
     -6.038127e-05
     -6.296534e-05
     -6.562755e-05
     -6.836103e-05
     -7.115908e-05
     -7.401520e-05
     -7.692304e-05
     -7.987640e-05
     -8.286918e-05
     -8.589540e-05
     -8.894918e-05
     -9.202470e-05
     -9.511620e-05
     -9.821801e-05
     -1.013244e-04
     -1.044299e-04
     -1.075288e-04
     -1.106155e-04
     -1.136844e-04
     -1.167300e-04
     -1.197468e-04
     -1.227290e-04
     -1.256712e-04
     -1.285678e-04
     -1.314131e-04
     -1.342015e-04
     -1.369275e-04
     -1.395854e-04
     -1.421697e-04
     -1.446746e-04
     -1.470947e-04
     -1.494244e-04
     -1.516582e-04
     -1.537905e-04
     -1.558159e-04
     -1.577291e-04
     -1.595247e-04
     -1.611976e-04
     -1.627426e-04
     -1.641546e-04
     -1.654288e-04
     -1.665604e-04
     -1.675449e-04
     -1.683777e-04
     -1.690546e-04
     -1.695714e-04
     -1.699244e-04
     -1.701098e-04
     -1.701242e-04
     -1.699644e-04
     -1.696275e-04
     -1.691107e-04
     -1.684116e-04
     -1.675281e-04
     -1.664583e-04
     -1.652008e-04
     -1.637542e-04
     -1.621175e-04
     -1.602903e-04
     -1.582722e-04
     -1.560632e-04
     -1.536636e-04
     -1.510742e-04
     -1.482959e-04
     -1.453300e-04
     -1.421783e-04
     -1.388426e-04
     -1.353253e-04
     -1.316289e-04
     -1.277563e-04
     -1.237108e-04
     -1.194959e-04
     -1.151153e-04
     -1.105731e-04
     -1.058736e-04
     -1.010214e-04
     -9.602147e-05
     -9.087878e-05
     -8.559871e-05
     -8.018681e-05
     -7.464885e-05
     -6.899081e-05
     -6.321887e-05
     -5.733939e-05
     -5.135890e-05
     -4.528413e-05
     -3.912193e-05
     -3.287932e-05
     -2.656347e-05
     -2.018168e-05
     -1.374136e-05
     -7.250052e-06
     -7.154204e-07
      5.854781e-06
      1.245270e-05
      1.907037e-05
      2.569978e-05
      3.233279e-05
      3.896122e-05
      4.557681e-05
      5.217123e-05
      5.873611e-05
      6.526300e-05
      7.174343e-05
      7.816886e-05
      8.453075e-05
      9.082050e-05
      9.702951e-05
      1.031491e-04
      1.091708e-04
      1.150858e-04
      1.208855e-04
      1.265613e-04
      1.321048e-04
      1.375072e-04
      1.427602e-04
      1.478553e-04
      1.527842e-04
      1.575386e-04
      1.621103e-04
      1.664915e-04
      1.706741e-04
      1.746506e-04
      1.784133e-04
      1.819549e-04
      1.852683e-04
      1.883466e-04
      1.911833e-04
      1.937720e-04
      1.961068e-04
      1.981819e-04
      1.999923e-04
      2.015329e-04
      2.027993e-04
      2.037876e-04
      2.044943e-04
      2.049164e-04
      2.050514e-04
      2.048976e-04
      2.044537e-04
      2.037192e-04
      2.026941e-04
      2.013792e-04
      1.997761e-04
      1.978872e-04
      1.957155e-04
      1.932650e-04
      1.905406e-04
      1.875479e-04
      1.842936e-04
      1.807853e-04
      1.770315e-04
      1.730418e-04
      1.688265e-04
      1.643972e-04
      1.597665e-04
      1.549478e-04
      1.499557e-04
      1.448056e-04
      1.395141e-04
      1.340984e-04
      1.285768e-04
      1.229684e-04
      1.172929e-04
      1.115710e-04
      1.058237e-04
      1.000723e-04
      9.433888e-05
      8.864530e-05
      8.301359e-05
      7.746558e-05
      7.202270e-05
      6.670582e-05
      6.153500e-05
      5.652922e-05
      5.170623e-05
      4.708222e-05
      4.267168e-05
      3.848710e-05
      3.453885e-05
      3.083496e-05
      2.738102e-05
      2.418007e-05
      2.123256e-05
      1.853641e-05
      1.608703e-05
      1.387747e-05
      1.189863e-05
      1.013948e-05
      8.587399e-06
      7.228432e-06
      6.047701e-06
      5.029742e-06
      4.158868e-06
      3.419503e-06
      2.796491e-06
      2.275357e-06
      1.842520e-06
      1.485447e-06
      1.192762e-06
      9.542901e-07
      7.610634e-07
      6.052867e-07
      4.802694e-07
      3.803385e-07
      3.007367e-07
      2.375154e-07
      1.874273e-07
      1.478238e-07
      1.165605e-07
      9.191184e-08
      7.249673e-08
      5.721474e-08
      4.519202e-08
      3.573658e-08
      2.830151e-08
      2.245516e-08
      1.785722e-08
      1.423956e-08
      1.139105e-08
      9.145580e-09
      7.372570e-09
      5.969517e-09
      4.856107e-09
      3.969540e-09
      3.260835e-09
      2.691866e-09
      2.233004e-09
      1.861228e-09
      1.558629e-09
      1.311230e-09
      1.108074e-09
      9.405257e-10
      8.017504e-10
      6.863144e-10
      5.898858e-10
      5.090010e-10
      4.408817e-10
      3.832902e-10
      3.344155e-10
      2.927850e-10
      2.571971e-10
      2.266675e-10
      2.003875e-10
      1.776908e-10
      1.580258e-10
      1.409346e-10
      1.260353e-10
      1.130086e-10
      1.015867e-10
      9.154407e-11
      8.269059e-11
      7.486517e-11
      6.793097e-11
      6.177146e-11
      5.628712e-11
      5.139271e-11
      4.701501e-11
      4.309100e-11
      3.956628e-11
      3.639375e-11
      3.353259e-11
      3.094726e-11
      2.860682e-11
      2.648425e-11
      2.455586e-11
      2.280090e-11
      2.120113e-11
      1.974046e-11
      1.840470e-11
      1.718131e-11
      1.605918e-11
      1.502843e-11
      1.408030e-11
      1.320696e-11
      1.240145e-11
      1.165754e-11
      1.096964e-11
      1.033276e-11
      9.742405e-12
      9.194534e-12
      8.685512e-12
      8.212056e-12
      7.771204e-12
      7.360274e-12
      6.976841e-12
      6.618702e-12
      6.283858e-12
      5.970492e-12
      5.676950e-12
      5.401724e-12
      5.143438e-12
      4.900835e-12
      4.672766e-12
      4.458180e-12
      4.256111e-12
      4.065675e-12
      3.886059e-12
      3.716516e-12
      3.556360e-12
      3.404955e-12
      3.261720e-12
      3.126113e-12
      2.997639e-12
      2.875836e-12
      2.760278e-12
      2.650572e-12
      2.546352e-12
      2.447278e-12
      2.353035e-12
      2.263331e-12
      2.177892e-12
      2.096467e-12
      2.018820e-12
      1.944729e-12
      1.873991e-12
      1.806413e-12
      1.741817e-12
      1.680036e-12
      1.620913e-12
      1.564302e-12
      1.510065e-12
      1.458075e-12
      1.408211e-12
      1.360359e-12
      1.314415e-12
      1.270277e-12
      1.227852e-12
      1.187053e-12
      1.147796e-12
      1.110002e-12
      1.073599e-12
      1.038517e-12
      1.004691e-12
      9.720583e-13
      9.405615e-13
      9.101455e-13
      8.807583e-13
      8.523506e-13
      8.248762e-13
      7.982912e-13
      7.725540e-13
      7.476255e-13
      7.234683e-13
      7.000474e-13
      6.773294e-13
      6.552829e-13
      6.338780e-13
      6.130865e-13
      5.928814e-13
      5.732376e-13
      5.541311e-13
      5.355392e-13
      5.174405e-13
      4.998148e-13
      4.826430e-13
      4.659070e-13
      4.495900e-13
      4.336758e-13
      4.181495e-13
      4.029969e-13
      3.882049e-13
      3.737613e-13
      3.596545e-13
      3.458740e-13
      3.324098e-13
      3.192530e-13
      3.063952e-13
      2.938289e-13
      2.815474e-13
      2.695445e-13
      2.578149e-13
      2.463538e-13
      2.351572e-13
      2.242219e-13
      2.135450e-13
      2.031246e-13
      1.929591e-13
      1.830475e-13
      1.733898e-13
      1.639861e-13
      1.548373e-13
      1.459444e-13
      1.373090e-13
      1.289333e-13
      1.208195e-13
      1.129706e-13
      1.053893e-13
      9.807874e-14
      9.104203e-14
      8.428223e-14
      7.780244e-14
      7.160557e-14
      6.569421e-14
      6.007047e-14
      5.473589e-14
      4.969143e-14
      4.493736e-14
      4.047313e-14
      3.629724e-14
      3.240707e-14
      2.879886e-14
      2.546769e-14
      2.240744e-14
      1.961076e-14
      1.706900e-14
      1.477224e-14
      1.270947e-14
      1.086865e-14
      9.236780e-15
      7.800065e-15
      6.544161e-15
      5.454429e-15
      4.516107e-15
      3.714440e-15
      3.034883e-15
      2.463370e-15
      1.986566e-15
      1.592000e-15
      1.268121e-15
      1.004347e-15
      7.911270e-16
      6.200023e-16
      4.836270e-16
      3.757097e-16
      2.908997e-16
      2.246531e-16
      1.731339e-16
      1.331747e-16
      1.022545e-16
      7.841456e-17
      6.011449e-17
      4.611256e-17
      3.541719e-17
      2.725916e-17
      2.103992e-17
      1.628370e-17
      1.262488e-17
      9.804497e-18
      7.641603e-18
      5.995447e-18
      4.748965e-18
      3.808123e-18
      3.095490e-18
      2.539475e-18
      2.076409e-18
      1.668546e-18
      1.317113e-18
      1.046049e-18
      8.632625e-19
      7.395217e-19
      6.301438e-19
      5.142559e-19
      4.066061e-19
      3.304993e-19
      2.839600e-19
      2.381671e-19
      1.715344e-19
      9.999578e-20
      6.391662e-20
      8.211818e-20
      1.253109e-19
      1.398089e-19
      9.546782e-20
      1.164690e-20
     -5.599162e-20
     -5.568350e-20
      1.722453e-20
      1.091965e-19
      1.520788e-19
      1.250453e-19
      6.521932e-20
      1.917785e-20
      2.713044e-21
      7.865166e-21
      2.121125e-20
      2.410603e-20
     -1.184859e-22
     -4.216622e-20
     -6.707454e-20
     -5.264321e-20
     -1.352440e-20
      2.257373e-20
      4.577765e-20
      6.047876e-20
      6.828431e-20
      6.955925e-20
      7.251524e-20
      8.946580e-20
      1.266495e-19
      1.774656e-19
      2.183671e-19
      2.168075e-19
      1.594558e-19
      7.326781e-20
      3.768692e-21
     -2.941381e-20
     -4.095832e-20
     -4.370529e-20
     -2.716084e-20
      1.524472e-20
      5.809631e-20
      6.849139e-20
      5.163292e-20
      4.751711e-20
      8.105345e-20
      1.352365e-19
      1.761084e-19
      1.845244e-19
      1.569495e-19
      9.342069e-20
     -2.884903e-22
     -1.022478e-19
     -1.737705e-19
     -1.759367e-19
     -1.009450e-19
      4.137391e-21
      6.029760e-20
      2.505711e-20
     -6.305333e-20
     -1.214906e-19
     -1.035909e-19
     -3.465505e-20
      2.250435e-20
      2.430944e-20
     -2.679448e-20
     -9.463556e-20
     -1.377634e-19
     -1.308546e-19
     -7.468061e-20
      1.152125e-21
      5.059836e-20
      4.490621e-20
      1.911682e-22
     -3.953681e-20
     -5.054736e-20
     -4.907522e-20
     -5.952566e-20
     -7.866579e-20
     -8.314250e-20
     -6.212971e-20
     -2.661636e-20
      1.017683e-20
      4.434440e-20
      6.964213e-20
      7.068105e-20
      3.983827e-20
     -7.714726e-21
     -4.869622e-20
     -7.760076e-20
     -1.052752e-19
     -1.302672e-19
     -1.234146e-19
     -5.410287e-20
      6.238130e-20
      1.511367e-19
      1.319786e-19
      3.873551e-21
     -1.330305e-19
     -1.616865e-19
     -6.030191e-20
      8.097805e-20
      1.555114e-19
      1.359243e-19
      7.218446e-20
      1.953580e-20
     -8.846096e-21
     -2.771929e-20
     -4.740391e-20
     -6.658003e-20
     -8.364138e-20
     -1.006807e-19
     -1.150720e-19
     -1.118224e-19
     -6.982948e-20
      1.529673e-20
      1.107585e-19
      1.609203e-19
      1.367658e-19
      6.693780e-20
      6.067212e-21
     -2.459246e-20
     -5.006718e-20
     -9.642043e-20
     -1.497645e-19
     -1.673071e-19
     -1.206429e-19
     -2.440740e-20
      7.107905e-20
      1.144433e-19
      9.025403e-20
      2.773587e-20
     -2.991674e-20
     -6.470308e-20
     -8.693624e-20
     -6.521607e-19
     -4.300407e-19
     -1.223405e-19
      1.395694e-19
      2.149907e-19
      8.201875e-20
     -1.208445e-19
     -2.163168e-19
     -1.537103e-19
     -3.583971e-20
      1.499037e-20
     -1.083282e-20
     -2.810146e-20
      1.540096e-20
      6.809535e-20
      4.393619e-20
     -6.276010e-20
     -1.590657e-19
     -1.465348e-19
     -1.255369e-20
      1.715748e-19
      3.208360e-19
      3.923714e-19
      3.904612e-19
      3.438946e-19
      2.818423e-19
      2.159968e-19
      1.427787e-19
      7.354366e-20
      5.432785e-20
      1.258813e-19
      2.560721e-19
      3.409360e-19
      2.943445e-19
      1.246748e-19
     -8.456899e-20
     -2.470081e-19
     -3.157879e-19
     -2.890328e-19
     -2.074333e-19
     -1.294523e-19
     -7.302230e-20
      1.238471e-20
      1.802464e-19
      3.902724e-19
      5.159611e-19
      4.740045e-19
      3.221446e-19
      1.917689e-19
      1.315230e-19
      6.500229e-20
     -7.860681e-20
     -2.396623e-19
     -2.880786e-19
     -1.937871e-19
     -7.786814e-20
     -7.863740e-20
     -2.086322e-19
     -3.613388e-19
     -4.196574e-19
     -3.363225e-19
     -1.515322e-19
      2.718493e-20
      8.938280e-20
      1.293678e-20
     -1.129460e-19
     -1.816211e-19
     -1.711508e-19
     -1.257027e-19
     -6.510137e-20
      2.464742e-20
      1.098668e-19
      9.055910e-20
     -8.614868e-20
     -3.224917e-19
     -4.347326e-19
     -3.338188e-19
     -1.182237e-19
      2.792791e-20
      1.924685e-20
     -6.587766e-20
     -1.044415e-19
     -8.296994e-20
     -9.626384e-20
     -1.961697e-19
     -2.903080e-19
     -2.284884e-19
      2.308604e-20
      3.220110e-19
      4.632544e-19
      3.432258e-19
      3.342160e-20
     -2.709249e-19
     -3.770612e-19
     -2.232630e-19
      6.859899e-20
      2.764359e-19
      2.612015e-19
      9.090755e-20
     -3.553531e-20
      3.338616e-22
      1.208645e-19
      1.552630e-19
      2.466239e-20
     -1.990910e-19
     -3.841192e-19
     -4.398102e-19
     -3.414820e-19
     -1.161690e-19
      1.612627e-19
      3.766178e-19
      4.176186e-19
      2.352728e-19
     -1.123641e-19
     -4.673787e-19
     -6.460891e-19
     -5.550466e-19
     -2.695086e-19
      6.681574e-21
      9.067401e-20
     -3.820395e-20
     -2.291262e-19
     -2.895419e-19
     -1.402975e-19
      1.289183e-19
      3.369884e-19
      3.494428e-19
      1.669444e-19
     -9.242049e-20
     -2.833590e-19
     -3.241878e-19
     -2.410209e-19
     -1.447763e-19
     -1.444546e-19
     -2.566752e-19
     -4.009957e-19
     -4.884913e-19
     -4.995830e-19
     -4.700826e-19
     -4.350301e-19
     -4.204568e-19
     -4.698035e-19
     -6.237130e-19
     -8.552526e-19
     -1.060274e-18
     -1.153193e-18
     -1.183747e-18
     -1.344139e-18
     -1.833338e-18
     -2.687136e-18
     -3.731340e-18
     -4.718533e-18
     -5.548567e-18
     -6.393389e-18
     -7.623201e-18
     -9.600361e-18
     -1.251707e-17
     -1.640623e-17
     -2.130969e-17
     -2.747527e-17
     -3.544476e-17
     -4.598726e-17
     -5.997006e-17
     -7.832693e-17
     -1.021906e-16
     -1.330895e-16
     -1.730631e-16
     -2.246745e-16
     -2.910237e-16
     -3.758453e-16
     -4.836637e-16
     -6.199108e-16
     -7.909691e-16
     -1.004196e-15
     -1.267982e-15
     -1.591811e-15
     -1.986246e-15
     -2.462883e-15
     -3.034292e-15
     -3.713888e-15
     -4.515708e-15
     -5.454174e-15
     -6.543956e-15
     -7.799864e-15
     -9.236640e-15
     -1.086866e-14
     -1.270965e-14
     -1.477250e-14
     -1.706916e-14
     -1.961063e-14
     -2.240700e-14
     -2.546720e-14
     -2.879872e-14
     -3.240743e-14
     -3.629783e-14
     -4.047346e-14
     -4.493716e-14
     -4.969083e-14
     -5.473522e-14
     -6.007001e-14
     -6.569408e-14
     -7.160568e-14
     -7.780265e-14
     -8.428247e-14
     -9.104232e-14
     -9.807911e-14
     -1.053896e-13
     -1.129706e-13
     -1.208192e-13
     -1.289329e-13
     -1.373088e-13
     -1.459444e-13
     -1.548375e-13
     -1.639864e-13
     -1.733898e-13
     -1.830473e-13
     -1.929587e-13
     -2.031242e-13
     -2.135447e-13
     -2.242217e-13
     -2.351573e-13
     -2.463540e-13
     -2.578151e-13
     -2.695447e-13
     -2.815474e-13
     -2.938288e-13
     -3.063951e-13
     -3.192530e-13
     -3.324100e-13
     -3.458742e-13
     -3.596546e-13
     -3.737613e-13
     -3.882050e-13
     -4.029970e-13
     -4.181495e-13
     -4.336757e-13
     -4.495899e-13
     -4.659072e-13
     -4.826432e-13
     -4.998149e-13
     -5.174404e-13
     -5.355389e-13
     -5.541307e-13
     -5.732373e-13
     -5.928813e-13
     -6.130865e-13
     -6.338782e-13
     -6.552831e-13
     -6.773296e-13
     -7.000477e-13
     -7.234688e-13
     -7.476261e-13
     -7.725545e-13
     -7.982914e-13
     -8.248762e-13
     -8.523505e-13
     -8.807581e-13
     -9.101454e-13
     -9.405613e-13
     -9.720579e-13
     -1.004690e-12
     -1.038517e-12
     -1.073599e-12
     -1.110002e-12
     -1.147795e-12
     -1.187053e-12
     -1.227852e-12
     -1.270277e-12
     -1.314415e-12
     -1.360359e-12
     -1.408211e-12
     -1.458075e-12
     -1.510065e-12
     -1.564302e-12
     -1.620913e-12
     -1.680036e-12
     -1.741817e-12
     -1.806413e-12
     -1.873991e-12
     -1.944730e-12
     -2.018820e-12
     -2.096468e-12
     -2.177893e-12
     -2.263330e-12
     -2.353034e-12
     -2.447277e-12
     -2.546351e-12
     -2.650572e-12
     -2.760278e-12
     -2.875836e-12
     -2.997639e-12
     -3.126113e-12
     -3.261719e-12
     -3.404955e-12
     -3.556359e-12
     -3.716516e-12
     -3.886059e-12
     -4.065675e-12
     -4.256111e-12
     -4.458179e-12
     -4.672766e-12
     -4.900835e-12
     -5.143438e-12
     -5.401724e-12
     -5.676950e-12
     -5.970493e-12
     -6.283859e-12
     -6.618703e-12
     -6.976842e-12
     -7.360275e-12
     -7.771203e-12
     -8.212056e-12
     -8.685511e-12
     -9.194534e-12
     -9.742405e-12
     -1.033276e-11
     -1.096964e-11
     -1.165754e-11
     -1.240146e-11
     -1.320696e-11
     -1.408030e-11
     -1.502843e-11
     -1.605918e-11
     -1.718132e-11
     -1.840470e-11
     -1.974046e-11
     -2.120113e-11
     -2.280091e-11
     -2.455586e-11
     -2.648425e-11
     -2.860683e-11
     -3.094727e-11
     -3.353259e-11
     -3.639376e-11
     -3.956629e-11
     -4.309102e-11
     -4.701502e-11
     -5.139272e-11
     -5.628715e-11
     -6.177149e-11
     -6.793101e-11
     -7.486522e-11
     -8.269065e-11
     -9.154412e-11
     -1.015867e-10
     -1.130087e-10
     -1.260355e-10
     -1.409349e-10
     -1.580261e-10
     -1.776909e-10
     -2.003876e-10
     -2.266679e-10
     -2.571981e-10
     -2.927865e-10
     -3.344169e-10
     -3.832906e-10
     -4.408809e-10
     -5.090007e-10
     -5.898894e-10
     -6.863250e-10
     -8.017666e-10
     -9.405400e-10
     -1.108076e-09
     -1.311219e-09
     -1.558626e-09
     -1.861291e-09
     -2.233226e-09
     -2.692366e-09
     -3.261752e-09
     -3.971091e-09
     -4.858801e-09
     -5.974663e-09
     -7.383267e-09
     -9.168434e-09
     -1.143888e-08
     -1.433540e-08
     -1.804005e-08
     -2.278758e-08
     -2.887991e-08
     -3.670420e-08
     -4.675521e-08
     -5.966303e-08
     -7.622705e-08
     -9.745730e-08
     -1.246242e-07
     -1.593180e-07
     -2.035182e-07
     -2.596747e-07
     -3.307985e-07
     -4.205637e-07
     -5.334163e-07
     -6.746890e-07
     -8.507151e-07
     -1.068937e-06
     -1.338002e-06
     -1.667834e-06
     -2.069676e-06
     -2.556094e-06
     -3.140933e-06
     -3.839217e-06
     -4.667001e-06
     -5.641159e-06
     -6.779129e-06
     -8.098609e-06
     -9.617224e-06
     -1.135217e-05
     -1.331984e-05
     -1.553550e-05
     -1.801293e-05
     -2.076416e-05
     -2.379918e-05
     -2.712579e-05
     -3.074942e-05
     -3.467309e-05
     -3.889733e-05
     -4.342027e-05
     -4.823768e-05
     -5.334312e-05
     -5.872807e-05
     -6.438211e-05
     -7.029317e-05
     -7.644767e-05
     -8.283081e-05
     -8.942676e-05
     -9.621886e-05
     -1.031899e-04
     -1.103221e-04
     -1.175978e-04
     -1.249988e-04
     -1.325074e-04
     -1.401060e-04
     -1.477772e-04
     -1.555041e-04
     -1.632705e-04
     -1.710606e-04
     -1.788592e-04
     -1.866519e-04
     -1.944250e-04
     -2.021655e-04
     -2.098612e-04
     -2.175006e-04
     -2.250730e-04
     -2.325683e-04
     -2.399773e-04
     -2.472914e-04
     -2.545027e-04
     -2.616042e-04
     -2.685891e-04
     -2.754516e-04
     -2.821863e-04
     -2.887884e-04
     -2.952536e-04
     -3.015783e-04
     -3.077591e-04
     -3.137931e-04
     -3.196781e-04
     -3.254118e-04
     -3.309929e-04
     -3.364198e-04
     -3.416916e-04
     -3.468077e-04
     -3.517676e-04
     -3.565712e-04
     -3.612186e-04
     -3.657099e-04
     -3.700459e-04
     -3.742270e-04
     -3.782541e-04
     -3.821282e-04
     -3.858504e-04
     -3.894220e-04
     -3.928441e-04
     -3.961184e-04
     -3.992463e-04
     -4.022293e-04
     -4.050691e-04
     -4.077674e-04
     -4.103259e-04
     -4.127464e-04
     -4.150306e-04
     -4.171805e-04
     -4.191978e-04
     -4.210844e-04
     -4.228420e-04
     -4.244726e-04
     -4.259780e-04
     -4.273600e-04
     -4.286205e-04
     -4.297611e-04
     -4.307838e-04
     -4.316902e-04
     -4.324821e-04
     -4.331612e-04
     -4.337292e-04
     -4.341877e-04
     -4.345385e-04
     -4.347830e-04
     -4.349228e-04
     -4.349596e-04
     -4.348948e-04
     -4.347299e-04
     -4.344664e-04
     -4.341057e-04
     -4.336492e-04
     -4.330983e-04
     -4.324545e-04
     -4.317189e-04
     -4.308930e-04
     -4.299780e-04
     -4.289753e-04
     -4.278861e-04
     -4.267117e-04
     -4.254532e-04
     -4.241120e-04
     -4.226892e-04
     -4.211861e-04
     -4.196038e-04
     -4.179436e-04
     -4.162065e-04
     -4.143939e-04
     -4.125069e-04
     -4.105466e-04
     -4.085142e-04
     -4.064109e-04
     -4.042378e-04
     -4.019962e-04
     -3.996870e-04
     -3.973116e-04
     -3.948711e-04
     -3.923665e-04
     -3.897991e-04
     -3.871700e-04
     -3.844804e-04
     -3.817312e-04
     -3.789238e-04
     -3.760591e-04
     -3.731383e-04
     -3.701624e-04
     -3.671326e-04
     -3.640498e-04
     -3.609152e-04
     -3.577296e-04
     -3.544941e-04
     -3.512097e-04
     -3.478773e-04
     -3.444977e-04
     -3.410718e-04
     -3.376004e-04
     -3.340844e-04
     -3.305244e-04
     -3.269211e-04
     -3.232751e-04
     -3.195870e-04
     -3.158573e-04
     -3.120864e-04
     -3.082748e-04
     -3.044227e-04
     -3.005304e-04
     -2.965980e-04
     -2.926256e-04
     -2.886132e-04
     -2.845608e-04
     -2.804680e-04
     -2.763347e-04
     -2.721604e-04
     -2.679448e-04
     -2.636871e-04
     -2.593867e-04
     -2.550429e-04
     -2.506546e-04
     -2.462209e-04
     -2.417406e-04
     -2.372124e-04
     -2.326349e-04
     -2.280066e-04
     -2.233258e-04
     -2.185907e-04
     -2.137994e-04
     -2.089496e-04
     -2.040392e-04
     -1.990658e-04
     -1.940268e-04
     -1.889194e-04
     -1.837408e-04
     -1.784878e-04
     -1.731573e-04
     -1.677457e-04
     -1.622494e-04
     -1.566645e-04
     -1.509870e-04
     -1.452125e-04
     -1.393366e-04
     -1.333543e-04
     -1.272607e-04
     -1.210504e-04
     -1.147177e-04
     -1.082568e-04
     -1.016612e-04
     -9.492438e-05
     -8.803921e-05
     -8.099821e-05
     -7.379345e-05
     -6.641650e-05
     -5.885841e-05
     -5.110968e-05
     -4.316019e-05
     -3.499921e-05
     -2.661535e-05
     -1.799653e-05
     -9.129976e-06
     -2.252920e-09
      9.400728e-06
      1.909362e-05
      2.909154e-05
      3.940988e-05
      5.006410e-05
      6.106942e-05
      7.244043e-05
      8.419069e-05
      9.633216e-05
      1.088746e-04
      1.218252e-04
      1.351875e-04
      1.489610e-04
      1.631409e-04
      1.777171e-04
      1.926738e-04
      2.079898e-04
      2.236378e-04
      2.395848e-04
      2.557922e-04
      2.722162e-04
      2.888084e-04
      3.055165e-04
      3.222849e-04
      3.390560e-04
      3.557704e-04
      3.723684e-04
      3.887903e-04
      4.049779e-04
      4.208746e-04
      4.364263e-04
      4.515821e-04
      4.662947e-04
      4.805206e-04
      4.942204e-04
      5.073593e-04
      5.199067e-04
      5.318367e-04
      5.431274e-04
      5.537617e-04
      5.637262e-04
      5.730116e-04
      5.816123e-04
      5.895261e-04
      5.967539e-04
      6.032996e-04
      6.091697e-04
      6.143732e-04
      6.189209e-04
      6.228257e-04
      6.261020e-04
      6.287656e-04
      6.308334e-04
      6.323234e-04
      6.332541e-04
      6.336448e-04
      6.335154e-04
      6.328858e-04
      6.317762e-04
      6.302071e-04
      6.281985e-04
      6.257708e-04
      6.229439e-04
      6.197375e-04
      6.161711e-04
      6.122637e-04
      6.080341e-04
      6.035003e-04
      5.986803e-04
      5.935914e-04
      5.882503e-04
      5.826734e-04
      5.768764e-04
      5.708746e-04
      5.646827e-04
      5.583150e-04
      5.517852e-04
      5.451063e-04
      5.382912e-04
      5.313518e-04
      5.243000e-04
      5.171469e-04
      5.099032e-04
      5.025791e-04
      4.951844e-04
      4.877286e-04
      4.802205e-04
      4.726686e-04
      4.650811e-04
      4.574657e-04
      4.498297e-04
      4.421802e-04
      4.345236e-04
      4.268665e-04
      4.192146e-04
      4.115737e-04
      4.039491e-04
      3.963459e-04
      3.887688e-04
      3.812224e-04
      3.737109e-04
      3.662384e-04
      3.588085e-04
      3.514249e-04
      3.440908e-04
      3.368094e-04
      3.295836e-04
      3.224162e-04
      3.153097e-04
      3.082664e-04
      3.012887e-04
      2.943786e-04
      2.875380e-04
      2.807687e-04
      2.740724e-04
      2.674505e-04
      2.609047e-04
      2.544360e-04
      2.480458e-04
      2.417352e-04
      2.355052e-04
      2.293567e-04
      2.232906e-04
      2.173076e-04
      2.114085e-04
      2.055940e-04
      1.998645e-04
      1.942207e-04
      1.886630e-04
      1.831918e-04
      1.778076e-04
      1.725106e-04
      1.673011e-04
      1.621795e-04
      1.571459e-04
      1.522004e-04
      1.473434e-04
      1.425748e-04
      1.378947e-04
      1.333033e-04
      1.288006e-04
      1.243865e-04
      1.200610e-04
      1.158242e-04
      1.116758e-04
      1.076159e-04
      1.036443e-04
      9.976083e-05
      9.596530e-05
      9.225750e-05
      8.863720e-05
      8.510412e-05
      8.165797e-05
      7.829840e-05
      7.502506e-05
      7.183754e-05
      6.873541e-05
      6.571819e-05
      6.278538e-05
      5.993644e-05
      5.717078e-05
      5.448777e-05
      5.188676e-05
      4.936704e-05
      4.692786e-05
      4.456844e-05
      4.228794e-05
      4.008549e-05
      3.796017e-05
      3.591102e-05
      3.393703e-05
      3.203715e-05
      3.021029e-05
      2.845532e-05
      2.677105e-05
      2.515627e-05
      2.360971e-05
      2.213009e-05
      2.071606e-05
      1.936624e-05
      1.807923e-05
      1.685359e-05
      1.568783e-05
      1.458046e-05
      1.352995e-05
      1.253473e-05
      1.159322e-05
      1.070383e-05
      9.864931e-06
      9.074894e-06
      8.332070e-06
      7.634805e-06
      6.981434e-06
      6.370293e-06
      5.799714e-06
      5.268033e-06
      4.773591e-06
      4.314738e-06
      3.889836e-06
      3.497261e-06
      3.135407e-06
      2.802688e-06
      2.497544e-06
      2.218440e-06
      1.963868e-06
      1.732356e-06
      1.522463e-06
      1.332787e-06
      1.161963e-06
      1.008669e-06
      8.716256e-07
      7.495983e-07
      6.413994e-07
      5.458896e-07
      4.619791e-07
      3.886289e-07
      3.248516e-07
      2.697124e-07
      2.223294e-07
      1.818743e-07
      1.475723e-07
      1.187021e-07
      9.459554e-08
      7.463747e-08
      5.826455e-08
      4.496446e-08
      3.427466e-08
      2.578078e-08
      1.911488e-08
      1.395334e-08
      1.001448e-08
      7.055975e-09
      4.871946e-09
      3.289917e-09
      2.167586e-09
      1.389494e-09
      8.636842e-10
      5.183926e-10
      2.988652e-10
      1.643621e-10
      8.541146e-11
      4.135974e-11
      1.824902e-11
      7.034318e-12
      2.137168e-12
      3.161241e-13
     -1.775545e-13
     -1.997662e-13
     -1.147583e-13
     -4.434179e-14
     -8.846640e-15
      2.653752e-15
      3.548052e-15
      1.808347e-15
      4.563869e-16
     -7.111264e-17
     -1.311154e-16
     -6.213645e-17
     -9.621942e-18
      6.622483e-18
      5.263010e-18
      1.400005e-18
     -3.014258e-19
     -3.979536e-19
     -1.226168e-19
      1.951975e-20
      3.004564e-20
      8.361736e-21
     -2.149531e-21
     -2.237484e-21
     -3.972435e-22
      2.542205e-22
      1.470801e-22
      7.406686e-25
     -2.440906e-23
     -6.635412e-24
      2.341187e-24
      1.638439e-24
     -1.198935e-26
     -2.650351e-25
     -5.005692e-26
      3.260072e-26
      1.333948e-26
     -2.961655e-27
     -2.473517e-27
      1.268679e-28
      3.885602e-28
      2.235553e-29
     -5.560493e-29
     -7.885875e-30
      7.566989e-30
      1.593036e-30
     -1.011636e-30
     -2.646912e-31
      1.363441e-31
      3.923859e-32
     -1.883086e-32
     -5.310935e-33
      2.672680e-33
      6.516141e-34
     -3.854427e-34
     -6.930237e-35
      5.528138e-35
      5.474364e-36
     -7.673063e-36
     -5.413887e-38
      9.976326e-37
     -9.742633e-38
     -1.161122e-37
      2.660692e-38
      1.108702e-38
     -4.882496e-39
     -6.440902e-40
      7.030490e-40
     -3.856649e-41
     -7.861334e-41
      1.909982e-41
      5.749021e-42
     -3.424715e-42
      3.441564e-44
      3.947128e-43
     -9.264164e-44
     -2.421220e-44
      1.648398e-44
     -1.318191e-45
     -1.536554e-45
      5.533656e-46
      2.258629e-47
     -6.798380e-47
      1.691230e-47
      2.531685e-48
     -2.610147e-48
      5.267551e-49
      1.164401e-49
     -9.398761e-50
      1.843411e-50
      3.788995e-51
     -3.239402e-51
      7.330584e-52
      7.670219e-53
     -1.036559e-52
      3.033444e-53
     -7.847205e-55
     -2.783650e-54
      1.159753e-54
     -1.779681e-55
     -4.444272e-56
      3.574596e-56
     -1.038513e-56
      8.495511e-58
      6.507177e-58
     -3.629315e-58
      9.601976e-59
     -7.808184e-60
     -5.629539e-60
      3.297578e-60
     -9.887727e-61
      1.526456e-61
      1.983374e-62
     -2.354561e-62
      9.539439e-63
     -2.507019e-63
      3.721022e-64
      4.022242e-65
     -5.352497e-65
      2.364311e-65
     -7.415395e-66
      1.770713e-66
     -2.805179e-67
     -5.097463e-69
      2.681484e-68
     -1.396629e-68
      5.291227e-69
     -1.713568e-69
      5.008426e-70
     -1.355729e-70
      3.449156e-71
     -8.325480e-72
      1.919046e-72
     -4.244279e-73
      9.039329e-74
     -1.859167e-74
      3.701242e-75
     -7.145685e-76
      1.339961e-76
     -2.443831e-77
      4.339839e-78
     -7.511407e-79
      1.268165e-79
     -2.090002e-80
      3.364316e-81
     -5.292313e-82
      8.139017e-83
     -1.224094e-83
      1.800823e-84
     -2.591763e-85
      3.649160e-86
     -5.025898e-87
      6.769255e-88
     -8.911992e-89
      1.146063e-89
     -1.438106e-90
      1.758208e-91
     -2.089784e-92
      2.407087e-93
     -2.673747e-94
      2.841809e-95
     -2.851496e-96
      2.631948e-97
     -2.103102e-98
      1.178853e-99
     2.285475e-101
    -2.202963e-101
     4.818017e-102
    -8.130323e-103
     1.217282e-103
    -1.694880e-104
     2.242731e-105
    -2.854030e-106
     3.518217e-107
    -4.221182e-108
     4.945727e-109
    -5.672274e-110
     6.379772e-111
    -7.046737e-112
     7.652359e-113
    -8.177602e-114
     8.606187e-115
    -8.925427e-116
     9.126818e-117
    -9.206381e-118
     9.164715e-119
    -9.006789e-120
     8.741487e-121
    -8.380965e-122
     7.939866e-123
    -7.434465e-124
     6.881794e-125
    -6.298829e-126
     5.701750e-127
    -5.105346e-128
     4.522559e-129
    -3.964187e-130
     3.438744e-131
    -2.952452e-132
     2.509350e-133
    -2.111497e-134
     1.759232e-135
    -1.451475e-136
     1.186037e-137
    -9.599196e-139
     7.695981e-140
    -6.112632e-141
     4.810261e-142
    -3.750808e-143
     2.898244e-144
    -2.219403e-145
     1.684473e-146
    -1.267224e-147
     9.450129e-149
    -6.986341e-150
     5.120605e-151
    -3.721199e-152
     2.681420e-153
    -1.916003e-154
     1.357705e-155
    -9.541583e-157
     6.650710e-158
    -4.598062e-159
     3.153308e-160
    -2.145202e-161
     1.447788e-162
    -9.693939e-164
     6.439886e-165
    -4.244843e-166
     2.776344e-167
    -1.801918e-168
     1.160563e-169
    -7.418152e-171
     4.705835e-172
    -2.962868e-173
     1.851579e-174
    -1.148541e-175
     7.072035e-177
    -4.322697e-178
     2.622988e-179
    -1.580110e-180
     9.450307e-182
    -5.611638e-183
     3.308536e-184
    -1.936876e-185
     1.125911e-186
    -6.499192e-188
     3.725495e-189
    -2.120771e-190
     1.198960e-191
    -6.731814e-193
     3.753975e-194
    -2.079206e-195
     1.143840e-196
    -6.250422e-198
     3.392689e-199
    -1.829294e-200
     9.798100e-202
    -5.213539e-203
     2.755939e-204
    -1.447324e-205
     7.551528e-207
    -3.914618e-208
     2.016241e-209
    -1.031826e-210
     5.246797e-212
    -2.651049e-213
     1.331035e-214
    -6.640807e-216
     3.292488e-217
    -1.622224e-218
     7.943149e-220
    -3.865279e-221
     1.869332e-222
    -8.985056e-224
     4.292346e-225
    -2.038069e-226
     9.618433e-228
    -4.511918e-229
     2.103779e-230
    -9.750601e-232
     4.492261e-233
    -2.057364e-234
     9.366548e-236
    -4.239164e-237
     1.907316e-238
    -8.531328e-240
     3.793774e-241
    -1.677245e-242
     7.372264e-244
    -3.221766e-245
     1.399860e-246
    -6.047582e-248
     2.597732e-249
    -1.109509e-250
     4.711945e-252
    -1.989806e-253
     8.355471e-255
    -3.488905e-256
     1.448684e-257
    -5.981808e-259
     2.456257e-260
    -1.003011e-261
     4.073201e-263
    -1.645024e-264
     6.607276e-266
    -2.639334e-267
     1.048565e-268
    -4.143171e-270
     1.628225e-271
    -6.364251e-273
     2.474223e-274
    -9.567449e-276
     3.679818e-277
    -1.407786e-278
     5.357146e-280
    -2.027796e-281
     7.635116e-283
    -2.859659e-284
     1.065435e-285
    -3.948757e-287
     1.455864e-288
    -5.339678e-290
     1.948271e-291
    -7.071801e-293
     2.553662e-294
    -9.173939e-296
     3.278788e-297
    -1.165849e-298
     4.124280e-300
    -1.451568e-301
     5.082951e-303
    -1.770882e-304
     6.138524e-306
    -2.117118e-307
     7.265049e-309
    -2.480562e-310
     8.427236e-312
    -2.848717e-313
     9.581826e-315
    -3.206913e-316
     1.068002e-317
    -3.539190e-319
     1.166983e-320
    -3.804305e-322
      0.000000e+00
      0.000000e+00
      0.000000e+00
      0.000000e+00
      0.000000e+00
      0.000000e+00
      0.000000e+00
      0.000000e+00
      0.000000e+00
      0.000000e+00
      0.000000e+00
      0.000000e+00
      0.000000e+00
      0.000000e+00
      0.000000e+00
      0.000000e+00
      0.000000e+00
      0.000000e+00
      0.000000e+00
      0.000000e+00
      0.000000e+00
      0.000000e+00
      0.000000e+00
      0.000000e+00
      0.000000e+00
      0.000000e+00
      0.000000e+00
      0.000000e+00
      0.000000e+00
      0.000000e+00
      0.000000e+00
      0.000000e+00
      0.000000e+00
      0.000000e+00
      0.000000e+00
      0.000000e+00
      0.000000e+00
      0.000000e+00
      0.000000e+00
      0.000000e+00
      0.000000e+00
      0.000000e+00
      0.000000e+00
      0.000000e+00
      0.000000e+00
      0.000000e+00
      0.000000e+00
      0.000000e+00
      0.000000e+00
      0.000000e+00
      0.000000e+00
      0.000000e+00
      0.000000e+00
      0.000000e+00
      0.000000e+00
      0.000000e+00
      0.000000e+00
      0.000000e+00
      0.000000e+00
      0.000000e+00
      0.000000e+00
      0.000000e+00
      0.000000e+00
      0.000000e+00
      0.000000e+00
      0.000000e+00
      0.000000e+00
      0.000000e+00
      0.000000e+00
      0.000000e+00
      0.000000e+00
      0.000000e+00
      0.000000e+00
      0.000000e+00
      0.000000e+00
      0.000000e+00
      0.000000e+00
      0.000000e+00
      0.000000e+00
      0.000000e+00
      0.000000e+00
      0.000000e+00
      0.000000e+00
      0.000000e+00
      0.000000e+00
      0.000000e+00
      0.000000e+00
      0.000000e+00
      0.000000e+00
      0.000000e+00
      0.000000e+00
      0.000000e+00
      0.000000e+00
      0.000000e+00
      0.000000e+00
      0.000000e+00
      0.000000e+00
      0.000000e+00
      0.000000e+00
      0.000000e+00
      0.000000e+00
      0.000000e+00
      0.000000e+00
      0.000000e+00
      0.000000e+00
      0.000000e+00
      0.000000e+00
      0.000000e+00
      0.000000e+00
      0.000000e+00
      0.000000e+00
      0.000000e+00
      0.000000e+00
      0.000000e+00
      0.000000e+00
      0.000000e+00
      0.000000e+00
      0.000000e+00
      0.000000e+00
      0.000000e+00
      0.000000e+00
      0.000000e+00
      0.000000e+00
      0.000000e+00
      0.000000e+00
      0.000000e+00
      0.000000e+00
      0.000000e+00
      0.000000e+00
      0.000000e+00
      0.000000e+00
      0.000000e+00
      0.000000e+00
      0.000000e+00
      0.000000e+00
      0.000000e+00
      0.000000e+00
      0.000000e+00
      0.000000e+00
      0.000000e+00
      0.000000e+00
      0.000000e+00
      0.000000e+00
      0.000000e+00
      0.000000e+00
      0.000000e+00
      0.000000e+00
      0.000000e+00
      0.000000e+00
      0.000000e+00
      0.000000e+00
      0.000000e+00
      0.000000e+00
      0.000000e+00
      0.000000e+00
      0.000000e+00
      0.000000e+00
      0.000000e+00
      0.000000e+00
      0.000000e+00
      0.000000e+00
      0.000000e+00
      0.000000e+00
      0.000000e+00
      0.000000e+00
      0.000000e+00
      0.000000e+00
      0.000000e+00
      0.000000e+00
      0.000000e+00
      0.000000e+00
      0.000000e+00
      0.000000e+00
      0.000000e+00
      0.000000e+00
      0.000000e+00
      0.000000e+00
      0.000000e+00
      0.000000e+00
      0.000000e+00
      0.000000e+00
      0.000000e+00
      0.000000e+00
      0.000000e+00
      0.000000e+00
      0.000000e+00
      0.000000e+00
      0.000000e+00
      0.000000e+00
      0.000000e+00
      0.000000e+00
      0.000000e+00
      0.000000e+00
      0.000000e+00
      0.000000e+00
      0.000000e+00
      0.000000e+00
      0.000000e+00
      0.000000e+00
      0.000000e+00
      0.000000e+00
      0.000000e+00
      0.000000e+00
      0.000000e+00
      0.000000e+00
      0.000000e+00
      0.000000e+00
      0.000000e+00
      0.000000e+00
      0.000000e+00
      0.000000e+00
      0.000000e+00
      0.000000e+00
      0.000000e+00
      0.000000e+00
      0.000000e+00
      0.000000e+00
      0.000000e+00
      0.000000e+00
      0.000000e+00
      0.000000e+00
      0.000000e+00
      0.000000e+00
      0.000000e+00
      0.000000e+00
      0.000000e+00
      0.000000e+00
      0.000000e+00
      0.000000e+00
      0.000000e+00
      0.000000e+00
      0.000000e+00
      0.000000e+00
      0.000000e+00
      0.000000e+00
      0.000000e+00
      0.000000e+00
      0.000000e+00
      0.000000e+00
      0.000000e+00
      0.000000e+00
      0.000000e+00
      0.000000e+00
      0.000000e+00
      0.000000e+00
      0.000000e+00
      0.000000e+00
      0.000000e+00
      0.000000e+00
      0.000000e+00
      0.000000e+00
      0.000000e+00
      0.000000e+00
      0.000000e+00
      0.000000e+00
      0.000000e+00
      0.000000e+00
      0.000000e+00
      0.000000e+00
      0.000000e+00
      0.000000e+00
      0.000000e+00
      0.000000e+00
      0.000000e+00
      0.000000e+00
      0.000000e+00
      0.000000e+00
      0.000000e+00
      0.000000e+00
      0.000000e+00
      0.000000e+00
      0.000000e+00
      0.000000e+00
      0.000000e+00
      0.000000e+00
      0.000000e+00
      0.000000e+00
      0.000000e+00
      0.000000e+00
      0.000000e+00
      0.000000e+00
      0.000000e+00
      0.000000e+00
      0.000000e+00
      0.000000e+00
      0.000000e+00
      0.000000e+00
      0.000000e+00
      0.000000e+00
      0.000000e+00
      0.000000e+00
      0.000000e+00
      0.000000e+00
      0.000000e+00
      0.000000e+00
      0.000000e+00
      0.000000e+00
      0.000000e+00
      0.000000e+00
      0.000000e+00
      0.000000e+00
      0.000000e+00
      0.000000e+00
      0.000000e+00
      0.000000e+00
      0.000000e+00
      0.000000e+00
      0.000000e+00
      0.000000e+00
      0.000000e+00
      0.000000e+00
      0.000000e+00
      0.000000e+00
      0.000000e+00
      0.000000e+00
      0.000000e+00
      0.000000e+00
      0.000000e+00
      0.000000e+00
      0.000000e+00
      0.000000e+00
      0.000000e+00
      0.000000e+00
      0.000000e+00
      0.000000e+00
      0.000000e+00
      0.000000e+00
      0.000000e+00
      0.000000e+00
      0.000000e+00
      0.000000e+00
      0.000000e+00
      0.000000e+00
      0.000000e+00
      0.000000e+00
      0.000000e+00
      0.000000e+00
      0.000000e+00
      0.000000e+00
      0.000000e+00
      0.000000e+00
      0.000000e+00
      0.000000e+00
      0.000000e+00
      0.000000e+00
      0.000000e+00
      0.000000e+00
      0.000000e+00
      0.000000e+00
      0.000000e+00
      0.000000e+00
      0.000000e+00
      0.000000e+00
      0.000000e+00
      0.000000e+00
      0.000000e+00
      0.000000e+00
      0.000000e+00
      0.000000e+00
      0.000000e+00
      0.000000e+00
      0.000000e+00
      0.000000e+00
      0.000000e+00
      0.000000e+00
      0.000000e+00
      0.000000e+00
      0.000000e+00
      0.000000e+00
      0.000000e+00
      0.000000e+00
      0.000000e+00
      0.000000e+00
      0.000000e+00
      0.000000e+00
      0.000000e+00
      0.000000e+00
      0.000000e+00
      0.000000e+00
      0.000000e+00
      0.000000e+00
      0.000000e+00
      0.000000e+00
      0.000000e+00
      0.000000e+00
      0.000000e+00
      0.000000e+00
      0.000000e+00
      0.000000e+00
      0.000000e+00
      0.000000e+00
      0.000000e+00
      0.000000e+00
      0.000000e+00
      0.000000e+00
      0.000000e+00
      0.000000e+00
      0.000000e+00
