      0.000000e+00
      0.000000e+00
     -1.314921e-22
      5.448046e-25
     -5.258828e-23
     -7.454562e-22
     -9.256715e-22
      9.020830e-22
      1.340005e-21
     -7.914132e-21
     -2.833916e-20
     -4.556082e-20
     -4.216359e-20
     -2.078225e-20
     -4.561039e-21
     -1.067707e-20
     -3.016160e-20
     -3.691897e-20
     -1.273170e-20
      3.507636e-20
      7.472222e-20
      7.320606e-20
      2.993600e-20
     -1.657070e-20
     -2.984103e-20
     -1.844466e-20
     -2.076872e-20
     -5.196710e-20
     -8.499165e-20
     -8.520590e-20
     -5.108580e-20
     -1.404773e-20
     -2.051766e-21
     -1.485582e-20
     -3.783897e-20
     -6.182321e-20
     -7.729314e-20
     -6.898363e-20
     -3.494071e-20
      4.413166e-21
      2.985429e-20
      3.699064e-20
      1.934279e-20
     -3.199272e-20
     -1.004423e-19
     -1.440056e-19
     -1.334639e-19
     -7.255525e-20
      1.382085e-20
      8.873317e-20
      1.144414e-19
      8.573699e-20
      4.497755e-20
      3.964391e-20
      6.993279e-20
      9.121334e-20
      6.357309e-20
     -4.469023e-21
     -6.286777e-20
     -7.491912e-20
     -5.157834e-20
     -2.157083e-20
      3.996503e-21
      2.321720e-20
      3.430578e-20
      4.545431e-20
      6.110897e-20
      6.032482e-20
      2.332230e-20
     -2.928068e-20
     -6.235048e-20
     -8.088846e-20
     -1.073025e-19
     -1.111136e-19
     -3.778806e-20
      7.915578e-20
      1.248088e-19
      2.595641e-19
     -1.956618e-18
      1.497407e-17
     -8.507894e-17
      3.243342e-16
     -4.526610e-16
     -3.341675e-15
      2.314047e-14
     -3.404193e-14
     -2.535202e-13
      1.069161e-12
      1.992006e-12
     -1.618718e-11
     -2.502254e-11
      1.926937e-10
      5.564618e-10
     -1.269205e-09
     -9.854093e-09
     -1.680472e-08
      4.789733e-08
      4.002144e-07
      1.485720e-06
      3.993075e-06
      8.737154e-06
      1.641295e-05
      2.730082e-05
      4.104823e-05
      5.663034e-05
      7.251279e-05
      8.694855e-05
      9.828911e-05
      1.052037e-04
      1.067679e-04
      1.024593e-04
      9.213924e-05
      7.607837e-05
      5.502153e-05
      3.022634e-05
      3.391810e-06
     -2.356268e-05
     -4.882745e-05
     -7.103157e-05
     -8.944584e-05
     -1.039862e-04
     -1.150348e-04
     -1.231739e-04
     -1.289538e-04
     -1.327729e-04
     -1.348702e-04
     -1.353684e-04
     -1.342877e-04
     -1.314979e-04
     -1.266427e-04
     -1.191188e-04
     -1.081803e-04
     -9.317711e-05
     -7.385186e-05
     -5.057318e-05
     -2.439732e-05
      3.074594e-06
      2.998492e-05
      5.453616e-05
      7.522503e-05
      9.094614e-05
      1.009959e-04
      1.050532e-04
      1.032007e-04
      9.598865e-05
      8.448279e-05
      7.020932e-05
      5.495158e-05
      4.042886e-05
      2.796194e-05
      1.825219e-05
      1.135609e-05
      6.848633e-06
      4.086203e-06
      2.448707e-06
      1.476016e-06
      8.866944e-07
      5.270292e-07
      3.109941e-07
      1.839800e-07
      1.095840e-07
      6.536841e-08
      3.881126e-08
      2.296365e-08
      1.361247e-08
      8.094967e-09
      4.812819e-09
      2.855083e-09
      1.692887e-09
      1.005085e-09
      5.970758e-10
      3.544544e-10
      2.103267e-10
      1.248453e-10
      7.412714e-11
      4.400631e-11
      2.612034e-11
      1.550509e-11
      9.204691e-12
      5.464234e-12
      3.243616e-12
      1.925470e-12
      1.143019e-12
      6.785263e-13
      4.027873e-13
      2.391038e-13
      1.419382e-13
      8.425797e-14
      5.001751e-14
      2.969161e-14
      1.762569e-14
      1.046305e-14
      6.211117e-15
      3.687063e-15
      2.188728e-15
      1.299272e-15
      7.712783e-16
      4.578734e-16
      2.718407e-16
      1.613838e-16
      9.578691e-17
     -1.616769e-16
     -2.722790e-16
     -4.586234e-16
     -7.724792e-16
     -1.301226e-15
     -2.192088e-15
     -3.692734e-15
     -6.220497e-15
     -1.047868e-14
     -1.765197e-14
     -2.973599e-14
     -5.009236e-14
     -8.438396e-14
     -1.421503e-13
     -2.394617e-13
     -4.033898e-13
     -6.795378e-13
     -1.144728e-12
     -1.928370e-12
     -3.248469e-12
     -5.472280e-12
     -9.218442e-12
     -1.552901e-11
     -2.615956e-11
     -4.406794e-11
     -7.423610e-11
     -1.250541e-10
     -2.106595e-10
     -3.548794e-10
     -5.978276e-10
     -1.007015e-09
     -1.696313e-09
     -2.857975e-09
     -4.815229e-09
     -8.109659e-09
     -1.365453e-08
     -2.300401e-08
     -3.878755e-08
     -6.537308e-08
     -1.099899e-07
     -1.849000e-07
     -3.113580e-07
     -5.255870e-07
     -8.867087e-07
     -1.489054e-06
     -2.487433e-06
     -4.148196e-06
     -6.930785e-06
     -1.157954e-05
     -1.917577e-05
     -3.108939e-05
     -4.879509e-05
     -7.357316e-05
     -1.061724e-04
     -1.465383e-04
     -1.936903e-04
     -2.457745e-04
     -3.002555e-04
     -3.541765e-04
     -4.044179e-04
     -4.479242e-04
     -4.819076e-04
     -5.040517e-04
     -5.127223e-04
     -5.071519e-04
     -4.875364e-04
     -4.549847e-04
     -4.113072e-04
     -3.586870e-04
     -2.993306e-04
     -2.351969e-04
     -1.678697e-04
     -9.857389e-05
     -2.828159e-05
      4.216003e-05
      1.119299e-04
      1.801685e-04
      2.459227e-04
      3.080734e-04
      3.652515e-04
      4.157859e-04
      4.577438e-04
      4.891058e-04
      5.080605e-04
      5.133476e-04
      5.045460e-04
      4.822198e-04
      4.478874e-04
      4.038442e-04
      3.529084e-04
      2.981607e-04
      2.427143e-04
      1.895091e-04
      1.411084e-04
      9.948538e-05
      6.583115e-05
      4.044137e-05
      2.274460e-05
      1.149329e-05
      5.078350e-06
      1.876950e-06
      5.309467e-07
      8.710632e-08
     -7.914929e-09
     -9.274161e-09
     -1.755562e-09
      4.346038e-10
      2.319981e-10
     -1.103695e-11
     -2.218424e-11
      2.023931e-13
      1.948500e-12
     -1.235190e-13
     -1.473717e-13
      3.066899e-14
      5.445632e-15
     -3.417656e-15
      5.202158e-16
      6.667836e-17
     -5.321817e-17
      1.500285e-17
     -2.851286e-18
      4.061900e-19
     -4.338665e-20
      3.002149e-21
      9.980346e-24
     -4.424059e-23
      8.926382e-24
     -1.249843e-24
      1.439456e-25
     -1.444053e-26
      1.297383e-27
     -1.061038e-28
      7.984552e-30
     -5.571596e-31
      3.626280e-32
     -2.211599e-33
      1.268688e-34
     -6.867173e-36
      3.516756e-37
     -1.707876e-38
      7.881376e-40
     -3.462252e-41
      1.450173e-42
     -5.799717e-44
      2.217585e-45
     -8.116096e-47
      2.846220e-48
     -9.573358e-50
      3.091138e-51
     -9.589191e-53
      2.860072e-54
     -8.207267e-56
      2.267344e-57
     -6.033667e-59
      1.547453e-60
     -3.826773e-62
      9.128842e-64
     -2.101537e-65
      4.670359e-67
     -1.002288e-68
      2.077704e-70
     -4.161298e-72
      8.054070e-74
     -1.506658e-75
      2.724462e-77
     -4.762653e-79
      8.048877e-81
     -1.315027e-82
      2.076908e-84
     -3.170493e-86
      4.677086e-88
     -6.665568e-90
      9.173631e-92
     -1.218596e-93
      1.561323e-95
     -1.927727e-97
      2.290844e-99
    -2.616031e-101
     2.864373e-103
    -2.997846e-105
     2.985490e-107
    -2.809479e-109
     2.469722e-111
    -1.985827e-113
     1.395676e-115
    -7.506490e-118
     1.082966e-120
     4.760907e-122
    -9.573252e-124
     1.306027e-125
    -1.511209e-127
     1.579518e-129
    -1.531672e-131
     1.397160e-133
    -1.208500e-135
     9.962002e-138
    -7.852034e-140
      0.000000e+00
      0.000000e+00
