      0.000000e+00
      0.000000e+00
      8.549911e-23
      2.721547e-22
      4.238816e-22
      3.676130e-22
     -2.029475e-23
     -7.146799e-22
     -1.525802e-21
     -2.191724e-21
     -2.520210e-21
     -2.474085e-21
     -2.133731e-21
     -1.576500e-21
     -7.977864e-22
      2.215660e-22
      1.325066e-21
      2.035328e-21
      1.654328e-21
     -3.383917e-22
     -3.802999e-21
     -7.769035e-21
     -1.085919e-20
     -1.215714e-20
     -1.191778e-20
     -1.147343e-20
     -1.221022e-20
     -1.424414e-20
     -1.582264e-20
     -1.413896e-20
     -7.301498e-21
      3.780612e-21
      1.513660e-20
      2.180110e-20
      2.119166e-20
      1.534000e-20
      9.801731e-21
      9.438670e-21
      1.414611e-20
      1.834909e-20
      1.540492e-20
      3.692940e-21
     -1.097471e-20
     -1.937694e-20
     -1.642508e-20
     -5.658209e-21
      3.612324e-21
      4.206713e-21
     -3.074313e-21
     -1.088040e-20
     -1.232569e-20
     -6.774792e-21
      6.443800e-22
      4.281172e-21
      2.087574e-21
     -4.997804e-21
     -1.612681e-20
     -3.110492e-20
     -4.713554e-20
     -5.628173e-20
     -4.907646e-20
     -2.351493e-20
      8.749823e-21
      2.731003e-20
      1.799114e-20
     -1.401600e-20
     -4.592391e-20
     -5.484767e-20
     -3.635417e-20
     -6.334195e-21
      1.656728e-20
      3.074004e-20
      5.224715e-20
      9.352946e-20
      1.414681e-19
      1.599007e-19
      1.186383e-19
      2.325841e-20
     -8.338723e-20
     -1.509860e-19
     -1.563420e-19
     -1.129726e-19
     -5.177607e-20
      3.786780e-21
      4.375896e-20
      5.963801e-20
      3.666571e-20
     -3.343531e-20
     -1.309893e-19
     -2.068562e-19
     -2.132910e-19
     -1.442500e-19
     -4.589198e-20
      1.816248e-20
      1.903855e-20
     -1.487895e-20
     -2.653351e-20
      1.609108e-20
      9.052133e-20
      1.408396e-19
      1.282976e-19
      6.458144e-20
     -5.419203e-22
     -2.242530e-20
      4.550670e-21
      4.883413e-20
      7.129247e-20
      5.399819e-20
      7.815692e-21
     -4.022486e-20
     -6.639834e-20
     -6.482339e-20
     -5.099433e-20
     -5.191725e-20
     -8.593180e-20
     -1.442756e-19
     -1.901894e-19
     -1.808822e-19
     -9.862786e-20
      3.270947e-20
      1.595025e-19
      2.306823e-19
      2.278712e-19
      1.735199e-19
      1.133032e-19
      8.560278e-20
      9.801725e-20
      1.257085e-19
      1.323022e-19
      9.872799e-20
      3.870172e-20
     -1.184318e-20
     -2.392065e-20
      8.398146e-22
      3.335450e-20
      4.533449e-20
      3.672664e-20
      3.523481e-20
      6.665549e-20
      1.240426e-19
      1.667208e-19
      1.523556e-19
      7.368559e-20
     -3.281436e-20
     -1.130481e-19
     -1.329662e-19
     -9.790805e-20
     -4.239928e-20
     -2.860129e-21
      5.133467e-21
     -8.621466e-21
     -2.162224e-20
     -1.717103e-20
      4.057543e-21
      2.589655e-20
      2.909799e-20
      4.812359e-21
     -3.985533e-20
     -8.677904e-20
     -1.177963e-19
     -1.244543e-19
     -1.111256e-19
     -9.043148e-20
     -7.427499e-20
     -6.631582e-20
     -6.072654e-20
     -4.755361e-20
     -2.022307e-20
      2.009291e-20
      6.497656e-20
      1.021376e-19
      1.194456e-19
      1.092759e-19
      7.282253e-20
      2.187921e-20
     -2.468432e-20
     -4.879439e-20
     -4.058106e-20
     -1.502464e-21
      5.611647e-20
      1.108415e-19
      1.364594e-19
      1.124772e-19
      3.876293e-20
     -5.707524e-20
     -1.311775e-19
     -1.507016e-19
     -1.164173e-19
     -5.992431e-20
     -1.623977e-20
      3.796293e-21
      1.596662e-20
      3.944249e-20
      7.307664e-20
      9.600633e-20
      9.092596e-20
      6.406244e-20
      3.966197e-20
      3.443101e-20
      3.905449e-20
      2.664377e-20
     -1.986258e-20
     -8.786826e-20
     -1.403598e-19
     -1.394045e-19
     -6.822077e-20
      5.961145e-20
      2.019783e-19
      2.987181e-19
      2.949665e-19
      1.756062e-19
     -1.086877e-20
     -1.682722e-19
     -2.109888e-19
     -1.247205e-19
      2.238539e-20
      1.315443e-19
      1.455851e-19
      8.172017e-20
      2.700682e-21
     -4.154243e-20
     -4.995248e-20
     -5.899407e-20
     -1.007657e-19
     -1.682245e-19
     -2.147777e-19
     -1.883613e-19
     -7.548918e-20
      7.817770e-20
      1.909775e-19
      2.010195e-19
      1.139580e-19
      1.330845e-21
     -5.528753e-20
     -3.104049e-20
      2.299911e-20
      2.873206e-20
     -4.288887e-20
     -1.379784e-19
     -1.625711e-19
     -6.731954e-20
      1.013750e-19
      2.319110e-19
      2.357911e-19
      1.178592e-19
     -3.157743e-20
     -1.131428e-19
     -9.398100e-20
     -1.861771e-20
      4.499408e-20
      6.561276e-20
      5.981759e-20
      5.591890e-20
      5.933882e-20
      5.657831e-20
      4.450507e-20
      4.337070e-20
      7.567375e-20
      1.360806e-19
      1.881814e-19
      1.926255e-19
      1.377484e-19
      4.531887e-20
     -4.708238e-20
     -1.060183e-19
     -1.116373e-19
     -6.143765e-20
      2.498335e-20
      1.062434e-19
      1.352077e-19
      8.715027e-20
     -2.054480e-20
     -1.357499e-19
     -2.033542e-19
     -1.986080e-19
     -1.382481e-19
     -6.318848e-20
     -7.818718e-21
      2.004357e-20
      3.465156e-20
      5.121690e-20
      7.043063e-20
      8.254478e-20
      8.183185e-20
      7.121702e-20
      5.262515e-20
      2.115211e-20
     -2.201199e-20
     -5.207172e-20
     -2.875479e-20
      6.533026e-20
      1.933094e-19
      2.806051e-19
      2.729675e-19
      1.819060e-19
      7.232874e-20
      5.164720e-21
     -8.959494e-21
     -5.341634e-21
     -2.347152e-20
     -7.216333e-20
     -1.286392e-19
     -1.618465e-19
     -1.545006e-19
     -1.106535e-19
     -5.199514e-20
     -8.328374e-21
     -2.901134e-21
     -3.639924e-20
     -8.194810e-20
     -1.009677e-19
     -7.148999e-20
     -5.043960e-21
      6.410902e-20
      1.077345e-19
      1.239174e-19
      1.324558e-19
      1.534260e-19
      1.896577e-19
      2.252548e-19
      2.366310e-19
      2.060792e-19
      1.311235e-19
      2.682172e-20
     -8.019395e-20
     -1.637406e-19
     -2.087111e-19
     -2.128184e-19
     -1.807759e-19
     -1.212398e-19
     -5.315680e-20
     -1.226717e-20
     -3.926177e-20
     -1.462518e-19
     -2.882750e-19
     -3.765193e-19
     -3.377154e-19
     -1.749909e-19
      2.677304e-20
      1.619324e-19
      1.804535e-19
      1.148848e-19
      4.084892e-20
      1.244572e-20
      2.711798e-20
      3.966353e-20
      4.475782e-21
     -8.767954e-20
     -2.003318e-19
     -2.737079e-19
     -2.660534e-19
     -1.856855e-19
     -8.539335e-20
     -1.879786e-20
      3.484005e-21
      1.421595e-20
      4.523198e-20
      8.599911e-20
      9.091934e-20
      2.787440e-20
     -8.427727e-20
     -1.877527e-19
     -2.326501e-19
     -2.119351e-19
     -1.570489e-19
     -1.070008e-19
     -8.152625e-20
     -7.506667e-20
     -6.757733e-20
     -4.109576e-20
      5.613753e-21
      5.047093e-20
      5.652472e-20
     -3.858828e-21
     -1.231517e-19
     -2.538455e-19
     -3.345806e-19
     -3.296629e-19
     -2.496343e-19
     -1.370597e-19
     -3.411719e-20
      3.791169e-20
      7.577520e-20
      8.271586e-20
      6.599492e-20
      4.234015e-20
      3.707989e-20
      7.078819e-20
      1.429273e-19
      2.262144e-19
      2.776746e-19
      2.627349e-19
      1.805995e-19
      7.285370e-20
      1.842926e-21
      7.811614e-21
      7.790219e-20
      1.563763e-19
      1.893995e-19
      1.643344e-19
      1.095912e-19
      6.090489e-20
      3.080111e-20
      9.313237e-21
     -1.120767e-20
     -1.807440e-20
      1.168456e-20
      8.243696e-20
      1.625009e-19
      2.000584e-19
      1.633012e-19
      6.984771e-20
     -2.426052e-20
     -7.026261e-20
     -6.712027e-20
     -5.830862e-20
     -8.623059e-20
     -1.467446e-19
     -1.879828e-19
     -1.562823e-19
     -4.703970e-20
      8.650690e-20
      1.734537e-19
      1.757542e-19
      1.044518e-19
     -4.909278e-21
     -1.234017e-19
     -2.327027e-19
     -3.076837e-19
     -3.128498e-19
     -2.295702e-19
     -8.604925e-20
      5.169799e-20
      1.290666e-19
      1.441154e-19
      1.361914e-19
      1.345613e-19
      1.253314e-19
      7.408516e-20
     -2.231717e-20
     -1.134339e-19
     -1.289381e-19
     -4.915051e-20
      2.952122e-20
     -5.073163e-20
     -1.533816e-19
      4.765925e-19
      1.894776e-18
     -2.557218e-19
     -1.348375e-17
     -2.542733e-17
      3.320899e-17
      2.353172e-16
      3.362648e-16
     -6.503004e-16
     -3.704680e-15
     -5.836226e-15
      5.804430e-15
      5.008103e-14
      1.166197e-13
      8.748208e-14
     -3.527552e-13
     -1.707841e-12
     -4.260893e-12
     -6.447299e-12
     -3.301202e-13
      3.763827e-11
      1.594849e-10
      4.543673e-10
      1.040102e-09
      2.033536e-09
      3.525441e-09
      5.619702e-09
      8.594520e-09
      1.317583e-08
      2.080931e-08
      3.376701e-08
      5.500269e-08
      8.784618e-08
      1.357610e-07
      2.023519e-07
      2.916163e-07
      4.082466e-07
      5.577646e-07
      7.464117e-07
      9.808732e-07
      1.267961e-06
      1.614291e-06
      2.025858e-06
      2.507342e-06
      3.060942e-06
      3.684733e-06
      4.370696e-06
      5.101916e-06
      5.846085e-06
      6.540061e-06
      7.064720e-06
      7.227402e-06
      6.793257e-06
      5.606523e-06
      3.786613e-06
      1.887006e-06
      8.512716e-07
      1.684005e-06
      4.964274e-06
      1.050698e-05
      1.743558e-05
      2.465134e-05
      3.138489e-05
      3.746210e-05
      4.315835e-05
      4.883251e-05
      5.464687e-05
      6.053000e-05
      6.630770e-05
      7.182735e-05
      7.697649e-05
      8.162234e-05
      8.554863e-05
      8.842913e-05
      8.982324e-05
      8.915308e-05
      8.561472e-05
      7.799344e-05
      6.446985e-05
      4.276151e-05
      1.113331e-05
     -2.952240e-05
     -7.339992e-05
     -1.092903e-04
     -1.237083e-04
     -1.071934e-04
     -6.027516e-05
      5.400552e-06
      7.247696e-05
      1.266294e-04
      1.627292e-04
      1.846017e-04
      1.996616e-04
      2.132253e-04
      2.263995e-04
      2.376734e-04
      2.455308e-04
      2.496558e-04
      2.504397e-04
      2.480050e-04
      2.417925e-04
      2.307543e-04
      2.136308e-04
      1.889463e-04
      1.547004e-04
      1.078919e-04
      4.423473e-05
     -4.100067e-05
     -1.497518e-04
     -2.754624e-04
     -3.979358e-04
     -4.844239e-04
     -5.009117e-04
     -4.302112e-04
     -2.855347e-04
     -1.079614e-04
      5.330936e-05
      1.654289e-04
      2.243164e-04
      2.479758e-04
      2.587071e-04
      2.689576e-04
      2.792196e-04
      2.848453e-04
      2.830169e-04
      2.744968e-04
      2.612971e-04
      2.442560e-04
      2.226608e-04
      1.951895e-04
      1.606138e-04
      1.177022e-04
      6.470583e-05
     -1.111211e-06
     -8.352959e-05
     -1.861918e-04
     -3.090131e-04
     -4.423929e-04
     -5.627745e-04
     -6.355605e-04
     -6.286674e-04
     -5.315404e-04
     -3.666615e-04
     -1.824324e-04
     -2.930695e-05
      6.505675e-05
      1.043943e-04
      1.122078e-04
      1.117365e-04
      1.133541e-04
      1.155526e-04
      1.134599e-04
      1.052982e-04
      9.278127e-05
      7.817214e-05
      6.223569e-05
      4.445247e-05
      2.413836e-05
      9.825037e-07
     -2.516973e-05
     -5.468458e-05
     -8.825731e-05
     -1.267197e-04
     -1.703842e-04
     -2.176502e-04
     -2.631906e-04
     -2.972495e-04
     -3.080547e-04
     -2.876560e-04
     -2.381565e-04
     -1.733413e-04
     -1.130191e-04
     -7.302100e-05
     -5.780633e-05
     -6.078510e-05
     -7.116622e-05
     -8.128001e-05
     -8.921021e-05
     -9.654056e-05
     -1.048242e-04
     -1.139895e-04
     -1.229701e-04
     -1.308746e-04
     -1.373711e-04
     -1.423230e-04
     -1.453693e-04
     -1.458254e-04
     -1.427678e-04
     -1.350299e-04
     -1.209798e-04
     -9.818843e-05
     -6.346869e-05
     -1.417817e-05
      4.863191e-05
      1.163688e-04
      1.717667e-04
      1.939257e-04
      1.688883e-04
      9.931782e-05
      5.240830e-06
     -8.628026e-05
     -1.555931e-04
     -1.984953e-04
     -2.230924e-04
     -2.401197e-04
     -2.554083e-04
     -2.690314e-04
     -2.789039e-04
     -2.839795e-04
     -2.846729e-04
     -2.816012e-04
     -2.746447e-04
     -2.629902e-04
     -2.455429e-04
     -2.210625e-04
     -1.879878e-04
     -1.441689e-04
     -8.654207e-05
     -1.081927e-05
      8.792962e-05
      2.120231e-04
      3.544614e-04
      4.920796e-04
      5.862350e-04
      5.970343e-04
      5.066419e-04
      3.355769e-04
      1.364406e-04
     -3.390667e-05
     -1.439480e-04
     -1.972093e-04
     -2.180760e-04
     -2.293411e-04
     -2.399499e-04
     -2.478382e-04
     -2.490775e-04
     -2.431455e-04
     -2.320434e-04
     -2.173735e-04
     -1.991588e-04
     -1.765559e-04
     -1.487256e-04
     -1.149247e-04
     -7.415861e-05
     -2.492961e-05
      3.488552e-05
      1.081037e-04
      1.975927e-04
      3.035051e-04
      4.179518e-04
      5.202030e-04
      5.788288e-04
      5.649111e-04
      4.709929e-04
      3.214745e-04
      1.630295e-04
      3.933687e-05
     -3.118492e-05
     -5.827951e-05
     -6.440658e-05
     -6.662516e-05
     -6.970979e-05
     -7.102293e-05
     -6.804587e-05
     -6.127270e-05
     -5.257830e-05
     -4.306033e-05
     -3.268193e-05
     -2.106608e-05
     -8.039451e-06
      6.441802e-06
      2.253371e-05
      4.057316e-05
      6.103133e-05
      8.446462e-05
      1.112828e-04
      1.409286e-04
      1.704281e-04
      1.933450e-04
      2.009878e-04
      1.866965e-04
      1.510430e-04
      1.035700e-04
      5.847213e-05
      2.676760e-05
      1.097652e-05
      6.155370e-06
      5.400259e-06
      4.603112e-06
      3.243413e-06
      2.295973e-06
      2.250506e-06
      2.775369e-06
      3.380478e-06
      3.890313e-06
      4.375685e-06
      4.913370e-06
      5.501808e-06
      6.116284e-06
      6.759046e-06
      7.454905e-06
      8.230623e-06
      9.107185e-06
      1.009030e-05
      1.113022e-05
      1.205253e-05
      1.252172e-05
      1.213094e-05
      1.063927e-05
      8.214537e-06
      5.451422e-06
      3.077857e-06
      1.547367e-06
      8.423563e-07
      6.221362e-07
      5.373290e-07
      4.289368e-07
      3.066044e-07
      2.204529e-07
      1.805017e-07
      1.633670e-07
      1.488164e-07
      1.336051e-07
      1.219511e-07
      1.154546e-07
      1.124579e-07
      1.113890e-07
      1.120396e-07
      1.147373e-07
      1.196189e-07
      1.266525e-07
      1.357069e-07
      1.460673e-07
      1.554976e-07
      1.597037e-07
      1.534404e-07
      1.335920e-07
      1.023505e-07
      6.738071e-08
      3.785715e-08
      1.917296e-08
      1.067249e-08
      7.891558e-09
      6.619293e-09
      5.136210e-09
      3.650080e-09
      2.678864e-09
      2.230748e-09
      2.005147e-09
      1.803417e-09
      1.614967e-09
      1.481785e-09
      1.407231e-09
      1.369118e-09
      1.354000e-09
      1.361887e-09
      1.395414e-09
      1.454922e-09
      1.540045e-09
      1.649657e-09
      1.775644e-09
      1.891457e-09
      1.944619e-09
      1.869437e-09
      1.626058e-09
      1.242026e-09
      8.143384e-10
      4.572223e-10
      2.344228e-10
      1.336186e-10
      9.861682e-11
      8.035942e-11
      6.094021e-11
      4.345279e-11
      3.268405e-11
      2.753580e-11
      2.450232e-11
      2.181200e-11
      1.954708e-11
      1.802891e-11
      1.714706e-11
      1.665639e-11
      1.645715e-11
      1.655827e-11
      1.697219e-11
      1.769521e-11
      1.872599e-11
      2.005361e-11
      2.158463e-11
      2.300613e-11
      2.367913e-11
      2.277927e-11
      1.979357e-11
      1.506865e-11
      9.836949e-12
      5.522412e-12
      2.871227e-12
      1.674381e-12
      1.228859e-12
      9.717393e-13
      7.223351e-13
      5.194618e-13
      4.001151e-13
      3.390850e-13
      2.983907e-13
      2.637644e-13
      2.370298e-13
      2.195180e-13
      2.088039e-13
      2.025412e-13
      2.000529e-13
      2.013605e-13
      2.064287e-13
      2.152017e-13
      2.276994e-13
      2.437841e-13
      2.623711e-13
      2.798061e-13
      2.883412e-13
      2.776121e-13
      2.409645e-13
      1.827673e-13
      1.187576e-13
      6.671167e-14
      3.524055e-14
      2.099543e-14
      1.525862e-14
      1.170184e-14
      8.563389e-15
      6.242270e-15
      4.908908e-15
      4.161458e-15
      3.623484e-15
      3.191967e-15
      2.879101e-15
      2.672998e-15
      2.540791e-15
      2.462507e-15
      2.432613e-15
      2.449201e-15
      2.510764e-15
      2.617172e-15
      2.768841e-15
      2.963616e-15
      3.188814e-15
      3.402314e-15
      3.510847e-15
      3.383769e-15
      2.933723e-15
      2.215795e-15
      1.432398e-15
      8.059079e-16
      4.334989e-16
      2.633583e-16
      1.887377e-16
      1.404304e-16
      1.017359e-16
      7.543377e-17
      6.025184e-17
      5.086048e-17
      4.385801e-17
      3.852816e-17
      3.480713e-17
      3.237238e-17
      3.084674e-17
      2.999202e-17
      2.968970e-17
      2.989858e-17
      3.061457e-17
      3.183754e-17
      3.358683e-17
      3.589560e-17
      3.866291e-17
      4.136201e-17
      4.278187e-17
      4.123322e-17
      3.560872e-17
      2.669879e-17
      1.718599e-17
      9.807019e-18
      5.483272e-18
      3.359033e-18
      2.251503e-18
      1.594012e-18
      1.240589e-18
      1.041976e-18
      8.520390e-19
      6.737536e-19
      5.836535e-19
      5.797059e-19
      5.875596e-19
      5.546258e-19
      4.755690e-19
      3.706248e-19
      2.842995e-19
      2.692564e-19
      3.363004e-19
      4.420320e-19
      5.424238e-19
      6.380058e-19
      7.496476e-19
      8.521422e-19
      8.493761e-19
      6.602037e-19
      3.525580e-19
      1.310645e-19
      1.292315e-19
      2.559198e-19
      3.006296e-19
      1.534384e-19
     -1.057092e-19
     -2.863235e-19
     -2.465582e-19
     -3.200350e-20
      1.469897e-19
      1.367421e-19
      1.823029e-20
     -1.137021e-20
      9.327775e-20
      1.812515e-19
      1.312381e-19
      1.247457e-20
     -2.680971e-20
      4.315353e-20
      1.159956e-19
      1.011845e-19
      3.009071e-20
     -4.668731e-21
      2.366591e-20
      5.381969e-20
      4.055926e-20
      3.017854e-20
      9.161242e-20
      2.091767e-19
      3.053476e-19
      3.403664e-19
      3.260528e-19
      2.734492e-19
      1.860564e-19
      8.662278e-20
      8.696098e-21
     -4.060977e-20
     -9.068567e-20
     -1.680496e-19
     -2.504830e-19
     -2.778515e-19
     -2.186578e-19
     -1.122728e-19
     -2.701099e-20
      1.575574e-20
      5.165044e-20
      1.106760e-19
      1.774753e-19
      2.233176e-19
      2.444732e-19
      9.950900e-20
      2.260282e-19
      2.078728e-19
      3.482750e-20
     -1.007538e-19
     -5.620545e-20
      8.170953e-20
      1.251785e-19
      3.066017e-20
     -7.096218e-20
     -7.422003e-20
     -2.662817e-20
     -6.947068e-21
      3.235690e-20
      1.767573e-19
      3.405361e-19
      3.159947e-19
      7.394916e-20
     -1.458055e-19
     -1.373340e-19
      9.464302e-21
      7.017707e-20
      1.543702e-20
      2.212253e-20
      1.653464e-19
      2.681063e-19
      1.401295e-19
     -1.606874e-19
     -3.981411e-19
     -3.985286e-19
     -1.620213e-19
      1.746935e-19
      4.221934e-19
      4.565020e-19
      3.201013e-19
      1.772122e-19
      1.470316e-19
      2.073901e-19
      2.501749e-19
      1.812248e-19
     -2.183036e-20
     -2.863195e-19
     -4.714917e-19
     -4.673287e-19
     -2.847185e-19
     -4.249576e-20
      1.101906e-19
      5.688377e-20
     -2.189767e-19
     -5.684850e-19
     -7.531478e-19
     -6.762930e-19
     -4.827780e-19
     -3.568125e-19
     -3.093073e-19
     -2.544229e-19
     -2.034811e-19
     -2.623947e-19
     -4.563812e-19
     -6.378361e-19
     -6.177672e-19
     -3.936226e-19
     -1.835747e-19
     -1.758157e-19
     -3.125912e-19
     -4.116126e-19
     -4.226490e-19
     -4.517545e-19
     -6.075169e-19
     -9.394389e-19
     -1.461417e-18
     -2.164629e-18
     -3.191337e-18
     -5.226052e-18
     -9.526945e-18
     -1.696537e-17
     -2.665276e-17
     -3.582474e-17
     -4.162218e-17
     -4.310055e-17
     -4.144540e-17
     -3.856340e-17
     -3.577217e-17
     -3.350953e-17
     -3.171513e-17
     -3.031889e-17
     -2.947140e-17
     -2.936174e-17
     -2.993226e-17
     -3.097957e-17
     -3.253560e-17
     -3.495775e-17
     -3.863244e-17
     -4.377223e-17
     -5.064890e-17
     -6.037019e-17
     -7.586305e-17
     -1.011247e-16
     -1.376875e-16
     -1.859993e-16
     -2.648883e-16
     -4.395494e-16
     -8.102301e-16
     -1.429455e-15
     -2.208549e-15
     -2.930048e-15
     -3.386516e-15
     -3.515805e-15
     -3.404975e-15
     -3.188877e-15
     -2.963036e-15
     -2.768763e-15
     -2.617470e-15
     -2.510980e-15
     -2.449159e-15
     -2.432234e-15
     -2.461682e-15
     -2.540552e-15
     -2.675632e-15
     -2.882959e-15
     -3.187651e-15
     -3.608597e-15
     -4.163639e-15
     -4.961791e-15
     -6.304270e-15
     -8.508103e-15
     -1.149177e-14
     -1.510998e-14
     -2.119096e-14
     -3.570352e-14
     -6.696439e-14
     -1.184765e-13
     -1.822241e-13
     -2.407036e-13
     -2.778058e-13
     -2.886915e-13
     -2.799965e-13
     -2.623714e-13
     -2.437259e-13
     -2.276634e-13
     -2.151914e-13
     -2.064381e-13
     -2.013776e-13
     -2.000268e-13
     -2.024605e-13
     -2.088443e-13
     -2.198618e-13
     -2.372574e-13
     -2.629550e-13
     -2.969735e-13
     -3.400910e-13
     -4.054656e-13
     -5.237141e-13
     -7.154152e-13
     -9.541912e-13
     -1.220034e-12
     -1.693138e-12
     -2.906838e-12
     -5.538705e-12
     -9.813728e-12
     -1.502802e-11
     -1.977428e-11
     -2.279331e-11
     -2.370572e-11
     -2.302198e-11
     -2.158584e-11
     -2.004903e-11
     -1.872251e-11
     -1.769450e-11
     -1.697394e-11
     -1.655928e-11
     -1.645169e-11
     -1.664871e-11
     -1.715915e-11
     -1.806660e-11
     -1.955053e-11
     -2.171045e-11
     -2.439199e-11
     -2.769725e-11
     -3.317560e-11
     -4.370131e-11
     -6.020562e-11
     -7.894506e-11
     -9.814655e-11
     -1.353079e-10
     -2.371498e-10
     -4.582688e-10
     -8.124411e-10
     -1.238954e-09
     -1.624617e-09
     -1.870473e-09
     -1.946653e-09
     -1.892760e-09
     -1.775816e-09
     -1.649290e-09
     -1.539732e-09
     -1.454912e-09
     -1.395630e-09
     -1.361834e-09
     -1.353242e-09
     -1.368636e-09
     -1.409157e-09
     -1.485256e-09
     -1.613343e-09
     -1.792634e-09
     -1.998034e-09
     -2.250484e-09
     -2.721152e-09
     -3.661039e-09
     -5.065034e-09
     -6.508218e-09
     -7.871614e-09
     -1.081916e-08
     -1.938135e-08
     -3.792373e-08
     -6.722673e-08
     -1.021165e-07
     -1.334833e-07
     -1.535179e-07
     -1.598605e-07
     -1.556040e-07
     -1.460855e-07
     -1.356775e-07
     -1.266275e-07
     -1.196244e-07
     -1.147563e-07
     -1.120152e-07
     -1.113074e-07
     -1.124559e-07
     -1.156949e-07
     -1.222259e-07
     -1.332995e-07
     -1.478437e-07
     -1.631278e-07
     -1.827383e-07
     -2.241722e-07
     -3.073997e-07
     -4.241175e-07
     -5.322202e-07
     -6.280533e-07
     -8.654398e-07
     -1.581260e-06
     -3.111793e-06
     -5.486623e-06
     -8.269984e-06
     -1.074044e-05
     -1.229589e-05
     -1.276042e-05
     -1.237792e-05
     -1.156740e-05
     -1.067680e-05
     -9.888594e-06
     -9.258407e-06
     -8.787380e-06
     -8.464316e-06
     -8.276038e-06
     -8.212899e-06
     -8.283284e-06
     -8.516632e-06
     -8.926553e-06
     -9.470766e-06
     -1.012006e-05
     -1.105266e-05
     -1.270966e-05
     -1.539628e-05
     -1.871116e-05
     -2.184499e-05
     -2.538113e-05
     -3.327754e-05
     -5.222231e-05
     -8.714905e-05
     -1.357928e-04
     -1.874032e-04
     -2.277976e-04
     -2.472162e-04
     -2.448988e-04
     -2.275174e-04
     -2.039040e-04
     -1.805989e-04
     -1.605772e-04
     -1.443466e-04
     -1.314618e-04
     -1.213624e-04
     -1.135888e-04
     -1.078037e-04
     -1.038206e-04
     -1.015522e-04
     -1.008271e-04
     -1.013370e-04
     -1.030819e-04
     -1.070257e-04
     -1.147952e-04
     -1.268266e-04
     -1.409309e-04
     -1.548879e-04
     -1.733903e-04
     -2.127923e-04
     -2.948959e-04
     -4.296008e-04
     -5.993564e-04
     -7.611362e-04
     -8.680198e-04
     -8.947739e-04
     -8.482903e-04
     -7.575956e-04
     -6.545671e-04
     -5.602003e-04
     -4.823179e-04
     -4.205681e-04
     -3.719571e-04
     -3.336495e-04
     -3.035383e-04
     -2.801093e-04
     -2.623064e-04
     -2.493319e-04
     -2.403703e-04
     -2.346610e-04
     -2.322152e-04
     -2.344137e-04
     -2.429953e-04
     -2.575006e-04
     -2.744731e-04
     -2.922390e-04
     -3.194489e-04
     -3.780194e-04
     -4.917651e-04
     -6.646494e-04
     -8.662191e-04
     -1.040208e-03
     -1.133560e-03
     -1.124799e-03
     -1.031247e-03
     -8.930533e-04
     -7.494283e-04
     -6.238426e-04
     -5.232236e-04
     -4.450522e-04
     -3.842974e-04
     -3.366934e-04
     -2.992316e-04
     -2.697865e-04
     -2.467939e-04
     -2.290260e-04
     -2.154416e-04
     -2.052874e-04
     -1.984351e-04
     -1.954138e-04
     -1.965903e-04
     -2.010476e-04
     -2.069556e-04
     -2.145045e-04
     -2.293178e-04
     -2.617743e-04
     -3.198827e-04
     -3.997818e-04
     -4.823003e-04
     -5.405340e-04
     -5.541736e-04
     -5.201601e-04
     -4.523251e-04
     -3.717627e-04
     -2.960065e-04
     -2.337648e-04
     -1.860428e-04
     -1.501153e-04
     -1.227641e-04
     -1.015753e-04
     -8.494086e-05
     -7.171366e-05
     -6.099227e-05
     -5.210811e-05
     -4.468812e-05
     -3.856171e-05
     -3.339498e-05
     -2.836876e-05
     -2.251278e-05
     -1.575390e-05
     -9.500247e-06
     -5.182194e-06
     -9.229267e-07
      1.069373e-05
      4.022404e-05
      9.429353e-05
      1.687291e-04
      2.479524e-04
      3.121346e-04
      3.472438e-04
      3.509530e-04
      3.311848e-04
      2.998365e-04
      2.667841e-04
      2.373756e-04
      2.131609e-04
      1.937804e-04
      1.783953e-04
      1.663176e-04
      1.571608e-04
      1.507268e-04
      1.466999e-04
      1.444699e-04
      1.435946e-04
      1.447733e-04
      1.500413e-04
      1.609504e-04
      1.758933e-04
      1.904299e-04
      2.032832e-04
      2.244779e-04
      2.765474e-04
      3.826241e-04
      5.468349e-04
      7.423207e-04
      9.190544e-04
      1.028305e-03
      1.046874e-03
      9.848667e-04
      8.744649e-04
      7.506487e-04
      6.372335e-04
      5.438020e-04
      4.702753e-04
      4.128857e-04
      3.678223e-04
      3.323528e-04
      3.047011e-04
      2.835909e-04
      2.677980e-04
      2.560691e-04
      2.477271e-04
      2.434944e-04
      2.451632e-04
      2.534141e-04
      2.656680e-04
      2.776649e-04
      2.899932e-04
      3.146773e-04
      3.734105e-04
      4.840264e-04
      6.429449e-04
      8.180430e-04
      9.603965e-04
      1.028541e-03
      1.008639e-03
      9.175827e-04
      7.895795e-04
      6.577725e-04
      5.426049e-04
      4.506294e-04
      3.797916e-04
      3.252887e-04
      2.828454e-04
      2.495054e-04
      2.233012e-04
      2.027812e-04
      1.867261e-04
      1.741426e-04
      1.644998e-04
      1.578954e-04
      1.546836e-04
      1.545860e-04
      1.562254e-04
      1.582355e-04
      1.617297e-04
      1.718718e-04
      1.959251e-04
      2.377548e-04
      2.924751e-04
      3.460121e-04
      3.810631e-04
      3.858299e-04
      3.596011e-04
      3.117990e-04
      2.560279e-04
      2.036553e-04
      1.605745e-04
      1.276799e-04
      1.032077e-04
      8.486618e-05
      7.085510e-05
      5.998917e-05
      5.148940e-05
      4.479632e-05
      3.948487e-05
      3.524249e-05
      3.186258e-05
      2.921817e-05
      2.720303e-05
      2.567487e-05
      2.447132e-05
      2.352569e-05
      2.299255e-05
      2.321616e-05
      2.446302e-05
      2.656247e-05
      2.875372e-05
      2.993704e-05
      2.921835e-05
      2.638557e-05
      2.199489e-05
      1.703876e-05
      1.245495e-05
      8.788512e-06
      6.143331e-06
      4.343187e-06
      3.132476e-06
      2.300057e-06
      1.710257e-06
      1.283964e-06
      9.728127e-07
      7.439426e-07
      5.739415e-07
      4.463120e-07
      3.495695e-07
      2.756182e-07
      2.186232e-07
      1.743435e-07
      1.397263e-07
      1.125826e-07
      9.125792e-08
      7.433199e-08
      6.046333e-08
      4.846403e-08
      3.753556e-08
      2.745653e-08
      1.852810e-08
      1.126435e-08
      6.011032e-09
      2.721608e-09
      9.896199e-10
      2.564097e-10
      2.905301e-11
     -8.719393e-12
     -3.783777e-12
      2.839643e-13
      2.417749e-13
     -3.598754e-13
     -3.412483e-13
     -9.759652e-14
      2.449156e-14
      2.810271e-14
      6.807943e-15
     -1.637447e-15
     -1.332645e-15
     -1.847076e-16
      6.684448e-17
      2.371084e-17
      5.028169e-18
      3.544891e-18
     -4.272542e-20
     -1.314015e-18
     -3.533901e-19
      1.931535e-19
      9.759073e-20
     -1.573714e-20
     -1.642919e-20
      9.035102e-24
      2.070784e-21
      2.669936e-22
     -2.026377e-22
     -6.409518e-23
      1.423566e-23
      1.153496e-23
     -4.256463e-25
     -1.870190e-24
     -4.726361e-26
      2.825828e-25
      5.186214e-27
     -3.940981e-26
      9.704090e-28
      5.026626e-27
     -4.311372e-28
     -5.910149e-28
      9.808130e-29
      6.417123e-29
     -1.845992e-29
     -5.873880e-30
      3.075484e-30
      2.682998e-31
     -4.231806e-31
      4.496624e-32
      4.165426e-32
     -1.401275e-32
     -1.730044e-33
      2.006068e-33
     -2.909200e-34
     -1.522708e-34
      7.328792e-35
     -3.512231e-36
     -7.086325e-36
      2.544505e-36
     -3.560969e-38
     -2.617255e-37
      9.229123e-38
     -4.590691e-39
     -8.006138e-39
      3.444315e-39
     -4.899725e-40
     -1.591981e-40
      1.135374e-40
     -3.086684e-41
      1.764964e-42
      2.274062e-42
     -1.177209e-42
      3.119142e-43
     -3.111277e-44
     -1.495317e-44
      1.009737e-44
     -3.543350e-45
      8.325470e-46
     -9.813914e-47
     -2.472154e-47
      2.173542e-47
     -9.377187e-48
      3.162214e-48
     -9.213274e-49
      2.414949e-49
     -5.815844e-50
      1.303120e-50
     -2.738710e-51
      5.428222e-52
     -1.018329e-52
      1.812147e-53
     -3.061815e-54
      4.909802e-55
     -7.456398e-56
      1.067490e-56
     -1.427880e-57
      1.753554e-58
     -1.903058e-59
      1.639940e-60
     -6.061715e-62
     -1.699075e-62
      5.928874e-63
     -1.287939e-63
      2.345618e-64
     -3.861258e-65
      5.926052e-66
     -8.615944e-67
      1.197937e-67
     -1.602541e-68
      2.071398e-69
     -2.595004e-70
      3.158291e-71
     -3.741180e-72
      4.319735e-73
     -4.867836e-74
      5.359198e-75
     -5.769518e-76
      6.078493e-77
     -6.271473e-78
      6.340579e-79
     -6.285150e-80
      6.111518e-81
     -5.832170e-82
      5.464413e-83
     -5.028752e-84
      4.547151e-85
     -4.041379e-86
      3.531591e-87
     -3.035240e-88
      2.566383e-89
     -2.135371e-90
      1.748880e-91
     -1.410223e-92
      1.119845e-93
     -8.759261e-95
      6.750081e-96
     -5.125916e-97
      3.836546e-98
     -2.830729e-99
     2.059321e-100
    -1.477387e-101
     1.045401e-102
    -7.297283e-104
     5.025719e-105
    -3.415551e-106
     2.290941e-107
    -1.516773e-108
     9.913834e-110
    -6.397887e-111
     4.077211e-112
    -2.566123e-113
     1.595270e-114
    -9.796854e-116
     5.944108e-117
    -3.563567e-118
     2.111207e-119
    -1.236153e-120
     7.154130e-122
    -4.092890e-123
     2.314926e-124
    -1.294559e-125
     7.158587e-127
    -3.914672e-128
     2.117226e-129
    -1.132617e-130
     5.993529e-132
    -3.137648e-133
     1.625121e-134
    -8.328453e-136
     4.223537e-137
    -2.119616e-138
     1.052791e-139
    -5.175657e-141
     2.518609e-142
    -1.213279e-143
     5.786261e-145
    -2.732149e-146
     1.277353e-147
    -5.913554e-149
     2.711109e-150
    -1.230938e-151
     5.535344e-153
    -2.465479e-154
     1.087762e-155
    -4.754118e-157
     2.058433e-158
    -8.829995e-160
     3.752903e-161
    -1.580459e-162
     6.595274e-164
    -2.727353e-165
     1.117720e-166
    -4.539744e-168
     1.827512e-169
    -7.291935e-171
     2.884041e-172
    -1.130730e-173
     4.394773e-175
    -1.693386e-176
     6.469026e-178
    -2.450223e-179
     9.201883e-181
    -3.426670e-182
     1.265354e-183
    -4.633566e-185
     1.682679e-186
    -6.060222e-188
     2.164689e-189
    -7.669029e-191
     2.694888e-192
    -9.393212e-194
     3.247713e-195
    -1.113905e-196
     3.790023e-198
    -1.279309e-199
     4.284149e-201
    -1.423394e-202
     4.692152e-204
    -1.534691e-205
     4.980654e-207
    -1.603921e-208
     5.125367e-210
    -1.625273e-211
     5.114475e-213
    -1.597212e-214
     4.950215e-216
    -1.522645e-217
     4.648353e-219
    -1.408439e-220
     4.235727e-222
    -1.264389e-223
     3.746349e-225
    -1.101849e-226
     3.216876e-228
    -9.322997e-230
     2.682237e-231
    -7.660723e-233
     2.172122e-234
    -6.114359e-236
     1.708756e-237
    -4.741131e-239
     1.306069e-240
    -3.572257e-242
     9.701101e-244
    -2.615836e-245
     7.003582e-247
    -1.861913e-248
     4.915151e-250
    -1.288431e-251
     3.353831e-253
    -8.669321e-255
     2.225365e-256
    -5.672802e-258
     1.436092e-259
    -3.610466e-261
     9.014631e-263
    -2.235342e-264
     5.505020e-266
    -1.346480e-267
     3.270950e-269
    -7.892024e-271
     1.891255e-272
    -4.501587e-274
     1.064246e-275
    -2.499109e-277
     5.829110e-279
    -1.350514e-280
     3.108010e-282
    -7.104896e-284
     1.613360e-285
    -3.639226e-287
     8.154486e-289
    -1.815097e-290
     4.013507e-292
    -8.816067e-294
     1.923790e-295
    -4.170400e-297
     8.981319e-299
    -1.921543e-300
     4.084250e-302
    -8.624461e-304
     1.809313e-305
    -3.771049e-307
     7.808761e-309
    -1.606490e-310
     3.283629e-312
    -6.668297e-314
     1.345441e-315
    -2.697163e-317
     5.372322e-319
    -1.063229e-320
     2.025669e-322
      0.000000e+00
      0.000000e+00
      0.000000e+00
      0.000000e+00
      0.000000e+00
      0.000000e+00
      0.000000e+00
      0.000000e+00
      0.000000e+00
      0.000000e+00
      0.000000e+00
      0.000000e+00
      0.000000e+00
      0.000000e+00
      0.000000e+00
      0.000000e+00
      0.000000e+00
      0.000000e+00
      0.000000e+00
      0.000000e+00
      0.000000e+00
      0.000000e+00
      0.000000e+00
      0.000000e+00
      0.000000e+00
      0.000000e+00
      0.000000e+00
      0.000000e+00
      0.000000e+00
      0.000000e+00
      0.000000e+00
      0.000000e+00
      0.000000e+00
      0.000000e+00
      0.000000e+00
      0.000000e+00
      0.000000e+00
      0.000000e+00
      0.000000e+00
      0.000000e+00
      0.000000e+00
      0.000000e+00
      0.000000e+00
      0.000000e+00
      0.000000e+00
      0.000000e+00
      0.000000e+00
      0.000000e+00
      0.000000e+00
      0.000000e+00
      0.000000e+00
      0.000000e+00
      0.000000e+00
      0.000000e+00
      0.000000e+00
      0.000000e+00
      0.000000e+00
      0.000000e+00
      0.000000e+00
      0.000000e+00
      0.000000e+00
      0.000000e+00
      0.000000e+00
      0.000000e+00
      0.000000e+00
      0.000000e+00
      0.000000e+00
      0.000000e+00
      0.000000e+00
      0.000000e+00
      0.000000e+00
      0.000000e+00
      0.000000e+00
      0.000000e+00
      0.000000e+00
      0.000000e+00
      0.000000e+00
      0.000000e+00
      0.000000e+00
      0.000000e+00
      0.000000e+00
      0.000000e+00
      0.000000e+00
      0.000000e+00
      0.000000e+00
      0.000000e+00
      0.000000e+00
      0.000000e+00
      0.000000e+00
      0.000000e+00
      0.000000e+00
      0.000000e+00
      0.000000e+00
      0.000000e+00
      0.000000e+00
      0.000000e+00
      0.000000e+00
      0.000000e+00
      0.000000e+00
      0.000000e+00
      0.000000e+00
      0.000000e+00
      0.000000e+00
      0.000000e+00
      0.000000e+00
      0.000000e+00
      0.000000e+00
      0.000000e+00
      0.000000e+00
      0.000000e+00
      0.000000e+00
      0.000000e+00
      0.000000e+00
      0.000000e+00
      0.000000e+00
      0.000000e+00
      0.000000e+00
      0.000000e+00
      0.000000e+00
      0.000000e+00
      0.000000e+00
      0.000000e+00
      0.000000e+00
      0.000000e+00
      0.000000e+00
      0.000000e+00
      0.000000e+00
      0.000000e+00
      0.000000e+00
      0.000000e+00
      0.000000e+00
      0.000000e+00
      0.000000e+00
      0.000000e+00
      0.000000e+00
      0.000000e+00
      0.000000e+00
      0.000000e+00
      0.000000e+00
      0.000000e+00
      0.000000e+00
      0.000000e+00
      0.000000e+00
      0.000000e+00
      0.000000e+00
      0.000000e+00
      0.000000e+00
      0.000000e+00
      0.000000e+00
      0.000000e+00
      0.000000e+00
      0.000000e+00
      0.000000e+00
      0.000000e+00
      0.000000e+00
      0.000000e+00
      0.000000e+00
      0.000000e+00
      0.000000e+00
      0.000000e+00
      0.000000e+00
      0.000000e+00
      0.000000e+00
      0.000000e+00
      0.000000e+00
      0.000000e+00
      0.000000e+00
      0.000000e+00
      0.000000e+00
      0.000000e+00
      0.000000e+00
      0.000000e+00
      0.000000e+00
      0.000000e+00
      0.000000e+00
      0.000000e+00
      0.000000e+00
