      0.000000e+00
      0.000000e+00
     -2.207836e-21
     -2.251671e-21
     -1.894937e-22
     -6.149030e-21
     -2.120780e-20
     -2.827356e-20
     -2.843544e-20
     -3.956628e-20
     -4.712170e-20
     -2.963854e-20
     -1.013277e-20
     -1.536425e-20
     -3.024700e-20
     -2.823724e-20
     -9.584681e-21
      9.167226e-21
      2.445204e-20
      3.368157e-20
      1.074476e-20
     -5.170894e-20
     -1.015849e-19
     -9.137930e-20
     -5.050885e-20
     -3.808776e-20
     -4.479744e-20
     -2.473433e-20
      1.491659e-21
     -9.166758e-21
     -3.755300e-20
     -6.721004e-20
     -1.050497e-19
     -1.750026e-19
      7.733782e-19
     -9.878665e-18
      1.003058e-16
     -8.057407e-16
      4.818346e-15
     -1.966861e-14
      6.418516e-14
     -4.581875e-13
      2.368627e-12
      3.572941e-11
     -6.242849e-10
      2.641564e-09
      1.015426e-08
     -7.580348e-08
     -2.849672e-07
      7.638952e-07
      7.912241e-06
      2.877824e-05
      6.779965e-05
      1.186574e-04
      1.620642e-04
      1.714373e-04
      1.237652e-04
      1.362475e-05
     -1.266045e-04
     -2.211698e-04
     -2.081905e-04
     -1.172060e-04
     -4.411807e-05
     -4.446064e-05
     -9.480117e-05
     -1.464840e-04
     -1.698411e-04
     -1.520910e-04
     -8.983359e-05
      6.253580e-06
      1.095374e-04
      1.847502e-04
      2.001049e-04
      1.485649e-04
      6.735314e-05
      1.059487e-05
     -4.797360e-06
     -1.088496e-06
      1.396363e-06
      5.812331e-07
     -1.120868e-07
     -1.016070e-07
     -1.258040e-08
      7.316685e-10
     -1.105558e-09
     -1.499225e-09
     -1.521860e-09
     -7.764891e-10
     -1.230143e-10
      2.359922e-11
     -1.740909e-12
     -7.116219e-12
     -9.448207e-13
      5.315944e-13
      2.115943e-13
      1.329812e-13
      8.147960e-14
      2.128196e-14
      6.686202e-15
      8.254550e-15
      6.413652e-15
     -3.826439e-15
     -2.657557e-15
     -2.976090e-14
     -1.283183e-13
     -2.440071e-13
     -4.081645e-14
      1.004650e-12
      2.652767e-12
      3.444892e-13
     -1.419225e-11
      3.212087e-13
      2.310720e-10
      7.886581e-10
      9.976428e-10
     -4.167476e-11
      2.745808e-11
      7.744959e-09
      3.088006e-08
      7.041736e-08
     -1.019861e-08
     -6.331101e-07
     -1.394266e-06
      5.879961e-07
      4.297607e-06
     -9.988451e-06
     -7.276969e-05
     -1.834891e-04
     -2.992139e-04
     -3.816374e-04
     -4.244435e-04
     -4.347713e-04
     -4.194916e-04
     -3.842027e-04
     -3.335118e-04
     -2.726285e-04
     -2.050615e-04
     -1.185804e-04
      2.245060e-05
      2.375025e-04
      4.698295e-04
      6.119967e-04
      6.140783e-04
      5.207310e-04
      3.986316e-04
      2.825440e-04
      1.844637e-04
      1.086936e-04
      5.560251e-05
      2.307891e-05
      6.780114e-06
      8.555137e-07
     -2.530262e-07
     -1.007624e-07
      1.335503e-08
      7.600582e-09
     -1.833722e-09
     -2.561836e-10
      1.873484e-10
     -3.951688e-11
      3.871567e-12
      9.299540e-14
     -1.013742e-13
      2.013479e-14
     -2.657804e-15
      2.733132e-16
     -2.326779e-17
      1.693788e-18
     -1.076051e-19
      6.051332e-21
     -3.044386e-22
      1.381453e-23
     -5.691180e-25
      2.140021e-26
     -7.377428e-28
      2.340294e-29
     -6.852781e-31
      1.857091e-32
     -4.667946e-34
      1.090283e-35
     -2.369852e-37
      4.799343e-39
     -9.063490e-41
      1.596979e-42
     -2.625921e-44
      4.028686e-46
     -5.763182e-48
      7.677796e-50
     -9.505803e-52
      1.090186e-53
     -1.152204e-55
      1.112777e-57
     -9.676509e-60
      7.359386e-62
     -4.563361e-64
      1.766778e-66
      5.934076e-69
     -2.232468e-70
      3.068437e-72
      0.000000e+00
      0.000000e+00
