      0.000000e+00
      0.000000e+00
     -4.548319e-22
     -2.275182e-22
     -3.530356e-22
     -1.282972e-21
     -4.841034e-21
     -1.778684e-20
     -4.154159e-20
     -5.750217e-20
     -4.762679e-20
     -2.925314e-20
     -3.743514e-20
     -7.338528e-20
     -1.007886e-19
     -9.726312e-20
     -7.782938e-20
     -5.411461e-20
     -1.299003e-20
      3.793216e-20
      5.607829e-20
      3.202443e-20
      1.361647e-20
      3.111416e-20
      6.262357e-20
      7.961897e-20
      6.724391e-20
      2.908314e-20
     -1.656881e-21
     -7.556222e-21
     -1.478348e-21
      3.219189e-20
      9.063736e-20
      9.330460e-20
      6.561266e-21
     -8.251418e-20
     -9.758475e-20
     -4.824752e-20
      3.038546e-20
      8.994965e-20
      7.742595e-20
      1.691875e-20
     -4.392978e-21
      3.560205e-20
      1.029990e-19
     -2.624381e-19
      4.021881e-18
     -3.909990e-17
      3.145317e-16
     -1.910040e-15
      7.264790e-15
     -2.699379e-15
     -1.335191e-13
      3.490779e-13
      3.501281e-12
     -1.407587e-11
     -1.383652e-10
      7.643848e-10
      3.181998e-09
     -1.558711e-08
     -9.205772e-08
      1.629546e-08
      1.612764e-06
      7.814490e-06
      2.300438e-05
      5.032999e-05
      8.851822e-05
      1.303250e-04
      1.636945e-04
      1.747117e-04
      1.511363e-04
      8.652956e-05
     -1.446605e-05
     -1.296324e-04
     -2.169186e-04
     -2.331400e-04
     -1.738815e-04
     -8.862254e-05
     -3.811629e-05
     -4.207205e-05
     -7.892557e-05
     -1.212008e-04
     -1.541157e-04
     -1.694919e-04
     -1.594657e-04
     -1.195346e-04
     -5.291690e-05
      2.938117e-05
      1.113124e-04
      1.748734e-04
      2.033980e-04
      1.869037e-04
      1.313371e-04
      6.365389e-05
      1.594081e-05
     -1.186060e-06
     -1.082957e-06
      8.970996e-07
      6.400305e-07
      3.479644e-10
     -9.656726e-08
     -1.635835e-08
      4.995566e-09
     -1.542896e-10
     -1.006799e-09
     -5.851399e-10
     -6.086657e-10
     -3.854748e-10
     -1.590806e-10
     -8.452824e-11
     -4.961230e-11
     -1.649881e-11
     -1.204761e-12
      3.897860e-13
     -3.027171e-13
     -1.765447e-13
      6.771523e-15
      1.622133e-14
      2.632398e-15
      1.702814e-15
      1.261098e-15
      4.310280e-16
      2.396685e-16
      2.278991e-16
      1.653576e-16
      1.000902e-16
     -1.599948e-16
     -1.565270e-16
     -8.986939e-17
     -3.125991e-16
     -1.766657e-15
     -4.702495e-15
     -4.493286e-15
      1.011772e-14
      4.531825e-14
      7.165643e-14
     -1.497402e-14
     -1.081876e-14
      2.399857e-12
      1.285469e-11
      3.686625e-11
      8.548254e-11
      2.067652e-10
      4.543412e-10
      6.283310e-10
      1.542645e-10
     -9.068935e-10
     -6.536896e-10
      5.620773e-09
      3.061221e-08
      5.962325e-08
     -9.889779e-08
     -6.777206e-07
     -8.661755e-07
      1.018900e-06
      1.320979e-06
     -1.592604e-05
     -6.931996e-05
     -1.571891e-04
     -2.545768e-04
     -3.365029e-04
     -3.932754e-04
     -4.254766e-04
     -4.364736e-04
     -4.298424e-04
     -4.088048e-04
     -3.762453e-04
     -3.345285e-04
     -2.853152e-04
     -2.301666e-04
     -1.695264e-04
     -9.550130e-05
      1.396448e-05
      1.779507e-04
      3.766136e-04
      5.461828e-04
      6.284962e-04
      6.171623e-04
      5.460416e-04
      4.508141e-04
      3.527143e-04
      2.623675e-04
      1.847459e-04
      1.217269e-04
      7.360516e-05
      3.966545e-05
      1.821081e-05
      6.583576e-06
      1.552894e-06
      5.450782e-08
     -1.064919e-07
     -2.384388e-08
      6.593733e-09
      2.239636e-09
     -6.559008e-10
     -1.111154e-10
      6.892058e-11
     -7.898237e-12
     -2.098524e-12
      1.052432e-12
     -2.398156e-13
      3.765416e-14
     -4.506034e-15
      4.252403e-16
     -3.148864e-17
      1.703084e-18
     -4.406822e-20
     -3.513453e-21
      6.637671e-22
     -6.508095e-23
      4.926083e-24
     -3.154828e-25
      1.775931e-26
     -8.968925e-28
      4.115885e-29
     -1.731444e-30
      6.720201e-32
     -2.418526e-33
      8.102993e-35
     -2.535633e-36
      7.431244e-38
     -2.044460e-39
      5.290567e-41
     -1.289971e-42
      2.967986e-44
     -6.452306e-46
      1.326888e-47
     -2.583763e-49
      4.768110e-51
     -8.345285e-53
      1.386173e-54
     -2.186317e-56
      3.275863e-58
     -4.664619e-60
      6.314069e-62
     -8.126344e-64
      9.945581e-66
     -1.157542e-67
      1.281162e-69
     -1.348300e-71
      1.348972e-73
     -1.282729e-75
      1.158844e-77
     -9.941970e-80
      8.095238e-82
     -6.251673e-84
      4.575222e-86
     -3.169911e-88
      2.076767e-90
      0.000000e+00
      0.000000e+00
