      0.000000e+00
      0.000000e+00
     -2.207836e-21
     -2.251671e-21
     -1.894937e-22
     -6.149030e-21
     -2.120780e-20
     -2.827356e-20
     -2.843544e-20
     -3.956628e-20
     -4.712170e-20
     -2.963854e-20
     -1.013277e-20
     -1.536425e-20
     -3.024700e-20
     -2.823724e-20
     -9.584681e-21
      9.167226e-21
      2.445204e-20
      3.368157e-20
      1.074476e-20
     -5.170894e-20
     -1.015849e-19
     -9.137930e-20
     -5.050885e-20
     -3.808776e-20
     -4.479744e-20
     -2.473433e-20
      1.491635e-21
     -9.166096e-21
     -3.756929e-20
     -6.684585e-20
     -1.123999e-19
     -4.235580e-20
     -1.341832e-18
      1.943612e-17
     -2.440906e-16
      2.479408e-15
     -1.833505e-14
      6.486417e-14
      5.180679e-13
     -1.054344e-11
      8.176773e-11
     -2.572965e-10
     -7.967406e-10
      8.151170e-09
      4.115855e-09
     -1.509032e-07
     -2.819560e-07
      1.638214e-06
      1.072328e-05
      3.290785e-05
      6.906823e-05
      1.109204e-04
      1.435088e-04
      1.522832e-04
      1.293956e-04
      7.687251e-05
      6.377208e-06
     -6.553642e-05
     -1.253620e-04
     -1.679489e-04
     -1.951226e-04
     -2.104118e-04
     -2.147975e-04
     -2.050354e-04
     -1.748613e-04
     -1.200112e-04
     -4.463544e-05
      3.700414e-05
      1.059730e-04
      1.467975e-04
      1.532676e-04
      1.305386e-04
      9.283345e-05
      5.623988e-05
      3.049008e-05
      1.626108e-05
      9.224780e-06
      5.389473e-06
      3.002442e-06
      1.584713e-06
      8.414628e-07
      4.631526e-07
      2.540858e-07
      1.349136e-07
      7.072410e-08
      3.740879e-08
      1.973989e-08
      1.023695e-08
      5.243897e-09
      2.672858e-09
      1.349426e-09
      6.712596e-10
      3.295288e-10
      1.598365e-10
      7.637864e-11
      3.587175e-11
      1.655505e-11
      7.500848e-12
      3.329355e-12
     -7.594453e-12
     -1.674351e-11
     -3.622298e-11
     -7.700978e-11
     -1.610849e-10
     -3.319788e-10
     -6.751165e-10
     -1.356212e-09
     -2.691854e-09
     -5.280743e-09
     -1.025414e-08
     -1.974286e-08
     -3.772063e-08
     -7.156512e-08
     -1.348835e-07
     -2.520523e-07
     -4.661543e-07
     -8.582936e-07
     -1.589585e-06
     -2.952553e-06
     -5.393808e-06
     -9.585777e-06
     -1.688493e-05
     -3.038577e-05
     -5.573055e-05
     -9.980495e-05
     -1.665283e-04
     -2.520401e-04
     -3.431485e-04
     -4.206156e-04
     -4.653941e-04
     -4.648379e-04
     -4.165612e-04
     -3.282480e-04
     -2.132968e-04
     -8.508185e-05
      4.633531e-05
      1.737599e-04
      2.903776e-04
      3.874622e-04
      4.539300e-04
      4.789766e-04
      4.572687e-04
      3.933780e-04
      3.019386e-04
      2.032097e-04
      1.165184e-04
      5.427536e-05
      1.882622e-05
      3.903276e-06
     -2.328624e-09
     -2.198391e-07
     -1.278946e-08
      1.719948e-08
      5.293384e-10
     -1.278500e-09
      1.357187e-10
      4.795468e-11
     -1.798851e-11
      2.844209e-12
     -2.198403e-13
     -5.842558e-15
      4.397935e-15
     -7.450637e-16
      8.576011e-17
     -7.792292e-18
      5.920384e-19
     -3.877812e-20
      2.231834e-21
     -1.143667e-22
      5.268833e-24
     -2.198596e-25
      8.359001e-27
     -2.909422e-28
      9.306524e-30
     -2.744594e-31
      7.481813e-33
     -1.889226e-34
      4.426103e-36
     -9.632631e-38
      1.948906e-39
     -3.666856e-41
      6.414402e-43
     -1.042298e-44
      1.570465e-46
     -2.187426e-48
      2.802136e-50
     -3.272962e-52
      3.431839e-54
     -3.130097e-56
      2.293898e-58
     -9.679406e-61
     -6.743654e-63
      2.365062e-64
     -3.812150e-66
      4.781305e-68
     -5.157653e-70
      4.965316e-72
      0.000000e+00
      0.000000e+00
