      0.000000e+00
      0.000000e+00
     -2.157142e-21
     -1.063257e-20
     -2.375678e-20
     -2.510891e-20
     -1.248140e-20
      1.372909e-20
      3.610831e-20
      6.031840e-21
     -2.615365e-20
     -1.406804e-21
      6.573959e-19
     -2.135436e-17
      6.197772e-16
     -1.509128e-14
      3.022058e-13
     -4.852488e-12
      6.036948e-11
     -5.572081e-10
      3.688307e-09
     -1.899985e-08
      1.007079e-07
     -3.195223e-07
     -2.515724e-06
      1.193618e-05
      7.542795e-05
      1.564372e-04
      7.605481e-05
     -8.589223e-05
     -1.028028e-04
     -4.831649e-05
     -8.765432e-05
     -1.529501e-04
     -8.737986e-05
      1.025865e-04
      1.285688e-04
      2.257540e-05
     -1.724255e-05
     -1.230776e-06
      5.284298e-06
      3.094715e-06
      1.374053e-06
      6.874513e-07
      1.901807e-07
     -1.985080e-08
     -1.547771e-08
      2.456790e-09
      1.333980e-09
      4.450784e-09
      2.112668e-09
     -2.664687e-09
      6.963903e-09
      1.939297e-08
      9.719580e-09
     -2.826331e-08
     -1.460543e-07
     -3.968772e-07
     -1.271698e-06
     -2.992814e-06
     -1.760407e-06
      1.175512e-05
      2.358935e-05
     -7.013061e-05
     -3.107287e-04
     -4.575211e-04
     -4.109854e-04
     -3.529213e-04
     -2.224157e-04
      5.993985e-05
      4.605821e-04
      6.453540e-04
      4.390273e-04
      1.781826e-04
      6.800359e-05
      8.486736e-06
     -2.947062e-06
     -2.504113e-07
      2.162772e-07
     -3.643959e-08
     -3.011173e-09
      2.010413e-09
     -3.657337e-10
      4.068700e-11
     -3.245319e-12
      1.992868e-13
     -9.817448e-15
      3.985803e-16
     -1.359029e-17
      3.945677e-19
     -9.855195e-21
      2.134184e-22
     -4.030473e-24
      6.666587e-26
     -9.686918e-28
      1.238891e-29
     -1.395867e-31
      1.385518e-33
     -1.210430e-35
      0.000000e+00
      0.000000e+00
