      0.000000e+00
      0.000000e+00
     -1.314921e-22
      5.448046e-25
     -5.258828e-23
     -7.454562e-22
     -9.256715e-22
      9.020830e-22
      1.340005e-21
     -7.914132e-21
     -2.833916e-20
     -4.556082e-20
     -4.216359e-20
     -2.078225e-20
     -4.561039e-21
     -1.067707e-20
     -3.016160e-20
     -3.691897e-20
     -1.273170e-20
      3.507636e-20
      7.472222e-20
      7.320606e-20
      2.993600e-20
     -1.657070e-20
     -2.984103e-20
     -1.844466e-20
     -2.076872e-20
     -5.196710e-20
     -8.499165e-20
     -8.520590e-20
     -5.108580e-20
     -1.404773e-20
     -2.051766e-21
     -1.485582e-20
     -3.783897e-20
     -6.182321e-20
     -7.729314e-20
     -6.898363e-20
     -3.494071e-20
      4.413166e-21
      2.985429e-20
      3.699064e-20
      1.934279e-20
     -3.199272e-20
     -1.004423e-19
     -1.440056e-19
     -1.334639e-19
     -7.255525e-20
      1.382085e-20
      8.873317e-20
      1.144414e-19
      8.573699e-20
      4.497755e-20
      3.964391e-20
      6.993279e-20
      9.121334e-20
      6.357309e-20
     -4.469023e-21
     -6.286777e-20
     -7.491912e-20
     -5.157834e-20
     -2.157083e-20
      3.996503e-21
      2.321720e-20
      3.430578e-20
      4.545431e-20
      6.110897e-20
      6.032482e-20
      2.332230e-20
     -2.928068e-20
     -6.235048e-20
     -8.088849e-20
     -1.073022e-19
     -1.111158e-19
     -3.778020e-20
      7.921153e-20
      1.233465e-19
      2.770008e-19
     -2.104873e-18
      1.592304e-17
     -8.942502e-17
      3.351898e-16
     -4.339472e-16
     -3.640875e-15
      2.413426e-14
     -3.263094e-14
     -2.735222e-13
      1.089952e-12
      2.260554e-12
     -1.668124e-11
     -2.874691e-11
      1.971207e-10
      6.111415e-10
     -1.223066e-09
     -1.042576e-08
     -1.914965e-08
      4.611722e-08
      4.204288e-07
      1.604689e-06
      4.403568e-06
      9.823649e-06
      1.881720e-05
      3.194347e-05
      4.907894e-05
      6.929996e-05
      9.098815e-05
      1.121106e-04
      1.305584e-04
      1.444249e-04
      1.521622e-04
      1.526380e-04
      1.451649e-04
      1.295675e-04
      1.062915e-04
      7.649025e-05
      4.199251e-05
      5.090855e-06
     -3.182524e-05
     -6.668280e-05
     -9.804004e-05
     -1.251954e-04
     -1.480764e-04
     -1.669886e-04
     -1.823528e-04
     -1.945318e-04
     -2.037742e-04
     -2.102234e-04
     -2.139124e-04
     -2.146975e-04
     -2.121554e-04
     -2.055314e-04
     -1.938276e-04
     -1.760609e-04
     -1.516283e-04
     -1.206430e-04
     -8.410405e-05
     -4.382691e-05
     -2.168582e-06
      3.833915e-05
      7.531577e-05
      1.067382e-04
      1.310323e-04
      1.471183e-04
      1.544807e-04
      1.532800e-04
      1.444465e-04
      1.296609e-04
      1.111505e-04
      9.131382e-05
      7.227888e-05
      5.554625e-05
      4.183820e-05
      3.118399e-05
      2.316888e-05
      1.721710e-05
      1.279603e-05
      9.499585e-06
      7.040834e-06
      5.212671e-06
      3.857401e-06
      2.853337e-06
      2.109004e-06
      1.557241e-06
      1.148657e-06
      8.464545e-07
      6.231121e-07
      4.581642e-07
      3.364562e-07
      2.467539e-07
      1.807170e-07
      1.321589e-07
      9.649810e-08
      7.034463e-08
      5.119150e-08
      3.718625e-08
      2.696164e-08
      1.950972e-08
      1.408826e-08
      1.015138e-08
      7.298156e-09
      5.234546e-09
      3.745242e-09
      2.672831e-09
      1.902429e-09
      1.350344e-09
      9.557226e-10
      6.744064e-10
      4.744208e-10
      3.326645e-10
      2.324860e-10
      1.619124e-10
      1.123571e-10
      7.767831e-11
      5.349570e-11
      3.669411e-11
      2.506508e-11
      1.704794e-11
      1.154350e-11
      7.780308e-12
      5.218889e-12
      3.483432e-12
     -5.219734e-12
     -7.781506e-12
     -1.154516e-11
     -1.705024e-11
     -2.506826e-11
     -3.669850e-11
     -5.350175e-11
     -7.768663e-11
     -1.123685e-10
     -1.619280e-10
     -2.325073e-10
     -3.326936e-10
     -4.744604e-10
     -6.744603e-10
     -9.557957e-10
     -1.350443e-09
     -1.902564e-09
     -2.673013e-09
     -3.745488e-09
     -5.234879e-09
     -7.298604e-09
     -1.015199e-08
     -1.408908e-08
     -1.951082e-08
     -2.696311e-08
     -3.718824e-08
     -5.119420e-08
     -7.034824e-08
     -9.650284e-08
     -1.321653e-07
     -1.807262e-07
     -2.467664e-07
     -3.364703e-07
     -4.581809e-07
     -6.231446e-07
     -8.465158e-07
     -1.148711e-06
     -1.557221e-06
     -2.109008e-06
     -2.853742e-06
     -3.858274e-06
     -5.212810e-06
     -7.038834e-06
     -9.498712e-06
     -1.280817e-05
     -1.725549e-05
     -2.323158e-05
     -3.126793e-05
     -4.206399e-05
     -5.647182e-05
     -7.540719e-05
     -9.967954e-05
     -1.297706e-04
     -1.656222e-04
     -2.065007e-04
     -2.509811e-04
     -2.970543e-04
     -3.423203e-04
     -3.842122e-04
     -4.202089e-04
     -4.480141e-04
     -4.657106e-04
     -4.718994e-04
     -4.658229e-04
     -4.474474e-04
     -4.174680e-04
     -3.772085e-04
     -3.284224e-04
     -2.730383e-04
     -2.129167e-04
     -1.496835e-04
     -8.467011e-05
     -1.894932e-05
      4.657353e-05
      1.110646e-04
      1.736895e-04
      2.335677e-04
      2.897369e-04
      3.411136e-04
      3.864589e-04
      4.243786e-04
      4.533944e-04
      4.721041e-04
      4.794083e-04
      4.747484e-04
      4.582831e-04
      4.309503e-04
      3.943983e-04
      3.508185e-04
      3.027299e-04
      2.527670e-04
      2.034935e-04
      1.572397e-04
      1.159455e-04
      8.100866e-05
      5.316018e-05
      3.240985e-05
      1.810197e-05
      9.089774e-06
      3.992866e-06
      1.467275e-06
      4.123388e-07
      6.683396e-08
     -6.389868e-09
     -7.164464e-09
     -1.307517e-09
      3.552714e-10
      1.796108e-10
     -1.065667e-11
     -1.759781e-11
      3.129209e-13
      1.561423e-12
     -1.093580e-13
     -1.182489e-13
      2.531938e-14
      4.321642e-15
     -2.789457e-15
      4.296905e-16
      5.403374e-17
     -4.375763e-17
      1.237602e-17
     -2.354370e-18
      3.349742e-19
     -3.557546e-20
      2.405969e-21
      2.335697e-23
     -3.902838e-23
      7.718986e-24
     -1.074332e-24
      1.234312e-25
     -1.236978e-26
      1.110949e-27
     -9.085820e-29
      6.838879e-30
     -4.773896e-31
      3.108495e-32
     -1.896767e-33
      1.088670e-34
     -5.896063e-36
      3.021166e-37
     -1.468046e-38
      6.778553e-40
     -2.979508e-41
      1.248690e-42
     -4.996761e-44
      1.911637e-45
     -7.000230e-47
      2.456233e-48
     -8.266026e-50
      2.670408e-51
     -8.288257e-53
      2.473290e-54
     -7.100813e-56
      1.962604e-57
     -5.225123e-59
      1.340684e-60
     -3.316873e-62
      7.915752e-64
     -1.823000e-65
      4.052896e-67
     -8.700911e-69
      1.804283e-70
     -3.614835e-72
      6.998479e-74
     -1.309544e-75
      2.368595e-77
     -4.141425e-79
      7.000215e-81
     -1.143847e-82
      1.806709e-84
     -2.758112e-86
      4.068622e-88
     -5.797811e-90
      7.977826e-92
     -1.059431e-93
      1.356806e-95
     -1.674209e-97
      1.987950e-99
    -2.267640e-101
     2.479210e-103
    -2.589439e-105
     2.571391e-107
    -2.409733e-109
     2.104771e-111
    -1.674140e-113
     1.151515e-115
    -5.823742e-118
     1.751834e-121
     4.943798e-122
    -9.136823e-124
     1.214800e-125
    -1.388441e-127
     1.440902e-129
    -1.390880e-131
     1.264762e-133
    -1.091528e-135
     8.982889e-138
    -7.071486e-140
      0.000000e+00
      0.000000e+00
