      0.000000e+00
      0.000000e+00
     -1.314921e-22
      5.448046e-25
     -5.258828e-23
     -7.454562e-22
     -9.256715e-22
      9.020830e-22
      1.340005e-21
     -7.914132e-21
     -2.833916e-20
     -4.556082e-20
     -4.216359e-20
     -2.078225e-20
     -4.561039e-21
     -1.067707e-20
     -3.016160e-20
     -3.691897e-20
     -1.273170e-20
      3.507636e-20
      7.472222e-20
      7.320606e-20
      2.993600e-20
     -1.657070e-20
     -2.984103e-20
     -1.844466e-20
     -2.076872e-20
     -5.196710e-20
     -8.499165e-20
     -8.520590e-20
     -5.108580e-20
     -1.404773e-20
     -2.051766e-21
     -1.485582e-20
     -3.783897e-20
     -6.182321e-20
     -7.729314e-20
     -6.898363e-20
     -3.494071e-20
      4.413166e-21
      2.985429e-20
      3.699064e-20
      1.934279e-20
     -3.199272e-20
     -1.004423e-19
     -1.440056e-19
     -1.334639e-19
     -7.255525e-20
      1.382085e-20
      8.873317e-20
      1.144414e-19
      8.573699e-20
      4.497755e-20
      3.964391e-20
      6.993279e-20
      9.121334e-20
      6.357309e-20
     -4.469023e-21
     -6.286777e-20
     -7.491912e-20
     -5.157834e-20
     -2.157083e-20
      3.996503e-21
      2.321720e-20
      3.430578e-20
      4.545431e-20
      6.110897e-20
      6.032482e-20
      2.332230e-20
     -2.928068e-20
     -6.235049e-20
     -8.088841e-20
     -1.073023e-19
     -1.111222e-19
     -3.763443e-20
      7.715985e-20
      1.457738e-19
      7.694120e-20
     -6.485346e-19
      7.584436e-18
     -5.589670e-17
      2.824744e-16
     -8.521457e-16
      8.286549e-17
      1.253799e-14
     -4.751396e-14
     -3.056794e-14
      6.470187e-13
     -3.509090e-13
     -7.360686e-12
     -2.275967e-13
      8.663816e-11
      1.882369e-10
     -6.021010e-10
     -4.582266e-09
     -9.692777e-09
      1.940231e-08
      2.249807e-07
      9.743160e-07
      2.970942e-06
      7.265521e-06
      1.508887e-05
      2.751272e-05
      4.504248e-05
      6.729315e-05
      9.286447e-05
      1.194404e-04
      1.440474e-04
      1.633672e-04
      1.740296e-04
      1.728846e-04
      1.573156e-04
      1.256666e-04
      7.780549e-05
      1.575926e-05
     -5.570518e-05
     -1.287222e-04
     -1.924316e-04
     -2.341578e-04
     -2.428520e-04
     -2.151667e-04
     -1.607591e-04
     -1.004195e-04
     -5.531201e-05
     -3.550378e-05
     -3.789641e-05
     -5.352779e-05
     -7.520254e-05
     -9.927019e-05
     -1.234700e-04
     -1.452046e-04
     -1.615024e-04
     -1.695714e-04
     -1.671910e-04
     -1.530054e-04
     -1.268044e-04
     -8.966336e-05
     -4.385144e-05
      7.425808e-06
      6.032500e-05
      1.106216e-04
      1.539282e-04
      1.859567e-04
      2.029328e-04
      2.022444e-04
      1.833308e-04
      1.487139e-04
      1.047629e-04
      6.107054e-05
      2.718944e-05
      7.841842e-06
      7.923011e-07
     -7.836804e-08
      2.957259e-07
      2.600684e-07
      4.713028e-08
     -2.961332e-08
     -1.106763e-08
      3.649943e-09
      1.635961e-09
     -7.822133e-10
     -3.724979e-10
      6.295294e-11
     -9.398756e-12
     -6.697022e-11
     -3.372776e-11
     -1.164931e-11
     -1.143893e-11
     -1.161201e-11
     -8.642758e-12
     -6.062548e-12
     -4.588198e-12
     -3.488106e-12
     -2.473410e-12
     -1.608615e-12
     -9.400055e-13
     -4.646724e-13
     -1.753334e-13
     -4.267469e-14
     -5.003751e-15
     -1.409142e-15
     -1.563208e-15
     -5.049118e-16
      1.039921e-16
      9.903361e-17
      1.765136e-17
      2.105862e-18
      3.319578e-18
      2.257762e-18
      1.281490e-18
      9.055044e-19
      6.641232e-19
      4.566196e-19
      2.930576e-19
      1.942353e-19
      1.726087e-19
      1.428145e-19
      8.471124e-20
      8.822355e-20
      1.258960e-19
      1.262923e-19
     -1.016645e-19
     -1.682605e-19
     -1.208525e-19
     -1.106916e-19
     -1.108797e-19
     -1.162468e-19
     -1.773588e-19
     -2.550597e-19
     -4.479784e-19
     -7.066273e-19
     -5.610533e-19
     -1.065396e-19
     -2.233049e-18
     -1.350839e-17
     -3.822786e-17
     -4.815472e-17
      1.041578e-16
      6.481119e-16
      1.194586e-15
      7.939084e-16
      5.208969e-15
      4.358477e-14
      1.752533e-13
      4.645728e-13
      9.441809e-13
      1.610002e-12
      2.448471e-12
      3.463300e-12
      4.694126e-12
      6.248467e-12
      8.301803e-12
      1.076782e-11
      1.271702e-11
      1.443780e-11
      2.422817e-11
      5.283996e-11
      7.940531e-11
      6.297835e-11
      3.536678e-13
     -3.249194e-10
     -1.049080e-09
      1.317292e-09
      1.248792e-08
      9.318751e-09
     -8.703208e-08
     -2.819338e-07
     -2.867128e-07
      3.273124e-08
     -1.095302e-06
     -8.893057e-06
     -3.035122e-05
     -6.935445e-05
     -1.232833e-04
     -1.846285e-04
     -2.453833e-04
     -2.999584e-04
     -3.455190e-04
     -3.811678e-04
     -4.071142e-04
     -4.240964e-04
     -4.330269e-04
     -4.348010e-04
     -4.302203e-04
     -4.199893e-04
     -4.047472e-04
     -3.851022e-04
     -3.616418e-04
     -3.349125e-04
     -3.053641e-04
     -2.732265e-04
     -2.383369e-04
     -2.001063e-04
     -1.577571e-04
     -1.102277e-04
     -5.475908e-05
      1.488308e-05
      1.066721e-04
      2.230300e-04
      3.534890e-04
      4.762338e-04
      5.692125e-04
      6.209966e-04
      6.328131e-04
      6.132679e-04
      5.724596e-04
      5.190150e-04
      4.594327e-04
      3.982944e-04
      3.386636e-04
      2.824798e-04
      2.308964e-04
      1.845477e-04
      1.437462e-04
      1.086107e-04
      7.912823e-05
      5.516521e-05
      3.644766e-05
      2.253670e-05
      1.282297e-05
      6.554658e-06
      2.901051e-06
      1.041566e-06
      2.602680e-07
      1.888987e-08
     -1.700891e-08
     -6.937361e-09
     -2.991075e-11
      6.663989e-10
      8.085777e-11
     -5.910570e-11
     -7.937757e-12
      5.732619e-12
      1.520110e-13
     -4.969614e-13
      7.837787e-14
      1.941431e-14
     -1.033047e-14
      1.688942e-15
      8.598771e-17
     -1.176321e-16
      3.534824e-17
     -7.034623e-18
      1.069086e-18
     -1.288906e-19
      1.212974e-20
     -7.859572e-22
      8.523031e-24
      7.099151e-24
     -1.396805e-24
      1.828911e-25
     -1.957450e-26
      1.824810e-27
     -1.526008e-28
      1.164094e-29
     -8.188812e-31
      5.352749e-32
     -3.269980e-33
      1.875327e-34
     -1.013337e-35
      5.174777e-37
     -2.503839e-38
      1.150432e-39
     -5.029168e-41
      2.095334e-42
     -8.332828e-44
      3.167415e-45
     -1.152190e-46
      4.015427e-48
     -1.342044e-49
      4.305553e-51
     -1.327039e-52
      3.932468e-54
     -1.121193e-55
      3.077590e-57
     -8.137934e-59
      2.074088e-60
     -5.097607e-62
      1.208731e-63
     -2.766289e-65
      6.112701e-67
     -1.304620e-68
      2.690181e-70
     -5.360955e-72
      1.032684e-73
     -1.923282e-75
      3.463698e-77
     -6.032724e-79
      1.016253e-80
     -1.655872e-82
      2.609699e-84
     -3.978094e-86
      5.864615e-88
     -8.360202e-90
      1.152151e-91
     -1.534559e-93
      1.974522e-95
     -2.453084e-97
      2.940586e-99
    -3.398087e-101
     3.780951e-103
    -4.044376e-105
     4.150127e-107
    -4.073261e-109
     3.807421e-111
    -3.367400e-113
     2.788198e-115
    -2.120519e-117
     1.423493e-119
    -7.560728e-122
     1.688212e-124
     3.023233e-126
    -6.392513e-128
     8.415698e-130
    -9.236298e-132
     9.097021e-134
    -8.285343e-136
     7.084218e-138
    -5.735716e-140
      0.000000e+00
      0.000000e+00
