      0.000000e+00
      0.000000e+00
     -2.413282e-23
     -1.599675e-22
     -2.723833e-22
     -2.477019e-22
     -1.637052e-23
      3.800694e-22
      7.928270e-22
      1.046512e-21
      1.032807e-21
      7.387042e-22
      2.066573e-22
     -4.963318e-22
     -1.253674e-21
     -1.879614e-21
     -2.189480e-21
     -2.123982e-21
     -1.801923e-21
     -1.476895e-21
     -1.522455e-21
     -2.485210e-21
     -4.986939e-21
     -9.271142e-21
     -1.466979e-20
     -1.967287e-20
     -2.288433e-20
     -2.409656e-20
     -2.421066e-20
     -2.371567e-20
     -2.121142e-20
     -1.402038e-20
     -1.135104e-21
      1.401263e-20
      2.421255e-20
      2.310366e-20
      1.032133e-20
     -7.458248e-21
     -2.085365e-20
     -2.386379e-20
     -1.654082e-20
     -2.612370e-21
      1.463347e-20
      3.370309e-20
      5.267098e-20
      6.687796e-20
      7.023530e-20
      5.975782e-20
      3.917438e-20
      1.790409e-20
      5.620740e-21
      6.132156e-21
      1.468226e-20
      2.051349e-20
      1.345906e-20
     -9.177931e-21
     -4.002828e-20
     -6.585668e-20
     -7.646792e-20
     -7.216091e-20
     -6.378286e-20
     -6.458702e-20
     -7.963112e-20
     -1.012102e-19
     -1.148980e-19
     -1.121556e-19
     -9.882294e-20
     -9.098543e-20
     -1.005866e-19
     -1.232960e-19
     -1.400065e-19
     -1.311407e-19
     -9.170256e-20
     -3.546135e-20
      1.336099e-20
      3.388220e-20
      1.959499e-20
     -1.845838e-20
     -5.798488e-20
     -7.831332e-20
     -7.172671e-20
     -4.515738e-20
     -1.274442e-20
      1.159579e-20
      1.556031e-20
     -1.064465e-20
     -6.599866e-20
     -1.287483e-19
     -1.619382e-19
     -1.392375e-19
     -6.957542e-20
      7.532997e-21
      5.638592e-20
      7.617246e-20
      9.631184e-20
      1.403022e-19
      1.954185e-19
      2.198767e-19
      1.817443e-19
      9.308124e-20
      6.839924e-21
     -2.272929e-20
      1.695599e-20
      8.731431e-20
      1.307904e-19
      1.164645e-19
      5.991683e-20
      3.697801e-21
     -1.869133e-20
     -1.770900e-21
      4.001558e-20
      8.904657e-20
      1.296225e-19
      1.430983e-19
      1.101707e-19
      2.730381e-20
     -7.768152e-20
     -1.521473e-19
     -1.501939e-19
     -6.670950e-20
      5.562853e-20
      1.554075e-19
      1.948818e-19
      1.797781e-19
      1.413544e-19
      1.020003e-19
      5.985324e-20
      4.081576e-21
     -6.177445e-20
     -1.162773e-19
     -1.375928e-19
     -1.200249e-19
     -7.397261e-20
     -1.520662e-20
      4.326182e-20
      9.326204e-20
      1.310047e-19
      1.540732e-19
      1.553793e-19
      1.219974e-19
      4.787601e-20
     -4.754833e-20
     -1.182983e-19
     -1.194944e-19
     -4.294006e-20
      7.324361e-20
      1.707227e-19
      2.084533e-19
      1.813705e-19
      1.139252e-19
      4.336985e-20
      5.075065e-21
      1.933638e-20
      7.896282e-20
      1.474390e-19
      1.772573e-19
      1.402459e-19
      4.652113e-20
     -6.331261e-20
     -1.442231e-19
     -1.692365e-19
     -1.357560e-19
     -5.994469e-20
      3.147994e-20
      1.088827e-19
      1.476969e-19
      1.354745e-19
      7.580825e-20
     -1.056781e-20
     -8.864592e-20
     -1.221896e-19
     -9.813711e-20
     -4.506951e-20
     -2.004882e-20
     -6.277498e-20
     -1.554664e-19
     -2.324654e-19
     -2.375330e-19
     -1.745988e-19
     -1.002381e-19
     -6.563485e-20
     -6.865856e-20
     -6.462619e-20
     -2.049771e-20
      4.828541e-20
      9.722662e-20
      1.038169e-19
      9.166987e-20
      1.016529e-19
      1.437785e-19
      1.829648e-19
      1.724144e-19
      9.872840e-20
     -3.944827e-21
     -7.902875e-20
     -8.722263e-20
     -3.184041e-20
      4.395909e-20
      8.513659e-20
      6.133433e-20
     -1.278372e-20
     -8.996849e-20
     -1.260647e-19
     -1.086548e-19
     -5.691491e-20
      1.777678e-22
      4.365876e-20
      6.916387e-20
      8.121834e-20
      8.624181e-20
      8.672281e-20
      7.740608e-20
      4.811698e-20
     -5.248987e-21
     -7.072598e-20
     -1.234804e-19
     -1.418694e-19
     -1.214815e-19
     -7.402300e-20
     -1.431443e-20
      4.961513e-20
      1.138512e-19
      1.687671e-19
      1.954703e-19
      1.761134e-19
      1.118127e-19
      3.120539e-20
     -2.433437e-20
     -3.297771e-20
     -1.378350e-20
     -1.014550e-20
     -4.376351e-20
     -8.522071e-20
     -7.937349e-20
     -6.603284e-21
      8.569519e-20
      1.225125e-19
      7.462934e-20
     -1.426266e-20
     -7.858770e-20
     -1.021149e-19
     -1.269062e-19
     -1.917032e-19
     -2.765713e-19
     -3.214142e-19
     -2.932841e-19
     -2.182144e-19
     -1.422267e-19
     -7.809520e-20
     -8.969070e-21
      6.048344e-20
      8.203983e-20
      1.147040e-20
     -1.271110e-19
     -2.420490e-19
     -2.487973e-19
     -1.421813e-19
      5.379770e-21
      1.093872e-19
      1.329627e-19
      9.423662e-20
      3.665243e-20
      1.353276e-21
      1.469723e-20
      7.900680e-20
      1.646007e-19
      2.197687e-19
      2.042032e-19
      1.204325e-19
      1.133833e-20
     -7.563117e-20
     -1.225330e-19
     -1.422800e-19
     -1.524337e-19
     -1.533357e-19
     -1.330100e-19
     -8.961224e-20
     -4.312903e-20
     -2.067077e-20
     -3.010700e-20
     -5.187850e-20
     -6.021812e-20
     -5.156762e-20
     -4.803973e-20
     -7.072981e-20
     -1.116702e-19
     -1.356679e-19
     -1.121928e-19
     -4.709937e-20
      1.610482e-20
      2.834382e-20
     -2.584233e-20
     -1.152499e-19
     -1.867170e-19
     -2.057021e-19
     -1.765930e-19
     -1.283481e-19
     -8.701293e-20
     -6.552549e-20
     -7.302186e-20
     -1.185116e-19
     -1.951805e-19
     -2.668172e-19
     -2.860602e-19
     -2.371052e-19
     -1.570940e-19
     -1.040686e-19
     -9.793211e-20
     -9.806758e-20
     -4.797303e-20
      5.636934e-20
      1.497730e-19
      1.570606e-19
      6.962301e-20
     -4.183508e-20
     -9.350210e-20
     -6.538852e-20
     -1.145291e-20
      2.063018e-21
     -3.749766e-20
     -8.385135e-20
     -8.484418e-20
     -3.598041e-20
      1.677024e-20
      2.318411e-20
     -2.272375e-20
     -7.845340e-20
     -9.720261e-20
     -7.668835e-20
     -6.071484e-20
     -8.870680e-20
     -1.478174e-19
     -1.848509e-19
     -1.681625e-19
     -1.276307e-19
     -1.227455e-19
     -1.731739e-19
     -2.306682e-19
     -2.230512e-19
     -1.223017e-19
      2.936729e-20
      1.515729e-19
      1.811305e-19
      1.098040e-19
     -1.372728e-20
     -1.149857e-19
     -1.404465e-19
     -9.133328e-20
     -2.054553e-20
      1.103572e-20
      3.061513e-21
      3.463492e-20
      7.509488e-20
     -2.328092e-19
     -6.904529e-19
      1.375172e-18
      7.232147e-18
      2.607330e-19
     -5.077684e-17
     -8.568368e-17
      1.960774e-16
      9.696449e-16
      7.365959e-16
     -4.766883e-15
     -1.644054e-14
     -1.168799e-14
      7.332290e-14
      2.874245e-13
      4.206263e-13
     -4.340474e-13
     -4.072114e-12
     -1.178040e-11
     -1.878707e-11
     -8.772901e-13
      1.109794e-10
      4.716299e-10
      1.380591e-09
      3.359097e-09
      7.243886e-09
      1.429475e-08
      2.631184e-08
      4.575761e-08
      7.587787e-08
      1.208153e-07
      1.857090e-07
      2.767734e-07
      4.013500e-07
      5.679272e-07
      7.861225e-07
      1.066625e-06
      1.421093e-06
      1.862014e-06
      2.402517e-06
      3.056148e-06
      3.836611e-06
      4.757481e-06
      5.831892e-06
      7.072213e-06
      8.489718e-06
      1.009426e-05
      1.189397e-05
      1.389495e-05
      1.610101e-05
      1.851351e-05
      2.113109e-05
      2.394965e-05
      2.696223e-05
      3.015899e-05
      3.352733e-05
      3.705194e-05
      4.071497e-05
      4.449627e-05
      4.837363e-05
      5.232305e-05
      5.631907e-05
      6.033514e-05
      6.434389e-05
      6.831753e-05
      7.222816e-05
      7.604811e-05
      7.975019e-05
      8.330801e-05
      8.669615e-05
      8.989039e-05
      9.286788e-05
      9.560719e-05
      9.808847e-05
      1.002934e-04
      1.022054e-04
      1.038093e-04
      1.050916e-04
      1.060404e-04
      1.066452e-04
      1.068970e-04
      1.067881e-04
      1.063124e-04
      1.054652e-04
      1.042429e-04
      1.026436e-04
      1.006669e-04
      9.831371e-05
      9.558682e-05
      9.249060e-05
      8.903126e-05
      8.521694e-05
      8.105777e-05
      7.656595e-05
      7.175583e-05
      6.664390e-05
      6.124884e-05
      5.559143e-05
      4.969446e-05
      4.358268e-05
      3.728252e-05
      3.082196e-05
      2.423024e-05
      1.753755e-05
      1.077474e-05
      3.972947e-06
     -2.836784e-06
     -9.623856e-06
     -1.635851e-05
     -2.301218e-05
     -2.955786e-05
     -3.597039e-05
     -4.222678e-05
     -4.830640e-05
     -5.419119e-05
     -5.986578e-05
     -6.531760e-05
     -7.053684e-05
     -7.551645e-05
     -8.025203e-05
     -8.474169e-05
     -8.898584e-05
     -9.298701e-05
     -9.674953e-05
     -1.002793e-04
     -1.035835e-04
     -1.066703e-04
     -1.095485e-04
     -1.122274e-04
     -1.147163e-04
     -1.170247e-04
     -1.191616e-04
     -1.211358e-04
     -1.229554e-04
     -1.246280e-04
     -1.261604e-04
     -1.275589e-04
     -1.288291e-04
     -1.299758e-04
     -1.310033e-04
     -1.319154e-04
     -1.327155e-04
     -1.334064e-04
     -1.339907e-04
     -1.344707e-04
     -1.348482e-04
     -1.351251e-04
     -1.353026e-04
     -1.353819e-04
     -1.353635e-04
     -1.352476e-04
     -1.350337e-04
     -1.347209e-04
     -1.343073e-04
     -1.337899e-04
     -1.331652e-04
     -1.324283e-04
     -1.315732e-04
     -1.305929e-04
     -1.294792e-04
     -1.282228e-04
     -1.268133e-04
     -1.252396e-04
     -1.234897e-04
     -1.215513e-04
     -1.194116e-04
     -1.170582e-04
     -1.144787e-04
     -1.116615e-04
     -1.085960e-04
     -1.052727e-04
     -1.016840e-04
     -9.782419e-05
     -9.368962e-05
     -8.927919e-05
     -8.459440e-05
     -7.963955e-05
     -7.442178e-05
     -6.895114e-05
     -6.324053e-05
     -5.730566e-05
     -5.116485e-05
     -4.483891e-05
     -3.835083e-05
     -3.172556e-05
     -2.498969e-05
     -1.817108e-05
     -1.129860e-05
     -4.401715e-06
      2.489833e-06
      9.346341e-06
      1.613846e-05
      2.283747e-05
      2.941553e-05
      3.584589e-05
      4.210306e-05
      4.816293e-05
      5.400290e-05
      5.960191e-05
      6.494049e-05
      7.000074e-05
      7.476636e-05
      7.922257e-05
      8.335610e-05
      8.715514e-05
      9.060931e-05
      9.370963e-05
      9.644849e-05
      9.881971e-05
      1.008185e-04
      1.024414e-04
      1.036868e-04
      1.045543e-04
      1.050454e-04
      1.051633e-04
      1.049130e-04
      1.043017e-04
      1.033385e-04
      1.020346e-04
      1.004034e-04
      9.846039e-05
      9.622340e-05
      9.371222e-05
      9.094863e-05
      8.795628e-05
      8.476042e-05
      8.138774e-05
      7.786603e-05
      7.422389e-05
      7.049039e-05
      6.669474e-05
      6.286584e-05
      5.903198e-05
      5.522044e-05
      5.145713e-05
      4.776624e-05
      4.417000e-05
      4.068837e-05
      3.733886e-05
      3.413638e-05
      3.109311e-05
      2.821850e-05
      2.551924e-05
      2.299937e-05
      2.066041e-05
      1.850150e-05
      1.651962e-05
      1.470984e-05
      1.306562e-05
      1.157905e-05
      1.024114e-05
      9.042179e-06
      7.971925e-06
      7.019927e-06
      6.175744e-06
      5.429149e-06
      4.770309e-06
      4.189920e-06
      3.679308e-06
      3.230500e-06
      2.836248e-06
      2.490038e-06
      2.186066e-06
      1.919195e-06
      1.684898e-06
      1.479199e-06
      1.298609e-06
      1.140064e-06
      1.000876e-06
      8.786811e-07
      7.714053e-07
      6.772266e-07
      5.945457e-07
      5.219591e-07
      4.582343e-07
      4.022896e-07
      3.531751e-07
      3.100568e-07
      2.722027e-07
      2.389702e-07
      2.097949e-07
      1.841815e-07
      1.616953e-07
      1.419543e-07
      1.246234e-07
      1.094085e-07
      9.605106e-08
      8.432443e-08
      7.402947e-08
      6.499139e-08
      5.705675e-08
      5.009083e-08
      4.397537e-08
      3.860652e-08
      3.389315e-08
      2.975522e-08
      2.612248e-08
      2.293325e-08
      2.013338e-08
      1.767535e-08
      1.551741e-08
      1.362293e-08
      1.195974e-08
      1.049960e-08
      9.217731e-09
      8.092361e-09
      7.104385e-09
      6.237028e-09
      5.475564e-09
      4.807066e-09
      4.220183e-09
      3.704952e-09
      3.252623e-09
      2.855518e-09
      2.506895e-09
      2.200835e-09
      1.932140e-09
      1.696250e-09
      1.489159e-09
      1.307351e-09
      1.147740e-09
      1.007615e-09
      8.845979e-10
      7.765995e-10
      6.817864e-10
      5.985487e-10
      5.254734e-10
      4.613197e-10
      4.049983e-10
      3.555530e-10
      3.121444e-10
      2.740355e-10
      2.405792e-10
      2.112075e-10
      1.854217e-10
      1.627840e-10
      1.429101e-10
      1.254625e-10
      1.101451e-10
      9.669778e-11
      8.489219e-11
      7.452791e-11
      6.542898e-11
      5.744092e-11
      5.042810e-11
      4.427146e-11
      3.886646e-11
      3.412135e-11
      2.995556e-11
      2.629836e-11
      2.308766e-11
      2.026894e-11
      1.779436e-11
      1.562189e-11
      1.371465e-11
      1.204026e-11
      1.057030e-11
      9.279795e-12
      8.146848e-12
      7.152219e-12
      6.279022e-12
      5.512432e-12
      4.839433e-12
      4.248598e-12
      3.729897e-12
      3.274523e-12
      2.874745e-12
      2.523774e-12
      2.215653e-12
      1.945149e-12
      1.707671e-12
      1.499185e-12
      1.316154e-12
      1.155468e-12
      1.014399e-12
      8.905539e-13
      7.818284e-13
      6.863769e-13
      6.025787e-13
      5.290113e-13
      4.644256e-13
      4.077251e-13
      3.579470e-13
      3.142461e-13
      2.758805e-13
      2.421990e-13
      2.126296e-13
      1.866702e-13
      1.638801e-13
      1.438724e-13
      1.263073e-13
      1.108868e-13
      9.734886e-14
      8.546377e-14
      7.502971e-14
      6.586950e-14
      5.782765e-14
      5.076761e-14
      4.456952e-14
      3.912815e-14
      3.435111e-14
      3.015729e-14
      2.647547e-14
      2.324316e-14
      2.040548e-14
      1.791426e-14
      1.572717e-14
      1.380705e-14
      1.212134e-14
      1.064148e-14
      9.342335e-15
      8.201787e-15
      7.200446e-15
      6.321334e-15
      5.549545e-15
      4.871974e-15
      4.277120e-15
      3.754909e-15
      3.296485e-15
      2.894042e-15
      2.540717e-15
      2.230508e-15
      1.958187e-15
      1.719157e-15
      1.509342e-15
      1.325127e-15
      1.163357e-15
      1.021301e-15
      8.965746e-16
      7.870670e-16
      6.909251e-16
      6.065408e-16
      5.325042e-16
      4.675484e-16
      4.105303e-16
      3.604448e-16
      3.164379e-16
      2.777908e-16
      2.438683e-16
      2.140783e-16
      1.878916e-16
      1.648903e-16
      1.447440e-16
      1.271202e-16
      1.116520e-16
      9.801163e-17
      8.598599e-17
      7.544773e-17
     -8.611687e-17
     -9.807340e-17
     -1.117452e-16
     -1.273529e-16
     -1.450890e-16
     -1.652130e-16
     -1.881052e-16
     -2.141943e-16
     -2.438962e-16
     -2.776857e-16
     -3.161755e-16
     -3.600785e-16
     -4.101530e-16
     -4.672357e-16
     -5.322883e-16
     -6.064054e-16
     -6.908406e-16
     -7.870455e-16
     -8.966453e-16
     -1.021414e-15
     -1.163389e-15
     -1.325036e-15
     -1.509247e-15
     -1.719208e-15
     -1.958405e-15
     -2.230807e-15
     -2.541011e-15
     -2.894298e-15
     -3.296700e-15
     -3.755110e-15
     -4.277353e-15
     -4.872260e-15
     -5.549833e-15
     -6.321522e-15
     -7.200473e-15
     -8.201708e-15
     -9.342267e-15
     -1.064148e-14
     -1.212136e-14
     -1.380702e-14
     -1.572710e-14
     -1.791417e-14
     -2.040536e-14
     -2.324295e-14
     -2.647513e-14
     -3.015685e-14
     -3.435074e-14
     -3.912802e-14
     -4.456967e-14
     -5.076789e-14
     -5.782788e-14
     -6.586965e-14
     -7.502987e-14
     -8.546407e-14
     -9.734929e-14
     -1.108872e-13
     -1.263076e-13
     -1.438725e-13
     -1.638800e-13
     -1.866699e-13
     -2.126292e-13
     -2.421988e-13
     -2.758806e-13
     -3.142463e-13
     -3.579473e-13
     -4.077256e-13
     -4.644262e-13
     -5.290119e-13
     -6.025792e-13
     -6.863772e-13
     -7.818286e-13
     -8.905542e-13
     -1.014400e-12
     -1.155468e-12
     -1.316154e-12
     -1.499186e-12
     -1.707671e-12
     -1.945150e-12
     -2.215654e-12
     -2.523775e-12
     -2.874746e-12
     -3.274524e-12
     -3.729898e-12
     -4.248599e-12
     -4.839434e-12
     -5.512433e-12
     -6.279024e-12
     -7.152221e-12
     -8.146850e-12
     -9.279798e-12
     -1.057030e-11
     -1.204027e-11
     -1.371465e-11
     -1.562189e-11
     -1.779436e-11
     -2.026895e-11
     -2.308766e-11
     -2.629837e-11
     -2.995557e-11
     -3.412136e-11
     -3.886647e-11
     -4.427147e-11
     -5.042811e-11
     -5.744093e-11
     -6.542900e-11
     -7.452793e-11
     -8.489221e-11
     -9.669781e-11
     -1.101452e-10
     -1.254626e-10
     -1.429101e-10
     -1.627840e-10
     -1.854217e-10
     -2.112075e-10
     -2.405792e-10
     -2.740356e-10
     -3.121445e-10
     -3.555531e-10
     -4.049984e-10
     -4.613198e-10
     -5.254736e-10
     -5.985489e-10
     -6.817866e-10
     -7.765997e-10
     -8.845981e-10
     -1.007615e-09
     -1.147740e-09
     -1.307351e-09
     -1.489159e-09
     -1.696250e-09
     -1.932141e-09
     -2.200835e-09
     -2.506896e-09
     -2.855519e-09
     -3.252624e-09
     -3.704953e-09
     -4.220185e-09
     -4.807068e-09
     -5.475566e-09
     -6.237030e-09
     -7.104387e-09
     -8.092363e-09
     -9.217734e-09
     -1.049960e-08
     -1.195974e-08
     -1.362293e-08
     -1.551741e-08
     -1.767535e-08
     -2.013339e-08
     -2.293325e-08
     -2.612248e-08
     -2.975522e-08
     -3.389316e-08
     -3.860653e-08
     -4.397538e-08
     -5.009085e-08
     -5.705677e-08
     -6.499141e-08
     -7.402949e-08
     -8.432445e-08
     -9.605109e-08
     -1.094085e-07
     -1.246235e-07
     -1.419543e-07
     -1.616953e-07
     -1.841816e-07
     -2.097949e-07
     -2.389702e-07
     -2.722028e-07
     -3.100569e-07
     -3.531752e-07
     -4.022897e-07
     -4.582344e-07
     -5.219592e-07
     -5.945458e-07
     -6.772268e-07
     -7.714058e-07
     -8.786818e-07
     -1.000876e-06
     -1.140064e-06
     -1.298608e-06
     -1.479200e-06
     -1.684905e-06
     -1.919216e-06
     -2.186109e-06
     -2.490113e-06
     -2.836388e-06
     -3.230803e-06
     -3.680031e-06
     -4.191637e-06
     -4.774182e-06
     -5.437309e-06
     -6.191831e-06
     -7.049810e-06
     -8.024615e-06
     -9.130963e-06
     -1.038493e-05
     -1.180396e-05
     -1.340676e-05
     -1.521331e-05
     -1.724464e-05
     -1.952276e-05
     -2.207042e-05
     -2.491090e-05
     -2.806770e-05
     -3.156432e-05
     -3.542388e-05
     -3.966881e-05
     -4.432048e-05
     -4.939886e-05
     -5.492215e-05
     -6.090644e-05
     -6.736539e-05
     -7.430988e-05
     -8.174781e-05
     -8.968377e-05
     -9.811890e-05
     -1.070507e-04
     -1.164731e-04
     -1.263759e-04
     -1.367455e-04
     -1.475642e-04
     -1.588108e-04
     -1.704606e-04
     -1.824854e-04
     -1.948539e-04
     -2.075317e-04
     -2.204818e-04
     -2.336649e-04
     -2.470391e-04
     -2.605612e-04
     -2.741858e-04
     -2.878666e-04
     -3.015561e-04
     -3.152060e-04
     -3.287674e-04
     -3.421913e-04
     -3.554285e-04
     -3.684298e-04
     -3.811466e-04
     -3.935307e-04
     -4.055345e-04
     -4.171115e-04
     -4.282161e-04
     -4.388043e-04
     -4.488330e-04
     -4.582612e-04
     -4.670496e-04
     -4.751607e-04
     -4.825596e-04
     -4.892135e-04
     -4.950925e-04
     -5.001693e-04
     -5.044198e-04
     -5.078232e-04
     -5.103618e-04
     -5.120219e-04
     -5.127930e-04
     -5.126687e-04
     -5.116465e-04
     -5.097275e-04
     -5.069168e-04
     -5.032233e-04
     -4.986597e-04
     -4.932421e-04
     -4.869899e-04
     -4.799259e-04
     -4.720755e-04
     -4.634668e-04
     -4.541299e-04
     -4.440971e-04
     -4.334019e-04
     -4.220790e-04
     -4.101640e-04
     -3.976927e-04
     -3.847009e-04
     -3.712242e-04
     -3.572976e-04
     -3.429552e-04
     -3.282299e-04
     -3.131534e-04
     -2.977558e-04
     -2.820659e-04
     -2.661106e-04
     -2.499153e-04
     -2.335037e-04
     -2.168981e-04
     -2.001190e-04
     -1.831857e-04
     -1.661162e-04
     -1.489273e-04
     -1.316348e-04
     -1.142537e-04
     -9.679836e-05
     -7.928239e-05
     -6.171915e-05
     -4.412165e-05
     -2.650269e-05
     -8.874980e-06
      8.748771e-06
      2.635581e-05
      4.393329e-05
      6.146817e-05
      7.894725e-05
      9.635706e-05
      1.136839e-04
      1.309137e-04
      1.480320e-04
      1.650241e-04
      1.818747e-04
      1.985680e-04
      2.150876e-04
      2.314164e-04
      2.475367e-04
      2.634297e-04
      2.790758e-04
      2.944543e-04
      3.095435e-04
      3.243205e-04
      3.387611e-04
      3.528401e-04
      3.665308e-04
      3.798056e-04
      3.926354e-04
      4.049906e-04
      4.168405e-04
      4.281535e-04
      4.388979e-04
      4.490418e-04
      4.585531e-04
      4.674003e-04
      4.755528e-04
      4.829807e-04
      4.896559e-04
      4.955520e-04
      5.006448e-04
      5.049126e-04
      5.083364e-04
      5.109006e-04
      5.125929e-04
      5.134046e-04
      5.133307e-04
      5.123703e-04
      5.105264e-04
      5.078062e-04
      5.042209e-04
      4.997854e-04
      4.945188e-04
      4.884439e-04
      4.815869e-04
      4.739774e-04
      4.656481e-04
      4.566345e-04
      4.469748e-04
      4.367093e-04
      4.258804e-04
      4.145323e-04
      4.027106e-04
      3.904620e-04
      3.778342e-04
      3.648757e-04
      3.516352e-04
      3.381620e-04
      3.245050e-04
      3.107134e-04
      2.968356e-04
      2.829199e-04
      2.690135e-04
      2.551630e-04
      2.414138e-04
      2.278099e-04
      2.143940e-04
      2.012073e-04
      1.882887e-04
      1.756754e-04
      1.634022e-04
      1.515014e-04
      1.400026e-04
      1.289327e-04
      1.183152e-04
      1.081707e-04
      9.851612e-05
      8.936518e-05
      8.072784e-05
      7.261048e-05
      6.501588e-05
      5.794319e-05
      5.138806e-05
      4.534276e-05
      3.979632e-05
      3.473477e-05
      3.014137e-05
      2.599690e-05
      2.228001e-05
      1.896749e-05
      1.603470e-05
      1.345588e-05
      1.120456e-05
      9.253939e-06
      7.577182e-06
      6.147810e-06
      4.939992e-06
      3.928825e-06
      3.090577e-06
      2.402899e-06
      1.844984e-06
      1.397687e-06
      1.043607e-06
      7.671211e-07
      5.543854e-07
      3.932935e-07
      2.734096e-07
      1.858715e-07
      1.232734e-07
      7.953244e-08
      4.974469e-08
      3.003700e-08
      1.741829e-08
      9.635957e-09
      5.040677e-09
      2.462991e-09
      1.103785e-09
      4.401338e-10
      1.470166e-10
      3.468190e-11
      6.923319e-13
     -4.882740e-12
     -3.130043e-12
     -1.102114e-12
     -1.397684e-13
      9.557910e-14
      7.083835e-14
      1.968684e-14
     -1.889474e-15
     -3.843682e-15
     -1.269035e-15
      1.036789e-16
      2.279165e-16
      5.874859e-17
     -1.617822e-17
     -1.308019e-17
     -9.161768e-19
      1.677015e-18
      4.690686e-19
     -1.525498e-19
     -8.908611e-20
      9.128066e-21
      1.313656e-20
     -4.517120e-23
     -1.747343e-21
     -7.872868e-23
      2.240976e-22
      1.201318e-23
     -2.843688e-23
     -6.604610e-25
      3.534881e-24
     -1.532132e-25
     -4.118259e-25
      5.986070e-26
      4.117236e-26
     -1.248445e-26
     -2.815365e-27
      1.880650e-27
     -3.073222e-29
     -2.009933e-28
      4.633612e-29
      1.099500e-29
     -7.594920e-30
      8.049557e-31
      5.679038e-31
     -2.446303e-31
      1.579725e-32
      1.949525e-32
     -7.907748e-33
      7.763939e-34
      4.888878e-34
     -2.515137e-34
      4.850885e-35
      4.550037e-36
     -6.260549e-36
      2.156757e-36
     -3.494189e-37
     -3.919820e-38
      4.776387e-38
     -1.826827e-38
      4.410694e-39
     -5.585731e-40
     -9.385178e-41
      9.130631e-41
     -3.807270e-41
      1.213600e-41
     -3.306558e-42
      8.047048e-43
     -1.789569e-43
      3.686730e-44
     -7.098994e-45
      1.285550e-45
     -2.198860e-46
      3.563053e-47
     -5.480080e-48
      8.007023e-49
     -1.111152e-49
      1.462140e-50
     -1.817784e-51
      2.120442e-52
     -2.290558e-53
      2.230547e-54
     -1.833254e-55
      9.946198e-57
      3.707992e-58
     -2.313711e-58
      4.836157e-59
     -7.882552e-60
      1.133787e-60
     -1.503400e-61
      1.876395e-62
     -2.230205e-63
      2.542732e-64
     -2.794647e-65
      2.971338e-66
     -3.064222e-67
      3.071293e-68
     -2.996867e-69
      2.850652e-70
     -2.646322e-71
      2.399841e-72
     -2.127784e-73
      1.845856e-74
     -1.567754e-75
      1.304436e-76
     -1.063809e-77
      8.507682e-79
     -6.675126e-80
      5.140281e-81
     -3.886507e-82
      2.886236e-83
     -2.105953e-84
      1.510241e-85
     -1.064762e-86
      7.382248e-88
     -5.034653e-89
      3.378347e-90
     -2.230985e-91
      1.450259e-92
     -9.282085e-94
      5.850425e-95
     -3.632100e-96
      2.221468e-97
     -1.338795e-98
     7.951646e-100
    -4.655251e-101
     2.686853e-102
    -1.529073e-103
     8.581498e-105
    -4.750210e-106
     2.593820e-107
    -1.397348e-108
     7.427891e-110
    -3.896544e-111
     2.017445e-112
    -1.031064e-113
     5.202150e-115
    -2.591458e-116
     1.274731e-117
    -6.192325e-119
     2.970956e-120
    -1.407963e-121
     6.591477e-123
    -3.048693e-124
     1.393241e-125
    -6.291592e-127
     2.807740e-128
    -1.238380e-129
     5.398707e-131
    -2.326490e-132
     9.911155e-134
    -4.174404e-135
     1.738386e-136
    -7.158355e-138
     2.914932e-139
    -1.173881e-140
     4.675537e-142
    -1.841967e-143
     7.178024e-145
    -2.767136e-146
     1.055328e-147
    -3.982022e-149
     1.486645e-150
    -5.491935e-152
     2.007633e-153
    -7.262904e-155
     2.600331e-156
    -9.214343e-158
     3.231781e-159
    -1.121981e-160
     3.855834e-162
    -1.311788e-163
     4.418185e-165
    -1.473267e-166
     4.864047e-168
    -1.590063e-169
     5.146977e-171
    -1.649802e-172
     5.236884e-174
    -1.646250e-175
     5.125301e-177
    -1.580385e-178
     4.826641e-180
    -1.460104e-181
     4.375196e-183
    -1.298684e-184
     3.818735e-186
    -1.112403e-187
     3.210316e-189
    -9.178959e-191
     2.600248e-192
    -7.298399e-194
     2.029773e-195
    -5.593576e-197
     1.527456e-198
    -4.133325e-200
     1.108400e-201
    -2.945600e-203
     7.757913e-205
    -2.024994e-206
     5.238699e-208
    -1.343251e-209
     3.413799e-211
    -8.599598e-213
     2.147288e-214
    -5.314792e-216
     1.304002e-217
    -3.171595e-219
     7.647093e-221
    -1.827870e-222
     4.331473e-224
    -1.017602e-225
     2.370191e-227
    -5.473458e-229
     1.253209e-230
    -2.844977e-232
     6.403791e-234
    -1.429251e-235
     3.163019e-237
    -6.941072e-239
     1.510400e-240
    -3.259165e-242
     6.973951e-244
    -1.479850e-245
     3.114092e-247
    -6.498721e-249
     1.344978e-250
    -2.760582e-252
     5.619432e-254
    -1.134482e-255
     2.271556e-257
    -4.511043e-259
     8.885156e-261
    -1.735779e-262
     3.363347e-264
    -6.464027e-266
     1.232239e-267
    -2.329986e-269
     4.370023e-271
    -8.130030e-273
     1.500321e-274
    -2.746406e-276
     4.987001e-278
    -8.982831e-280
     1.605058e-281
    -2.844965e-283
     5.002373e-285
    -8.725545e-287
     1.509839e-288
    -2.591756e-290
     4.413539e-292
    -7.456120e-294
     1.249612e-295
    -2.077673e-297
     3.427062e-299
    -5.608059e-301
     9.104407e-303
    -1.466364e-304
     2.343070e-306
    -3.714362e-308
     5.841720e-310
    -9.114997e-312
     1.411020e-313
    -2.167065e-315
     3.301976e-317
    -4.991644e-319
     7.485095e-321
    -1.086944e-322
      0.000000e+00
      0.000000e+00
      0.000000e+00
      0.000000e+00
      0.000000e+00
      0.000000e+00
      0.000000e+00
      0.000000e+00
      0.000000e+00
      0.000000e+00
      0.000000e+00
      0.000000e+00
      0.000000e+00
      0.000000e+00
      0.000000e+00
      0.000000e+00
      0.000000e+00
      0.000000e+00
      0.000000e+00
      0.000000e+00
      0.000000e+00
      0.000000e+00
      0.000000e+00
      0.000000e+00
      0.000000e+00
      0.000000e+00
      0.000000e+00
      0.000000e+00
      0.000000e+00
      0.000000e+00
      0.000000e+00
      0.000000e+00
      0.000000e+00
      0.000000e+00
      0.000000e+00
      0.000000e+00
      0.000000e+00
      0.000000e+00
      0.000000e+00
      0.000000e+00
      0.000000e+00
      0.000000e+00
      0.000000e+00
      0.000000e+00
      0.000000e+00
      0.000000e+00
      0.000000e+00
      0.000000e+00
      0.000000e+00
      0.000000e+00
      0.000000e+00
      0.000000e+00
      0.000000e+00
      0.000000e+00
      0.000000e+00
      0.000000e+00
      0.000000e+00
      0.000000e+00
      0.000000e+00
      0.000000e+00
      0.000000e+00
      0.000000e+00
      0.000000e+00
      0.000000e+00
      0.000000e+00
      0.000000e+00
      0.000000e+00
      0.000000e+00
      0.000000e+00
      0.000000e+00
      0.000000e+00
      0.000000e+00
      0.000000e+00
      0.000000e+00
      0.000000e+00
      0.000000e+00
      0.000000e+00
      0.000000e+00
      0.000000e+00
      0.000000e+00
      0.000000e+00
      0.000000e+00
      0.000000e+00
      0.000000e+00
      0.000000e+00
      0.000000e+00
      0.000000e+00
      0.000000e+00
      0.000000e+00
      0.000000e+00
      0.000000e+00
      0.000000e+00
      0.000000e+00
      0.000000e+00
      0.000000e+00
      0.000000e+00
      0.000000e+00
      0.000000e+00
      0.000000e+00
      0.000000e+00
      0.000000e+00
      0.000000e+00
      0.000000e+00
      0.000000e+00
      0.000000e+00
      0.000000e+00
      0.000000e+00
