      0.000000e+00
      0.000000e+00
     -9.281945e-22
     -8.628065e-22
     -6.905121e-22
     -4.789350e-22
     -2.930973e-22
     -1.238762e-22
      9.534805e-23
      4.185663e-22
      8.096743e-22
      1.121056e-21
      1.159475e-21
      8.092107e-22
      1.329617e-22
     -6.268341e-22
     -1.163103e-21
     -1.272042e-21
     -9.703347e-22
     -4.921939e-22
     -1.775915e-22
     -3.231997e-22
     -1.063445e-21
     -2.305018e-21
     -3.717728e-21
     -4.810035e-21
     -5.130530e-21
     -4.562333e-21
     -3.538396e-21
     -2.947077e-21
     -3.655128e-21
     -5.895390e-21
     -8.981999e-21
     -1.166509e-20
     -1.295142e-20
     -1.277785e-20
     -1.196147e-20
     -1.142074e-20
     -1.131615e-20
     -1.089264e-20
     -9.224646e-21
     -6.234053e-21
     -3.029164e-21
     -1.155648e-21
     -1.326862e-21
     -2.735460e-21
     -3.618749e-21
     -2.700959e-21
     -3.841567e-22
      1.248520e-21
     -3.674708e-22
     -6.685827e-21
     -1.698716e-20
     -2.829259e-20
     -3.621589e-20
     -3.654154e-20
     -2.719713e-20
     -9.897971e-21
      9.670442e-21
      2.396040e-20
      2.743506e-20
      2.007541e-20
      7.996431e-21
      2.173200e-22
      3.260854e-21
      1.696177e-20
      3.424343e-20
      4.506694e-20
      4.210990e-20
      2.478708e-20
     -5.603668e-22
     -2.410930e-20
     -3.747467e-20
     -3.746717e-20
     -2.707190e-20
     -1.367994e-20
     -5.787173e-21
     -9.560029e-21
     -2.621375e-20
     -5.081906e-20
     -7.320213e-20
     -8.141047e-20
     -6.706048e-20
     -3.014714e-20
      1.979696e-20
      6.761500e-20
      9.957502e-20
      1.092574e-19
      9.886210e-20
      7.604666e-20
      4.944656e-20
      2.592228e-20
      9.857447e-21
      2.678326e-21
      1.539178e-21
     -1.258610e-21
     -1.548895e-20
     -4.670104e-20
     -9.027368e-20
     -1.311502e-19
     -1.512056e-19
     -1.402159e-19
     -1.027946e-19
     -5.584133e-20
     -1.776584e-20
      3.029913e-21
      1.211831e-20
      2.260397e-20
      4.317641e-20
      6.981049e-20
      8.769131e-20
      8.231541e-20
      5.167455e-20
      1.024457e-20
     -1.883412e-20
     -1.851703e-20
      1.051666e-20
      4.959405e-20
      7.364177e-20
      6.691556e-20
      3.223769e-20
     -1.228239e-20
     -4.620779e-20
     -5.993181e-20
     -5.897016e-20
     -5.724518e-20
     -6.517614e-20
     -8.151312e-20
     -9.442233e-20
     -9.054930e-20
     -6.562612e-20
     -2.962573e-20
     -3.119724e-21
     -6.780306e-21
     -4.992011e-20
     -1.245306e-19
     -2.081403e-19
     -2.737522e-19
     -3.012541e-19
     -2.844487e-19
     -2.310989e-19
     -1.575843e-19
     -8.206493e-20
     -1.942080e-20
      2.109398e-20
      3.645013e-20
      2.980655e-20
      9.696413e-21
     -1.268731e-20
     -2.839510e-20
     -3.567639e-20
     -4.115096e-20
     -5.488449e-20
     -8.163760e-20
     -1.145819e-19
     -1.370916e-19
     -1.324133e-19
     -9.462154e-20
     -3.295003e-20
      3.322771e-20
      8.430456e-20
      1.078404e-19
      9.962117e-20
      6.078544e-20
     -3.669115e-21
     -8.267145e-20
     -1.565310e-19
     -2.000187e-19
     -1.933377e-19
     -1.357381e-19
     -5.152911e-20
      1.902418e-20
      4.139913e-20
      7.980245e-21
     -5.683584e-20
     -1.134130e-19
     -1.350614e-19
     -1.267461e-19
     -1.187745e-19
     -1.390032e-19
     -1.854234e-19
     -2.225401e-19
     -2.065768e-19
     -1.204448e-19
      9.767809e-21
      1.304782e-19
      1.957062e-19
      1.934204e-19
      1.440643e-19
      7.717591e-20
      9.788459e-21
     -5.509426e-20
     -1.137794e-19
     -1.511237e-19
     -1.482780e-19
     -1.021997e-19
     -3.580568e-20
      1.446967e-20
      2.464591e-20
     -1.220963e-22
     -3.230366e-20
     -4.468435e-20
     -2.881268e-20
      3.667507e-21
      3.263995e-20
      4.139957e-20
      2.187516e-20
     -2.425246e-20
     -8.474965e-20
     -1.384067e-19
     -1.631586e-19
     -1.483371e-19
     -1.013708e-19
     -4.190398e-20
      1.212726e-20
      5.392057e-20
      8.510591e-20
      1.060256e-19
      1.108361e-19
      9.304140e-20
      5.518467e-20
      1.176630e-20
     -1.858373e-20
     -2.494475e-20
     -9.673689e-21
      1.623694e-20
      4.274328e-20
      6.668389e-20
      9.013444e-20
      1.145112e-19
      1.367629e-19
      1.508113e-19
      1.519524e-19
      1.396288e-19
      1.165034e-19
      8.588709e-20
      5.079826e-20
      1.525092e-20
     -1.481609e-20
     -3.334415e-20
     -3.757900e-20
     -2.941237e-20
     -1.269869e-20
      1.083162e-20
      4.225396e-20
      8.113339e-20
      1.203289e-19
      1.461185e-19
      1.454644e-19
      1.151890e-19
      6.502554e-20
      1.117224e-20
     -3.470924e-20
     -7.168306e-20
     -1.054219e-19
     -1.375478e-19
     -1.587444e-19
     -1.534057e-19
     -1.132618e-19
     -4.809922e-20
      1.758264e-20
      6.152958e-20
      8.086028e-20
      9.375897e-20
      1.223554e-19
      1.702570e-19
      2.143690e-19
      2.195109e-19
      1.650292e-19
      6.227851e-20
     -5.038348e-20
     -1.300793e-19
     -1.520529e-19
     -1.184001e-19
     -5.184541e-20
      1.703633e-20
      6.150491e-20
      6.728257e-20
      3.820995e-20
     -3.644764e-21
     -2.687785e-20
     -6.827392e-21
      6.003434e-20
      1.529284e-19
      2.367644e-19
      2.784484e-19
      2.604890e-19
      1.873815e-19
      8.481154e-20
     -7.937985e-21
     -5.271187e-20
     -3.117507e-20
      4.221457e-20
      1.240439e-19
      1.644025e-19
      1.353275e-19
      4.612581e-20
     -6.447247e-20
     -1.517023e-19
     -1.855320e-19
     -1.565186e-19
     -7.008624e-20
      5.812838e-20
      1.995247e-19
      3.105715e-19
      3.454395e-19
      2.844917e-19
      1.591072e-19
      4.613411e-20
      2.430549e-20
      1.181961e-19
      2.732311e-19
      3.872023e-19
      3.800318e-19
      2.502310e-19
      7.426369e-20
     -5.036648e-20
     -7.330184e-20
     -1.936510e-20
      3.994982e-20
      4.340667e-20
     -1.967010e-20
     -1.106497e-19
     -1.746915e-19
     -1.766215e-19
     -1.170317e-19
     -2.564100e-20
      5.711920e-20
      9.826308e-20
      8.392737e-20
      2.273888e-20
     -5.965586e-20
     -1.336753e-19
     -1.811097e-19
     -2.036837e-19
     -2.178600e-19
     -2.376286e-19
     -2.575078e-19
     -2.512750e-19
     -1.922382e-19
     -8.244139e-20
      3.438610e-20
      9.380794e-20
      5.657388e-20
     -5.488634e-20
     -1.627771e-19
     -1.847263e-19
     -9.278117e-20
      6.556306e-20
      2.010971e-19
      2.441733e-19
      1.861902e-19
      7.398528e-20
     -3.043933e-20
     -8.877425e-20
     -9.724526e-20
     -7.119440e-20
     -2.479204e-20
      3.585851e-20
      1.054060e-19
      1.704973e-19
      2.116445e-19
      2.160383e-19
      1.899309e-19
      1.573370e-19
      1.421768e-19
      1.464371e-19
      1.441812e-19
      1.010089e-19
      6.292541e-21
     -1.094583e-19
     -1.907198e-19
     -1.965555e-19
     -1.307505e-19
     -3.556100e-20
      4.587684e-20
      1.046149e-19
      1.667003e-19
      2.599196e-19
      3.784048e-19
      4.785844e-19
      5.103893e-19
      4.554903e-19
      3.394893e-19
      2.101848e-19
      1.038500e-19
      2.836957e-20
     -2.742907e-20
     -7.333576e-20
     -1.073797e-19
     -1.219365e-19
     -1.150830e-19
     -9.328166e-20
     -6.377549e-20
     -2.702431e-20
      2.156883e-20
      8.261482e-20
      1.463542e-19
      1.954778e-19
      2.139598e-19
      1.938191e-19
      1.359242e-19
      4.789524e-20
     -5.646220e-20
     -1.564989e-19
     -2.272380e-19
     -2.475520e-19
     -2.106748e-19
     -1.302787e-19
     -3.742680e-20
      3.112104e-20
      4.845484e-20
      1.012653e-20
     -6.283315e-20
     -1.340842e-19
     -1.719544e-19
     -1.678399e-19
     -1.397249e-19
     -1.165761e-19
     -1.146424e-19
     -1.250877e-19
     -1.242344e-19
     -9.794864e-20
     -5.788150e-20
     -3.345764e-20
     -4.545242e-20
     -8.464215e-20
     -1.153855e-19
     -1.021812e-19
     -3.747503e-20
      5.129820e-20
      1.197726e-19
      1.353648e-19
      9.693909e-20
      3.446309e-20
     -9.229081e-21
     -3.439917e-21
      5.238843e-20
      1.280825e-19
      1.809439e-19
      1.824563e-19
      1.363861e-19
      7.588501e-20
      4.138954e-20
      5.416034e-20
      1.025544e-19
      1.491398e-19
      1.538757e-19
      9.939100e-20
      2.734638e-21
     -9.504616e-20
     -1.562139e-19
     -1.717574e-19
     -1.646416e-19
     -1.664827e-19
     -1.861268e-19
     -1.980151e-19
     -1.629031e-19
     -6.514088e-20
      6.521180e-20
      1.656575e-19
      1.812878e-19
      1.018285e-19
     -3.075425e-20
     -1.479905e-19
     -1.952375e-19
     -1.606851e-19
     -7.705753e-20
      2.194366e-21
      3.600285e-20
      1.785444e-20
     -2.551824e-20
     -5.626424e-20
     -5.201770e-20
     -1.811707e-20
      2.188041e-20
      4.748529e-20
      5.593952e-20
      5.960070e-20
      7.195123e-20
      9.732736e-20
      1.327317e-19
      1.756435e-19
      2.257465e-19
      2.773339e-19
      3.123892e-19
      3.065000e-19
      2.474218e-19
      1.515660e-19
      6.178233e-20
      2.329137e-20
      5.245439e-20
      1.210454e-19
      1.704013e-19
      1.499693e-19
      5.579135e-20
     -5.992548e-20
     -1.202616e-19
     -7.838639e-20
      4.338399e-20
      1.625171e-19
      1.910135e-19
      9.741408e-20
     -6.999656e-20
     -2.154604e-19
     -2.579446e-19
     -1.778503e-19
     -1.962957e-20
      1.428038e-19
      2.479663e-19
      2.704321e-19
      2.209916e-19
      1.332501e-19
      4.724559e-20
     -5.467182e-21
     -1.301524e-20
      1.379431e-20
      5.013017e-20
      7.320517e-20
      7.419825e-20
      5.706994e-20
      2.748058e-20
     -1.510139e-20
     -7.265341e-20
     -1.364060e-19
     -1.826951e-19
     -1.858272e-19
     -1.385741e-19
     -6.011744e-20
      1.832201e-20
      7.704355e-20
      1.166481e-19
      1.433370e-19
      1.488911e-19
      1.118127e-19
      2.354771e-20
     -8.721041e-20
     -1.630948e-19
     -1.592043e-19
     -8.114089e-20
      1.676981e-20
      7.332913e-20
      6.531355e-20
      1.729166e-20
     -2.734980e-20
     -4.417235e-20
     -4.187199e-20
     -4.611389e-20
     -7.189190e-20
     -1.080909e-19
     -1.243809e-19
     -9.388052e-20
     -1.566967e-20
      7.881461e-20
      1.426238e-19
      1.446885e-19
      9.314251e-20
      2.977844e-20
     -3.356620e-21
      1.564453e-21
      1.373100e-20
     -5.029659e-21
     -6.127641e-20
     -1.199389e-19
     -1.331991e-19
     -8.134132e-20
      1.186343e-20
      1.007383e-19
      1.523717e-19
      1.614665e-19
      1.369124e-19
      8.177480e-20
     -7.829756e-21
     -1.243732e-19
     -2.353244e-19
     -2.956312e-19
     -2.796184e-19
     -2.025764e-19
     -1.092911e-19
     -3.786009e-20
      8.516342e-21
      5.597520e-20
      1.266383e-19
      2.095366e-19
      2.636412e-19
      2.509343e-19
      1.702716e-19
      6.270941e-20
     -1.568923e-20
     -3.075029e-20
      1.159153e-20
      7.652785e-20
      1.284645e-19
      1.532102e-19
      1.597867e-19
      1.645782e-19
      1.728844e-19
      1.727597e-19
      1.451012e-19
      8.090780e-20
     -8.682656e-21
     -9.727402e-20
     -1.576425e-19
     -1.731328e-19
     -1.392607e-19
     -6.091620e-20
      4.575911e-20
      1.481391e-19
      2.016427e-19
      1.726132e-19
      6.721848e-20
     -6.106870e-20
     -1.409353e-19
     -1.323953e-19
     -5.621523e-20
      2.275119e-20
      4.577750e-20
      2.753472e-21
     -6.627692e-20
     -1.076589e-19
     -9.569623e-20
     -4.716609e-20
     -3.203570e-21
      1.733102e-21
     -3.994951e-20
     -1.091758e-19
     -1.748624e-19
     -2.118144e-19
     -2.130520e-19
     -1.909633e-19
     -1.652051e-19
     -1.430854e-19
     -1.075997e-19
     -2.798919e-20
      1.091102e-19
      2.720071e-19
      3.887470e-19
      3.902398e-19
      2.631675e-19
      6.983163e-20
     -8.567762e-20
     -1.232852e-19
     -3.636791e-20
      1.113453e-19
      2.365664e-19
      2.941355e-19
      2.983798e-19
      2.960563e-19
      3.170929e-19
      3.449438e-19
      3.309901e-19
      2.417212e-19
      1.001422e-19
     -1.589840e-20
     -2.489570e-20
      9.175412e-20
      2.613597e-19
      3.606463e-19
      3.026242e-19
      1.036840e-19
     -1.255818e-19
     -2.614996e-19
     -2.548029e-19
     -1.540988e-19
     -5.250469e-20
     -1.065018e-20
     -2.250039e-20
     -4.339491e-20
     -4.267408e-20
     -2.987393e-20
     -3.793904e-20
     -8.793938e-20
     -1.691874e-19
     -2.470529e-19
     -2.863695e-19
     -2.716690e-19
     -2.135531e-19
     -1.404784e-19
     -8.177425e-20
     -5.209341e-20
     -4.770934e-20
     -5.683457e-20
     -7.341313e-20
     -9.969125e-20
     -1.344460e-19
     -1.605059e-19
     -1.484568e-19
     -7.794769e-20
      4.087261e-20
      1.660885e-19
      2.470186e-19
      2.555198e-19
      2.027334e-19
      1.289509e-19
      7.347646e-20
      4.611173e-20
      2.222089e-20
     -3.285782e-20
     -1.277565e-19
     -2.276928e-19
     -2.740646e-19
     -2.288482e-19
     -1.081227e-19
      2.459245e-20
      1.015123e-19
      9.571067e-20
      3.256763e-20
     -3.881042e-20
     -8.736782e-20
     -1.195458e-19
     -1.622811e-19
     -2.272404e-19
     -2.895112e-19
     -3.013132e-19
     -2.314346e-19
     -9.860514e-20
      2.965458e-20
      7.537819e-20
      2.653616e-21
     -1.465572e-19
     -2.630073e-19
     -2.617783e-19
     -2.527936e-19
     -5.937918e-19
     -1.333469e-18
     -8.036956e-19
      4.992408e-18
      1.738002e-17
      2.021135e-17
     -3.453575e-17
     -1.984745e-16
     -3.902143e-16
     -1.465707e-16
      1.498212e-15
      5.340685e-15
      9.571029e-15
      5.142149e-15
     -2.900639e-14
     -1.234522e-13
     -2.927085e-13
     -4.605470e-13
     -3.006975e-13
      1.048619e-12
      5.438533e-12
      1.636937e-11
      3.988617e-11
      8.573100e-11
      1.687658e-10
      3.106743e-10
      5.419462e-10
      9.041434e-10
      1.452442e-09
      2.258435e-09
      3.413183e-09
      5.030484e-09
      7.250329e-09
      1.024253e-08
      1.421044e-08
      1.939480e-08
      2.607759e-08
      3.458582e-08
      4.529540e-08
      5.863471e-08
      7.508820e-08
      9.519959e-08
      1.195749e-07
      1.488853e-07
      1.838691e-07
      2.253339e-07
      2.741580e-07
      3.312914e-07
      3.977558e-07
      4.746451e-07
      5.631236e-07
      6.644256e-07
      7.798527e-07
      9.107710e-07
      1.058608e-06
      1.224848e-06
      1.411028e-06
      1.618731e-06
      1.849582e-06
      2.105239e-06
      2.387388e-06
      2.697732e-06
      3.037987e-06
      3.409868e-06
      3.815083e-06
      4.255326e-06
      4.732261e-06
      5.247515e-06
      5.802669e-06
      6.399246e-06
      7.038701e-06
      7.722411e-06
      8.451663e-06
      9.227648e-06
      1.005145e-05
      1.092403e-05
      1.184623e-05
      1.281875e-05
      1.384216e-05
      1.491687e-05
      1.604313e-05
      1.722104e-05
      1.845052e-05
      1.973135e-05
      2.106308e-05
      2.244515e-05
      2.387676e-05
      2.535698e-05
      2.688466e-05
      2.845851e-05
      3.007703e-05
      3.173858e-05
      3.344132e-05
      3.518328e-05
      3.696229e-05
      3.877606e-05
      4.062215e-05
      4.249797e-05
      4.440080e-05
      4.632782e-05
      4.827608e-05
      5.024253e-05
      5.222403e-05
      5.421735e-05
      5.621922e-05
      5.822628e-05
      6.023512e-05
      6.224231e-05
      6.424438e-05
      6.623785e-05
      6.821922e-05
      7.018501e-05
      7.213174e-05
      7.405597e-05
      7.595426e-05
      7.782324e-05
      7.965957e-05
      8.145999e-05
      8.322127e-05
      8.494026e-05
      8.661390e-05
      8.823920e-05
      8.981324e-05
      9.133320e-05
      9.279636e-05
      9.420009e-05
      9.554184e-05
      9.681918e-05
      9.802976e-05
      9.917136e-05
      1.002418e-04
      1.012391e-04
      1.021613e-04
      1.030065e-04
      1.037730e-04
      1.044592e-04
      1.050635e-04
      1.055845e-04
      1.060208e-04
      1.063711e-04
      1.066343e-04
      1.068093e-04
      1.068950e-04
      1.068906e-04
      1.067953e-04
      1.066082e-04
      1.063289e-04
      1.059566e-04
      1.054909e-04
      1.049315e-04
      1.042781e-04
      1.035304e-04
      1.026883e-04
      1.017518e-04
      1.007210e-04
      9.959602e-05
      9.837721e-05
      9.706492e-05
      9.565963e-05
      9.416194e-05
      9.257257e-05
      9.089235e-05
      8.912222e-05
      8.726325e-05
      8.531665e-05
      8.328372e-05
      8.116593e-05
      7.896486e-05
      7.668223e-05
      7.431990e-05
      7.187984e-05
      6.936419e-05
      6.677520e-05
      6.411527e-05
      6.138693e-05
      5.859282e-05
      5.573575e-05
      5.281861e-05
      4.984443e-05
      4.681636e-05
      4.373764e-05
      4.061164e-05
      3.744181e-05
      3.423167e-05
      3.098486e-05
      2.770506e-05
      2.439601e-05
      2.106153e-05
      1.770544e-05
      1.433163e-05
      1.094399e-05
      7.546401e-06
      4.142772e-06
      7.369754e-07
     -2.667139e-06
     -6.065762e-06
     -9.455135e-06
     -1.283157e-05
     -1.619143e-05
     -1.953120e-05
     -2.284743e-05
     -2.613680e-05
     -2.939609e-05
     -3.262220e-05
     -3.581219e-05
     -3.896324e-05
     -4.207269e-05
     -4.513802e-05
     -4.815689e-05
     -5.112711e-05
     -5.404668e-05
     -5.691374e-05
     -5.972663e-05
     -6.248385e-05
     -6.518408e-05
     -6.782617e-05
     -7.040916e-05
     -7.293224e-05
     -7.539477e-05
     -7.779627e-05
     -8.013643e-05
     -8.241507e-05
     -8.463219e-05
     -8.678789e-05
     -8.888242e-05
     -9.091616e-05
     -9.288959e-05
     -9.480330e-05
     -9.665799e-05
     -9.845444e-05
     -1.001935e-04
     -1.018761e-04
     -1.035033e-04
     -1.050760e-04
     -1.065954e-04
     -1.080626e-04
     -1.094787e-04
     -1.108450e-04
     -1.121625e-04
     -1.134325e-04
     -1.146561e-04
     -1.158345e-04
     -1.169689e-04
     -1.180604e-04
     -1.191101e-04
     -1.201190e-04
     -1.210882e-04
     -1.220188e-04
     -1.229117e-04
     -1.237677e-04
     -1.245878e-04
     -1.253729e-04
     -1.261237e-04
     -1.268411e-04
     -1.275256e-04
     -1.281780e-04
     -1.287989e-04
     -1.293889e-04
     -1.299486e-04
     -1.304785e-04
     -1.309791e-04
     -1.314508e-04
     -1.318941e-04
     -1.323093e-04
     -1.326969e-04
     -1.330572e-04
     -1.333905e-04
     -1.336972e-04
     -1.339774e-04
     -1.342316e-04
     -1.344599e-04
     -1.346627e-04
     -1.348400e-04
     -1.349922e-04
     -1.351194e-04
     -1.352217e-04
     -1.352993e-04
     -1.353524e-04
     -1.353810e-04
     -1.353852e-04
     -1.353650e-04
     -1.353205e-04
     -1.352515e-04
     -1.351581e-04
     -1.350402e-04
     -1.348975e-04
     -1.347299e-04
     -1.345370e-04
     -1.343187e-04
     -1.340745e-04
     -1.338041e-04
     -1.335068e-04
     -1.331821e-04
     -1.328294e-04
     -1.324481e-04
     -1.320372e-04
     -1.315961e-04
     -1.311237e-04
     -1.306191e-04
     -1.300812e-04
     -1.295089e-04
     -1.289010e-04
     -1.282562e-04
     -1.275732e-04
     -1.268507e-04
     -1.260872e-04
     -1.252812e-04
     -1.244313e-04
     -1.235360e-04
     -1.225935e-04
     -1.216024e-04
     -1.205611e-04
     -1.194680e-04
     -1.183216e-04
     -1.171202e-04
     -1.158623e-04
     -1.145465e-04
     -1.131713e-04
     -1.117353e-04
     -1.102374e-04
     -1.086761e-04
     -1.070504e-04
     -1.053593e-04
     -1.036019e-04
     -1.017774e-04
     -9.988501e-05
     -9.792432e-05
     -9.589493e-05
     -9.379659e-05
     -9.162925e-05
     -8.939299e-05
     -8.708808e-05
     -8.471496e-05
     -8.227424e-05
     -7.976672e-05
     -7.719337e-05
     -7.455534e-05
     -7.185399e-05
     -6.909081e-05
     -6.626751e-05
     -6.338595e-05
     -6.044819e-05
     -5.745641e-05
     -5.441299e-05
     -5.132046e-05
     -4.818146e-05
     -4.499882e-05
     -4.177547e-05
     -3.851446e-05
     -3.521897e-05
     -3.189228e-05
     -2.853774e-05
     -2.515881e-05
     -2.175901e-05
     -1.834192e-05
     -1.491117e-05
     -1.147043e-05
     -8.023403e-06
     -4.573803e-06
     -1.125355e-06
      2.318220e-06
      5.753211e-06
      9.175932e-06
      1.258273e-05
      1.596998e-05
      1.933411e-05
      2.267162e-05
      2.597904e-05
      2.925299e-05
      3.249016e-05
      3.568731e-05
      3.884130e-05
      4.194907e-05
      4.500763e-05
      4.801411e-05
      5.096573e-05
      5.385980e-05
      5.669374e-05
      5.946505e-05
      6.217134e-05
      6.481033e-05
      6.737982e-05
      6.987773e-05
      7.230205e-05
      7.465089e-05
      7.692244e-05
      7.911500e-05
      8.122694e-05
      8.325674e-05
      8.520298e-05
      8.706429e-05
      8.883942e-05
      9.052721e-05
      9.212657e-05
      9.363649e-05
      9.505608e-05
      9.638450e-05
      9.762102e-05
      9.876499e-05
      9.981585e-05
      1.007731e-04
      1.016365e-04
      1.024056e-04
      1.030802e-04
      1.036604e-04
      1.041460e-04
      1.045373e-04
      1.048345e-04
      1.050378e-04
      1.051478e-04
      1.051649e-04
      1.050900e-04
      1.049238e-04
      1.046673e-04
      1.043215e-04
      1.038875e-04
      1.033669e-04
      1.027609e-04
      1.020713e-04
      1.012997e-04
      1.004480e-04
      9.951825e-05
      9.851257e-05
      9.743323e-05
      9.628265e-05
      9.506335e-05
      9.377801e-05
      9.242939e-05
      9.102040e-05
      8.955403e-05
      8.803341e-05
      8.646172e-05
      8.484228e-05
      8.317843e-05
      8.147364e-05
      7.973140e-05
      7.795527e-05
      7.614884e-05
      7.431575e-05
      7.245965e-05
      7.058417e-05
      6.869298e-05
      6.678970e-05
      6.487795e-05
      6.296129e-05
      6.104324e-05
      5.912724e-05
      5.721668e-05
      5.531485e-05
      5.342494e-05
      5.155006e-05
      4.969317e-05
      4.785713e-05
      4.604465e-05
      4.425832e-05
      4.250056e-05
      4.077366e-05
      3.907973e-05
      3.742073e-05
      3.579844e-05
      3.421448e-05
      3.267030e-05
      3.116717e-05
      2.970620e-05
      2.828831e-05
      2.691427e-05
      2.558467e-05
      2.429994e-05
      2.306035e-05
      2.186603e-05
      2.071692e-05
      1.961288e-05
      1.855358e-05
      1.753859e-05
      1.656735e-05
      1.563921e-05
      1.475337e-05
      1.390899e-05
      1.310512e-05
      1.234072e-05
      1.161471e-05
      1.092593e-05
      1.027319e-05
      9.655259e-06
      9.070860e-06
      8.518704e-06
      7.997488e-06
      7.505899e-06
      7.042628e-06
      6.606371e-06
      6.195837e-06
      5.809756e-06
      5.446882e-06
      5.105998e-06
      4.785920e-06
      4.485502e-06
      4.203635e-06
      3.939255e-06
      3.691339e-06
      3.458911e-06
      3.241039e-06
      3.036840e-06
      2.845474e-06
      2.666147e-06
      2.498111e-06
      2.340660e-06
      2.193131e-06
      2.054898e-06
      1.925378e-06
      1.804022e-06
      1.690314e-06
      1.583774e-06
      1.483948e-06
      1.390415e-06
      1.302777e-06
      1.220663e-06
      1.143724e-06
      1.071635e-06
      1.004090e-06
      9.408018e-07
      8.815029e-07
      8.259416e-07
      7.738824e-07
      7.251045e-07
      6.794011e-07
      6.365783e-07
      5.964547e-07
      5.588601e-07
      5.236350e-07
      4.906302e-07
      4.597057e-07
      4.307304e-07
      4.035814e-07
      3.781436e-07
      3.543092e-07
      3.319770e-07
      3.110525e-07
      2.914468e-07
      2.730769e-07
      2.558648e-07
      2.397376e-07
      2.246269e-07
      2.104686e-07
      1.972028e-07
      1.847730e-07
      1.731268e-07
      1.622146e-07
      1.519902e-07
      1.424102e-07
      1.334341e-07
      1.250237e-07
      1.171434e-07
      1.097599e-07
      1.028417e-07
      9.635956e-08
      9.028600e-08
      8.459526e-08
      7.926321e-08
      7.426724e-08
      6.958616e-08
      6.520014e-08
      6.109056e-08
      5.724002e-08
      5.363217e-08
      5.025173e-08
      4.708435e-08
      4.411662e-08
      4.133594e-08
      3.873053e-08
      3.628934e-08
      3.400202e-08
      3.185887e-08
      2.985080e-08
      2.796930e-08
      2.620639e-08
      2.455460e-08
      2.300692e-08
      2.155679e-08
      2.019806e-08
      1.892497e-08
      1.773213e-08
      1.661447e-08
      1.556726e-08
      1.458605e-08
      1.366669e-08
      1.280528e-08
      1.199816e-08
      1.124191e-08
      1.053333e-08
      9.869416e-09
      9.247346e-09
      8.664484e-09
      8.118361e-09
      7.606659e-09
      7.127210e-09
      6.677981e-09
      6.257067e-09
      5.862683e-09
      5.493157e-09
      5.146923e-09
      4.822512e-09
      4.518548e-09
      4.233743e-09
      3.966890e-09
      3.716856e-09
      3.482582e-09
      3.263075e-09
      3.057403e-09
      2.864694e-09
      2.684132e-09
      2.514951e-09
      2.356433e-09
      2.207907e-09
      2.068742e-09
      1.938349e-09
      1.816175e-09
      1.701701e-09
      1.594442e-09
      1.493944e-09
      1.399781e-09
      1.311552e-09
      1.228885e-09
      1.151428e-09
      1.078854e-09
      1.010853e-09
      9.471391e-10
      8.874408e-10
      8.315053e-10
      7.790954e-10
      7.299889e-10
      6.839776e-10
      6.408664e-10
      6.004725e-10
      5.626246e-10
      5.271623e-10
      4.939352e-10
      4.628024e-10
      4.336319e-10
      4.063000e-10
      3.806909e-10
      3.566959e-10
      3.342133e-10
      3.131478e-10
      2.934100e-10
      2.749163e-10
      2.575883e-10
      2.413525e-10
      2.261400e-10
      2.118864e-10
      1.985311e-10
      1.860177e-10
      1.742930e-10
      1.633073e-10
      1.530140e-10
      1.433695e-10
      1.343329e-10
      1.258659e-10
      1.179325e-10
      1.104992e-10
      1.035344e-10
      9.700865e-11
      9.089418e-11
      8.516511e-11
      7.979714e-11
      7.476751e-11
      7.005490e-11
      6.563933e-11
      6.150208e-11
      5.762559e-11
      5.399344e-11
      5.059023e-11
      4.740152e-11
      4.441379e-11
      4.161439e-11
      3.899143e-11
      3.653379e-11
      3.423106e-11
      3.207347e-11
      3.005188e-11
      2.815770e-11
      2.638292e-11
      2.472000e-11
      2.316189e-11
      2.170200e-11
      2.033412e-11
      1.905245e-11
      1.785158e-11
      1.672639e-11
      1.567212e-11
      1.468431e-11
      1.375875e-11
      1.289154e-11
      1.207898e-11
      1.131764e-11
      1.060429e-11
      9.935898e-12
      9.309637e-12
      8.722849e-12
      8.173047e-12
      7.657899e-12
      7.175220e-12
      6.722965e-12
      6.299215e-12
      5.902175e-12
      5.530160e-12
      5.181593e-12
      4.854997e-12
      4.548986e-12
      4.262262e-12
      3.993611e-12
      3.741894e-12
      3.506042e-12
      3.285055e-12
      3.077998e-12
      2.883991e-12
      2.702213e-12
      2.531892e-12
      2.372306e-12
      2.222780e-12
      2.082677e-12
      1.951406e-12
      1.828409e-12
      1.713164e-12
      1.605183e-12
      1.504008e-12
      1.409210e-12
      1.320387e-12
      1.237163e-12
      1.159185e-12
      1.086121e-12
      1.017663e-12
      9.535194e-13
      8.934189e-13
      8.371066e-13
      7.843436e-13
      7.349063e-13
      6.885850e-13
      6.451833e-13
      6.045174e-13
      5.664146e-13
      5.307135e-13
      4.972626e-13
      4.659200e-13
      4.365530e-13
      4.090369e-13
      3.832552e-13
      3.590985e-13
      3.364645e-13
      3.152571e-13
      2.953865e-13
      2.767683e-13
      2.593236e-13
      2.429784e-13
      2.276634e-13
      2.133137e-13
      1.998685e-13
      1.872708e-13
      1.754671e-13
      1.644074e-13
      1.540447e-13
      1.443352e-13
      1.352378e-13
      1.267137e-13
      1.187270e-13
      1.112436e-13
      1.042319e-13
      9.766213e-14
      9.150642e-14
      8.573872e-14
      8.033457e-14
      7.527106e-14
      7.052672e-14
      6.608143e-14
      6.191630e-14
      5.801367e-14
      5.435703e-14
      5.093088e-14
      4.772073e-14
      4.471292e-14
      4.189467e-14
      3.925402e-14
      3.677980e-14
      3.446158e-14
      3.228952e-14
      3.025440e-14
      2.834754e-14
      2.656080e-14
      2.488662e-14
      2.331793e-14
      2.184815e-14
      2.047109e-14
      1.918086e-14
      1.797193e-14
      1.683916e-14
      1.577776e-14
      1.478327e-14
      1.385150e-14
      1.297848e-14
      1.216047e-14
      1.139398e-14
      1.067577e-14
      1.000283e-14
      9.372326e-15
      8.781576e-15
      8.228076e-15
      7.709471e-15
      7.223548e-15
      6.768234e-15
      6.341608e-15
      5.941885e-15
      5.567385e-15
      5.216505e-15
      4.887720e-15
      4.579618e-15
      4.290906e-15
      4.020399e-15
      3.766978e-15
      3.529567e-15
      3.307131e-15
      3.098692e-15
      2.903368e-15
      2.720362e-15
      2.548925e-15
      2.388325e-15
      2.237840e-15
      2.096800e-15
      1.964606e-15
      1.840732e-15
      1.724689e-15
      1.615993e-15
      1.514157e-15
      1.418718e-15
      1.329262e-15
      1.245425e-15
      1.166877e-15
      1.093305e-15
      1.024401e-15
      9.598619e-16
      8.993844e-16
      8.426936e-16
      7.895598e-16
      7.397871e-16
      6.931766e-16
      6.495123e-16
      6.085870e-16
      5.702273e-16
      5.342828e-16
      5.005996e-16
      4.690252e-16
      4.394396e-16
      4.117537e-16
      3.858621e-16
      3.616099e-16
      3.388300e-16
      3.174128e-16
      2.973220e-16
      2.785349e-16
      2.609834e-16
      2.445599e-16
      2.291650e-16
      2.147325e-16
      2.012116e-16
      1.885443e-16
      1.766678e-16
      1.655326e-16
      1.551063e-16
      1.453574e-16
      1.362387e-16
      1.276924e-16
      1.196695e-16
      1.121373e-16
      1.050671e-16
      9.842218e-17
      9.216843e-17
      8.629042e-17
      8.078901e-17
      7.566149e-17
      7.089110e-17
     -7.519975e-17
     -8.039200e-17
     -8.601880e-17
     -9.206816e-17
     -9.845106e-17
     -1.050713e-16
     -1.119468e-16
     -1.192568e-16
     -1.272348e-16
     -1.359872e-16
     -1.454168e-16
     -1.553457e-16
     -1.657192e-16
     -1.766769e-16
     -1.884265e-16
     -2.010797e-16
     -2.146355e-16
     -2.290917e-16
     -2.445178e-16
     -2.610135e-16
     -2.786454e-16
     -2.974565e-16
     -3.175097e-16
     -3.388919e-16
     -3.616884e-16
     -3.859897e-16
     -4.119179e-16
     -4.396093e-16
     -4.691629e-16
     -5.006473e-16
     -5.341940e-16
     -5.700549e-16
     -6.085018e-16
     -6.496586e-16
     -6.934943e-16
     -7.400349e-16
     -7.895503e-16
     -8.424741e-16
     -8.991544e-16
     -9.597515e-16
     -1.024390e-15
     -1.093333e-15
     -1.166953e-15
     -1.245581e-15
     -1.329457e-15
     -1.418836e-15
     -1.514117e-15
     -1.615826e-15
     -1.724503e-15
     -1.840602e-15
     -1.964514e-15
     -2.096677e-15
     -2.237668e-15
     -2.388188e-15
     -2.548931e-15
     -2.720507e-15
     -2.903510e-15
     -3.098693e-15
     -3.307025e-15
     -3.529541e-15
     -3.767164e-15
     -4.020713e-15
     -4.291130e-15
     -4.579626e-15
     -4.887602e-15
     -5.216436e-15
     -5.567427e-15
     -5.941940e-15
     -6.341552e-15
     -6.768047e-15
     -7.223308e-15
     -7.709259e-15
     -8.227914e-15
     -8.781453e-15
     -9.372243e-15
     -1.000280e-14
     -1.067573e-14
     -1.139384e-14
     -1.216015e-14
     -1.297800e-14
     -1.385100e-14
     -1.478287e-14
     -1.577753e-14
     -1.683907e-14
     -1.797195e-14
     -1.918098e-14
     -2.047131e-14
     -2.184840e-14
     -2.331809e-14
     -2.488663e-14
     -2.656070e-14
     -2.834742e-14
     -3.025433e-14
     -3.228946e-14
     -3.446147e-14
     -3.677962e-14
     -3.925381e-14
     -4.189452e-14
     -4.471290e-14
     -4.772084e-14
     -5.093110e-14
     -5.435726e-14
     -5.801381e-14
     -6.191631e-14
     -6.608138e-14
     -7.052675e-14
     -7.527119e-14
     -8.033471e-14
     -8.573877e-14
     -9.150639e-14
     -9.766211e-14
     -1.042320e-13
     -1.112438e-13
     -1.187272e-13
     -1.267139e-13
     -1.352379e-13
     -1.443353e-13
     -1.540446e-13
     -1.644072e-13
     -1.754669e-13
     -1.872708e-13
     -1.998686e-13
     -2.133137e-13
     -2.276632e-13
     -2.429781e-13
     -2.593233e-13
     -2.767681e-13
     -2.953864e-13
     -3.152571e-13
     -3.364644e-13
     -3.590983e-13
     -3.832549e-13
     -4.090367e-13
     -4.365530e-13
     -4.659202e-13
     -4.972628e-13
     -5.307136e-13
     -5.664145e-13
     -6.045172e-13
     -6.451832e-13
     -6.885849e-13
     -7.349063e-13
     -7.843437e-13
     -8.371066e-13
     -8.934188e-13
     -9.535191e-13
     -1.017662e-12
     -1.086121e-12
     -1.159184e-12
     -1.237163e-12
     -1.320387e-12
     -1.409210e-12
     -1.504008e-12
     -1.605183e-12
     -1.713164e-12
     -1.828408e-12
     -1.951405e-12
     -2.082677e-12
     -2.222779e-12
     -2.372306e-12
     -2.531892e-12
     -2.702213e-12
     -2.883991e-12
     -3.077998e-12
     -3.285055e-12
     -3.506041e-12
     -3.741893e-12
     -3.993611e-12
     -4.262262e-12
     -4.548986e-12
     -4.854997e-12
     -5.181593e-12
     -5.530160e-12
     -5.902175e-12
     -6.299215e-12
     -6.722965e-12
     -7.175220e-12
     -7.657899e-12
     -8.173047e-12
     -8.722849e-12
     -9.309637e-12
     -9.935898e-12
     -1.060429e-11
     -1.131764e-11
     -1.207898e-11
     -1.289154e-11
     -1.375875e-11
     -1.468431e-11
     -1.567212e-11
     -1.672639e-11
     -1.785158e-11
     -1.905245e-11
     -2.033412e-11
     -2.170200e-11
     -2.316189e-11
     -2.472000e-11
     -2.638292e-11
     -2.815770e-11
     -3.005188e-11
     -3.207347e-11
     -3.423106e-11
     -3.653379e-11
     -3.899143e-11
     -4.161439e-11
     -4.441380e-11
     -4.740152e-11
     -5.059023e-11
     -5.399344e-11
     -5.762559e-11
     -6.150208e-11
     -6.563933e-11
     -7.005490e-11
     -7.476751e-11
     -7.979714e-11
     -8.516511e-11
     -9.089418e-11
     -9.700865e-11
     -1.035344e-10
     -1.104992e-10
     -1.179325e-10
     -1.258659e-10
     -1.343329e-10
     -1.433695e-10
     -1.530140e-10
     -1.633073e-10
     -1.742930e-10
     -1.860177e-10
     -1.985311e-10
     -2.118864e-10
     -2.261400e-10
     -2.413525e-10
     -2.575883e-10
     -2.749163e-10
     -2.934100e-10
     -3.131478e-10
     -3.342133e-10
     -3.566959e-10
     -3.806909e-10
     -4.063000e-10
     -4.336319e-10
     -4.628024e-10
     -4.939352e-10
     -5.271623e-10
     -5.626246e-10
     -6.004725e-10
     -6.408664e-10
     -6.839776e-10
     -7.299889e-10
     -7.790954e-10
     -8.315053e-10
     -8.874408e-10
     -9.471391e-10
     -1.010853e-09
     -1.078854e-09
     -1.151428e-09
     -1.228885e-09
     -1.311552e-09
     -1.399781e-09
     -1.493944e-09
     -1.594442e-09
     -1.701701e-09
     -1.816175e-09
     -1.938349e-09
     -2.068742e-09
     -2.207907e-09
     -2.356433e-09
     -2.514951e-09
     -2.684132e-09
     -2.864694e-09
     -3.057403e-09
     -3.263075e-09
     -3.482582e-09
     -3.716856e-09
     -3.966890e-09
     -4.233743e-09
     -4.518548e-09
     -4.822512e-09
     -5.146923e-09
     -5.493158e-09
     -5.862683e-09
     -6.257067e-09
     -6.677981e-09
     -7.127210e-09
     -7.606659e-09
     -8.118361e-09
     -8.664484e-09
     -9.247346e-09
     -9.869417e-09
     -1.053333e-08
     -1.124191e-08
     -1.199816e-08
     -1.280528e-08
     -1.366669e-08
     -1.458605e-08
     -1.556726e-08
     -1.661447e-08
     -1.773213e-08
     -1.892497e-08
     -2.019806e-08
     -2.155679e-08
     -2.300692e-08
     -2.455460e-08
     -2.620639e-08
     -2.796930e-08
     -2.985080e-08
     -3.185887e-08
     -3.400202e-08
     -3.628934e-08
     -3.873053e-08
     -4.133594e-08
     -4.411662e-08
     -4.708435e-08
     -5.025173e-08
     -5.363217e-08
     -5.724002e-08
     -6.109056e-08
     -6.520014e-08
     -6.958616e-08
     -7.426724e-08
     -7.926321e-08
     -8.459526e-08
     -9.028600e-08
     -9.635956e-08
     -1.028417e-07
     -1.097599e-07
     -1.171434e-07
     -1.250237e-07
     -1.334341e-07
     -1.424102e-07
     -1.519902e-07
     -1.622146e-07
     -1.731268e-07
     -1.847730e-07
     -1.972028e-07
     -2.104686e-07
     -2.246269e-07
     -2.397376e-07
     -2.558648e-07
     -2.730769e-07
     -2.914468e-07
     -3.110525e-07
     -3.319770e-07
     -3.543092e-07
     -3.781436e-07
     -4.035814e-07
     -4.307304e-07
     -4.597058e-07
     -4.906302e-07
     -5.236350e-07
     -5.588601e-07
     -5.964547e-07
     -6.365783e-07
     -6.794011e-07
     -7.251045e-07
     -7.738824e-07
     -8.259416e-07
     -8.815029e-07
     -9.408018e-07
     -1.004090e-06
     -1.071635e-06
     -1.143724e-06
     -1.220663e-06
     -1.302777e-06
     -1.390415e-06
     -1.483948e-06
     -1.583774e-06
     -1.690315e-06
     -1.804022e-06
     -1.925379e-06
     -2.054900e-06
     -2.193133e-06
     -2.340665e-06
     -2.498122e-06
     -2.666170e-06
     -2.845522e-06
     -3.036936e-06
     -3.241222e-06
     -3.459243e-06
     -3.691917e-06
     -3.940222e-06
     -4.205198e-06
     -4.487950e-06
     -4.789650e-06
     -5.111543e-06
     -5.454945e-06
     -5.821249e-06
     -6.211927e-06
     -6.628530e-06
     -7.072690e-06
     -7.546125e-06
     -8.050635e-06
     -8.588107e-06
     -9.160513e-06
     -9.769908e-06
     -1.041844e-05
     -1.110832e-05
     -1.184186e-05
     -1.262146e-05
     -1.344956e-05
     -1.432871e-05
     -1.526151e-05
     -1.625062e-05
     -1.729878e-05
     -1.840877e-05
     -1.958340e-05
     -2.082556e-05
     -2.213813e-05
     -2.352405e-05
     -2.498625e-05
     -2.652768e-05
     -2.815129e-05
     -2.986000e-05
     -3.165672e-05
     -3.354432e-05
     -3.552565e-05
     -3.760346e-05
     -3.978048e-05
     -4.205934e-05
     -4.444257e-05
     -4.693262e-05
     -4.953183e-05
     -5.224241e-05
     -5.506643e-05
     -5.800583e-05
     -6.106239e-05
     -6.423774e-05
     -6.753331e-05
     -7.095038e-05
     -7.449001e-05
     -7.815309e-05
     -8.194029e-05
     -8.585207e-05
     -8.988867e-05
     -9.405012e-05
     -9.833622e-05
     -1.027465e-04
     -1.072804e-04
     -1.119368e-04
     -1.167148e-04
     -1.216129e-04
     -1.266294e-04
     -1.317626e-04
     -1.370104e-04
     -1.423704e-04
     -1.478400e-04
     -1.534166e-04
     -1.590970e-04
     -1.648781e-04
     -1.707565e-04
     -1.767285e-04
     -1.827903e-04
     -1.889378e-04
     -1.951669e-04
     -2.014731e-04
     -2.078520e-04
     -2.142987e-04
     -2.208084e-04
     -2.273762e-04
     -2.339967e-04
     -2.406649e-04
     -2.473753e-04
     -2.541223e-04
     -2.609004e-04
     -2.677039e-04
     -2.745270e-04
     -2.813639e-04
     -2.882086e-04
     -2.950552e-04
     -3.018977e-04
     -3.087300e-04
     -3.155460e-04
     -3.223396e-04
     -3.291046e-04
     -3.358350e-04
     -3.425245e-04
     -3.491670e-04
     -3.557564e-04
     -3.622865e-04
     -3.687512e-04
     -3.751445e-04
     -3.814602e-04
     -3.876925e-04
     -3.938354e-04
     -3.998828e-04
     -4.058291e-04
     -4.116683e-04
     -4.173948e-04
     -4.230029e-04
     -4.284871e-04
     -4.338418e-04
     -4.390617e-04
     -4.441415e-04
     -4.490760e-04
     -4.538600e-04
     -4.584887e-04
     -4.629571e-04
     -4.672605e-04
     -4.713944e-04
     -4.753543e-04
     -4.791358e-04
     -4.827349e-04
     -4.861475e-04
     -4.893698e-04
     -4.923982e-04
     -4.952291e-04
     -4.978592e-04
     -5.002855e-04
     -5.025051e-04
     -5.045152e-04
     -5.063133e-04
     -5.078971e-04
     -5.092646e-04
     -5.104140e-04
     -5.113436e-04
     -5.120520e-04
     -5.125380e-04
     -5.128008e-04
     -5.128397e-04
     -5.126542e-04
     -5.122441e-04
     -5.116095e-04
     -5.107507e-04
     -5.096682e-04
     -5.083627e-04
     -5.068353e-04
     -5.050873e-04
     -5.031200e-04
     -5.009352e-04
     -4.985349e-04
     -4.959211e-04
     -4.930962e-04
     -4.900628e-04
     -4.868235e-04
     -4.833814e-04
     -4.797396e-04
     -4.759012e-04
     -4.718699e-04
     -4.676491e-04
     -4.632426e-04
     -4.586542e-04
     -4.538879e-04
     -4.489478e-04
     -4.438381e-04
     -4.385630e-04
     -4.331267e-04
     -4.275338e-04
     -4.217886e-04
     -4.158956e-04
     -4.098592e-04
     -4.036840e-04
     -3.973744e-04
     -3.909349e-04
     -3.843700e-04
     -3.776841e-04
     -3.708817e-04
     -3.639669e-04
     -3.569442e-04
     -3.498178e-04
     -3.425918e-04
     -3.352703e-04
     -3.278572e-04
     -3.203566e-04
     -3.127723e-04
     -3.051079e-04
     -2.973670e-04
     -2.895533e-04
     -2.816701e-04
     -2.737207e-04
     -2.657084e-04
     -2.576363e-04
     -2.495074e-04
     -2.413246e-04
     -2.330907e-04
     -2.248085e-04
     -2.164805e-04
     -2.081093e-04
     -1.996973e-04
     -1.912469e-04
     -1.827604e-04
     -1.742400e-04
     -1.656877e-04
     -1.571057e-04
     -1.484960e-04
     -1.398605e-04
     -1.312011e-04
     -1.225197e-04
     -1.138181e-04
     -1.050979e-04
     -9.636100e-05
     -8.760904e-05
     -7.884371e-05
     -7.006664e-05
     -6.127947e-05
     -5.248382e-05
     -4.368129e-05
     -3.487348e-05
     -2.606197e-05
     -1.724836e-05
     -8.434221e-06
      3.788470e-07
      9.189257e-06
      1.799541e-05
      2.679571e-05
      3.558854e-05
      4.437228e-05
      5.314529e-05
      6.190593e-05
      7.065254e-05
      7.938344e-05
      8.809695e-05
      9.679135e-05
      1.054649e-04
      1.141159e-04
      1.227426e-04
      1.313431e-04
      1.399157e-04
      1.484585e-04
      1.569696e-04
      1.654472e-04
      1.738894e-04
      1.822941e-04
      1.906594e-04
      1.989832e-04
      2.072636e-04
      2.154983e-04
      2.236852e-04
      2.318222e-04
      2.399068e-04
      2.479370e-04
      2.559102e-04
      2.638240e-04
      2.716760e-04
      2.794636e-04
      2.871843e-04
      2.948352e-04
      3.024137e-04
      3.099169e-04
      3.173419e-04
      3.246857e-04
      3.319453e-04
      3.391176e-04
      3.461993e-04
      3.531871e-04
      3.600778e-04
      3.668677e-04
      3.735536e-04
      3.801317e-04
      3.865984e-04
      3.929500e-04
      3.991828e-04
      4.052929e-04
      4.112765e-04
      4.171296e-04
      4.228484e-04
      4.284288e-04
      4.338669e-04
      4.391586e-04
      4.443000e-04
      4.492870e-04
      4.541157e-04
      4.587821e-04
      4.632822e-04
      4.676123e-04
      4.717685e-04
      4.757470e-04
      4.795442e-04
      4.831565e-04
      4.865804e-04
      4.898125e-04
      4.928497e-04
      4.956889e-04
      4.983270e-04
      5.007613e-04
      5.029892e-04
      5.050082e-04
      5.068161e-04
      5.084108e-04
      5.097904e-04
      5.109534e-04
      5.118983e-04
      5.126238e-04
      5.131291e-04
      5.134134e-04
      5.134763e-04
      5.133174e-04
      5.129369e-04
      5.123350e-04
      5.115121e-04
      5.104692e-04
      5.092071e-04
      5.077272e-04
      5.060311e-04
      5.041205e-04
      5.019973e-04
      4.996640e-04
      4.971230e-04
      4.943770e-04
      4.914290e-04
      4.882822e-04
      4.849400e-04
      4.814060e-04
      4.776840e-04
      4.737781e-04
      4.696924e-04
      4.654312e-04
      4.609992e-04
      4.564010e-04
      4.516415e-04
      4.467257e-04
      4.416586e-04
      4.364455e-04
      4.310919e-04
      4.256032e-04
      4.199848e-04
      4.142427e-04
      4.083823e-04
      4.024097e-04
      3.963306e-04
      3.901510e-04
      3.838769e-04
      3.775143e-04
      3.710694e-04
      3.645481e-04
      3.579567e-04
      3.513013e-04
      3.445879e-04
      3.378228e-04
      3.310121e-04
      3.241619e-04
      3.172783e-04
      3.103675e-04
      3.034354e-04
      2.964882e-04
      2.895318e-04
      2.825721e-04
      2.756151e-04
      2.686666e-04
      2.617324e-04
      2.548181e-04
      2.479294e-04
      2.410719e-04
      2.342511e-04
      2.274723e-04
      2.207407e-04
      2.140617e-04
      2.074401e-04
      2.008811e-04
      1.943894e-04
      1.879697e-04
      1.816266e-04
      1.753645e-04
      1.691877e-04
      1.631002e-04
      1.571061e-04
      1.512091e-04
      1.454128e-04
      1.397207e-04
      1.341360e-04
      1.286618e-04
      1.233009e-04
      1.180559e-04
      1.129293e-04
      1.079233e-04
      1.030400e-04
      9.828120e-05
      9.364838e-05
      8.914294e-05
      8.476601e-05
      8.051849e-05
      7.640104e-05
      7.241413e-05
      6.855797e-05
      6.483255e-05
      6.123764e-05
      5.777281e-05
      5.443738e-05
      5.123049e-05
      4.815104e-05
      4.519776e-05
      4.236916e-05
      3.966358e-05
      3.707917e-05
      3.461391e-05
      3.226562e-05
      3.003195e-05
      2.791043e-05
      2.589843e-05
      2.399322e-05
      2.219193e-05
      2.049161e-05
      1.888921e-05
      1.738160e-05
      1.596559e-05
      1.463792e-05
      1.339530e-05
      1.223439e-05
      1.115185e-05
      1.014432e-05
      9.208434e-06
      8.340843e-06
      7.538222e-06
      6.797274e-06
      6.114745e-06
      5.487432e-06
      4.912191e-06
      4.385941e-06
      3.905680e-06
      3.468483e-06
      3.071514e-06
      2.712028e-06
      2.387378e-06
      2.095017e-06
      1.832503e-06
      1.597501e-06
      1.387786e-06
      1.201244e-06
      1.035870e-06
      8.897738e-07
      7.611752e-07
      6.484045e-07
      5.499007e-07
      4.642099e-07
      3.899826e-07
      3.259710e-07
      2.710255e-07
      2.240915e-07
      1.842053e-07
      1.504899e-07
      1.221511e-07
      9.847260e-08
      7.881175e-08
      6.259468e-08
      4.931175e-08
      3.851281e-08
      2.980258e-08
      2.283611e-08
      1.731432e-08
      1.297967e-08
      9.612056e-09
      7.024809e-09
      5.060965e-09
      3.589716e-09
      2.503119e-09
      1.713034e-09
      1.148314e-09
      7.522474e-10
      4.802515e-10
      2.978063e-10
      1.786349e-10
      1.031101e-10
      5.688268e-11
      2.971395e-11
      1.449978e-11
      6.468405e-12
      2.534873e-12
      7.938854e-13
      1.325916e-13
     -5.492268e-14
     -6.938158e-14
     -4.150367e-14
     -1.669423e-14
     -3.666811e-15
      7.858463e-16
      1.271881e-15
      6.858265e-16
      1.879078e-16
     -1.861653e-17
     -4.816867e-17
     -2.444669e-17
     -4.426057e-18
      2.301353e-18
      2.052603e-18
      6.007179e-19
     -9.383960e-20
     -1.559351e-19
     -5.274463e-20
      5.826637e-21
      1.199755e-20
      3.707440e-21
     -7.355480e-22
     -9.229312e-22
     -1.905365e-22
      9.755776e-23
      6.348622e-23
      2.300595e-24
     -1.009370e-23
     -3.094635e-24
      8.935973e-25
      7.237359e-25
      1.675426e-26
     -1.136823e-25
     -2.510029e-26
      1.348660e-26
      6.258031e-27
     -1.126247e-27
     -1.133489e-27
      2.397678e-29
      1.757790e-28
      1.517612e-29
     -2.493439e-29
     -4.327814e-30
      3.372022e-30
      8.350366e-31
     -4.493937e-31
     -1.369973e-31
      6.067020e-32
      2.034865e-32
     -8.448340e-33
     -2.788714e-33
      1.217185e-33
      3.505487e-34
     -1.791549e-34
     -3.900125e-35
      2.631605e-35
      3.438774e-36
     -3.749484e-36
     -1.283435e-37
      5.016941e-37
     -3.613294e-38
     -6.041073e-38
      1.207930e-38
      6.060715e-39
     -2.378960e-39
     -4.003395e-40
      3.591420e-40
     -1.084939e-41
     -4.208178e-41
      9.091925e-42
      3.330021e-42
     -1.761657e-42
     -2.796070e-44
      2.147205e-43
     -4.515303e-44
     -1.455049e-44
      8.755142e-45
     -5.029999e-46
     -8.742185e-46
      2.884921e-46
      2.043292e-47
     -3.814334e-47
      8.660747e-48
      1.685735e-48
     -1.463527e-48
      2.669740e-49
      7.511087e-50
     -5.314963e-50
      9.450027e-51
      2.500294e-51
     -1.863301e-51
      3.888576e-52
      5.670534e-53
     -6.119738e-53
      1.678830e-53
     -2.123467e-56
     -1.711652e-54
      6.694717e-55
     -9.202886e-56
     -3.030406e-56
      2.158996e-56
     -5.946941e-57
      3.711423e-58
      4.254834e-58
     -2.205336e-58
      5.555531e-59
     -3.452898e-60
     -3.769119e-60
      2.050030e-60
     -5.907960e-61
      8.349394e-62
      1.573718e-62
     -1.530362e-62
      5.960913e-63
     -1.514904e-63
      2.061986e-64
      3.419963e-65
     -3.588065e-65
      1.526653e-65
     -4.683100e-66
      1.089619e-66
     -1.615926e-67
     -9.314925e-69
      1.898375e-68
     -9.445914e-69
      3.519689e-69
     -1.130103e-69
      3.285971e-70
     -8.864444e-71
      2.249889e-71
     -5.421425e-72
      1.248057e-72
     -2.757555e-73
      5.868284e-74
     -1.206146e-74
      2.399736e-75
     -4.630218e-76
      8.677233e-77
     -1.581486e-77
      2.806276e-78
     -4.852693e-79
      8.184028e-80
     -1.347021e-80
      2.164945e-81
     -3.399224e-82
      5.215838e-83
     -7.823197e-84
      1.147139e-84
     -1.644451e-85
      2.304295e-86
     -3.155230e-87
      4.219572e-88
     -5.506746e-89
      7.004659e-90
     -8.669237e-91
      1.041256e-91
     -1.209034e-92
      1.348995e-93
     -1.432041e-94
      1.420604e-95
     -1.268568e-96
      9.219069e-98
     -3.201792e-99
    -6.010417e-100
     1.906816e-100
    -3.658665e-101
     5.909791e-102
    -8.700001e-103
     1.205073e-103
    -1.596059e-104
     2.040196e-105
    -2.531893e-106
     3.062699e-107
    -3.621469e-108
     4.194722e-109
    -4.767183e-110
     5.322479e-111
    -5.843938e-112
     6.315443e-113
    -6.722268e-114
     7.051844e-115
    -7.294397e-116
     7.443414e-117
    -7.495900e-118
     7.452434e-119
    -7.317002e-120
     7.096655e-121
    -6.801007e-122
     6.441634e-123
    -6.031396e-124
     5.583771e-125
    -5.112201e-126
     4.629520e-127
    -4.147479e-128
     3.676382e-129
    -3.224852e-130
     2.799707e-131
    -2.405952e-132
     2.046858e-133
    -1.724121e-134
     1.438060e-135
    -1.187855e-136
     9.717934e-138
    -7.875030e-139
     6.321806e-140
    -5.027847e-141
     3.961999e-142
    -3.093690e-143
     2.393901e-144
    -1.835856e-145
     1.395434e-146
    -1.051360e-147
     7.852322e-149
    -5.814085e-150
     4.268077e-151
    -3.106568e-152
     2.242109e-153
    -1.604680e-154
     1.138949e-155
    -8.017354e-157
     5.597521e-158
    -3.876362e-159
     2.662822e-160
    -1.814572e-161
     1.226718e-162
    -8.227680e-164
     5.475147e-165
    -3.615118e-166
     2.368536e-167
    -1.539892e-168
     9.935154e-170
    -6.361421e-171
     4.042495e-172
    -2.549652e-173
     1.596131e-174
    -9.918168e-176
     6.117714e-177
    -3.745936e-178
     2.277003e-179
    -1.374096e-180
     8.232632e-182
    -4.897179e-183
     2.892385e-184
    -1.696236e-185
     9.877635e-187
    -5.711798e-188
     3.279910e-189
    -1.870407e-190
     1.059282e-191
    -5.958033e-193
     3.328326e-194
    -1.846696e-195
     1.017715e-196
    -5.570994e-198
     3.029209e-199
    -1.636176e-200
     8.779080e-202
    -4.679503e-203
     2.477968e-204
    -1.303618e-205
     6.813602e-207
    -3.538245e-208
     1.825562e-209
    -9.358696e-211
     4.767126e-212
    -2.412864e-213
     1.213545e-214
    -6.065096e-216
     3.012244e-217
    -1.486706e-218
     7.292117e-220
    -3.554572e-221
     1.722017e-222
    -8.291148e-224
     3.967622e-225
    -1.887101e-226
     8.921121e-228
    -4.191930e-229
     1.957894e-230
    -9.089822e-232
     4.194908e-233
    -1.924423e-234
     8.776061e-236
    -3.978591e-237
     1.793079e-238
    -8.033771e-240
     3.578481e-241
    -1.584699e-242
     6.977065e-244
    -3.054117e-245
     1.329213e-246
    -5.751865e-248
     2.474779e-249
    -1.058733e-250
     4.503683e-252
    -1.904972e-253
     8.012308e-255
    -3.351065e-256
     1.393711e-257
    -5.764152e-259
     2.370713e-260
    -9.696416e-262
     3.944030e-263
    -1.595415e-264
     6.418291e-266
    -2.567941e-267
     1.021828e-268
    -4.043951e-270
     1.591755e-271
    -6.231549e-273
     2.426458e-274
    -9.397528e-276
     3.620142e-277
    -1.387126e-278
     5.286780e-280
    -2.004281e-281
     7.558313e-283
    -2.835285e-284
     1.057988e-285
    -3.927208e-287
     1.450148e-288
    -5.326879e-290
     1.946577e-291
    -7.076443e-293
     2.559231e-294
    -9.207910e-296
     3.295915e-297
    -1.173709e-298
     4.158346e-300
    -1.465758e-301
     5.140332e-303
    -1.793550e-304
     6.226370e-306
    -2.150608e-307
     7.390917e-309
    -2.527269e-310
     8.598578e-312
    -2.910913e-313
     9.805383e-315
    -3.286535e-316
     1.096114e-317
    -3.637657e-319
     1.201074e-320
    -3.903119e-322
      0.000000e+00
      0.000000e+00
      0.000000e+00
      0.000000e+00
      0.000000e+00
      0.000000e+00
      0.000000e+00
      0.000000e+00
      0.000000e+00
      0.000000e+00
      0.000000e+00
      0.000000e+00
      0.000000e+00
      0.000000e+00
      0.000000e+00
      0.000000e+00
      0.000000e+00
      0.000000e+00
      0.000000e+00
      0.000000e+00
      0.000000e+00
      0.000000e+00
      0.000000e+00
      0.000000e+00
      0.000000e+00
      0.000000e+00
      0.000000e+00
      0.000000e+00
      0.000000e+00
      0.000000e+00
      0.000000e+00
      0.000000e+00
      0.000000e+00
      0.000000e+00
      0.000000e+00
      0.000000e+00
      0.000000e+00
      0.000000e+00
      0.000000e+00
      0.000000e+00
      0.000000e+00
      0.000000e+00
      0.000000e+00
      0.000000e+00
      0.000000e+00
      0.000000e+00
      0.000000e+00
      0.000000e+00
      0.000000e+00
      0.000000e+00
      0.000000e+00
      0.000000e+00
      0.000000e+00
      0.000000e+00
      0.000000e+00
      0.000000e+00
      0.000000e+00
      0.000000e+00
      0.000000e+00
      0.000000e+00
      0.000000e+00
      0.000000e+00
      0.000000e+00
      0.000000e+00
      0.000000e+00
      0.000000e+00
      0.000000e+00
      0.000000e+00
      0.000000e+00
      0.000000e+00
      0.000000e+00
      0.000000e+00
      0.000000e+00
      0.000000e+00
      0.000000e+00
      0.000000e+00
      0.000000e+00
      0.000000e+00
      0.000000e+00
      0.000000e+00
      0.000000e+00
      0.000000e+00
      0.000000e+00
      0.000000e+00
      0.000000e+00
      0.000000e+00
      0.000000e+00
      0.000000e+00
      0.000000e+00
      0.000000e+00
      0.000000e+00
      0.000000e+00
      0.000000e+00
      0.000000e+00
      0.000000e+00
      0.000000e+00
      0.000000e+00
      0.000000e+00
      0.000000e+00
      0.000000e+00
      0.000000e+00
      0.000000e+00
      0.000000e+00
      0.000000e+00
      0.000000e+00
      0.000000e+00
      0.000000e+00
      0.000000e+00
      0.000000e+00
      0.000000e+00
      0.000000e+00
      0.000000e+00
      0.000000e+00
      0.000000e+00
      0.000000e+00
      0.000000e+00
      0.000000e+00
      0.000000e+00
      0.000000e+00
      0.000000e+00
      0.000000e+00
      0.000000e+00
      0.000000e+00
      0.000000e+00
      0.000000e+00
      0.000000e+00
      0.000000e+00
      0.000000e+00
      0.000000e+00
      0.000000e+00
      0.000000e+00
      0.000000e+00
      0.000000e+00
      0.000000e+00
      0.000000e+00
      0.000000e+00
      0.000000e+00
      0.000000e+00
      0.000000e+00
      0.000000e+00
      0.000000e+00
      0.000000e+00
      0.000000e+00
      0.000000e+00
      0.000000e+00
      0.000000e+00
      0.000000e+00
      0.000000e+00
      0.000000e+00
      0.000000e+00
      0.000000e+00
      0.000000e+00
      0.000000e+00
      0.000000e+00
      0.000000e+00
      0.000000e+00
      0.000000e+00
      0.000000e+00
      0.000000e+00
      0.000000e+00
      0.000000e+00
      0.000000e+00
      0.000000e+00
      0.000000e+00
      0.000000e+00
      0.000000e+00
      0.000000e+00
      0.000000e+00
      0.000000e+00
      0.000000e+00
      0.000000e+00
      0.000000e+00
      0.000000e+00
      0.000000e+00
      0.000000e+00
      0.000000e+00
      0.000000e+00
      0.000000e+00
      0.000000e+00
      0.000000e+00
      0.000000e+00
      0.000000e+00
      0.000000e+00
      0.000000e+00
      0.000000e+00
      0.000000e+00
      0.000000e+00
      0.000000e+00
      0.000000e+00
      0.000000e+00
      0.000000e+00
      0.000000e+00
      0.000000e+00
      0.000000e+00
      0.000000e+00
      0.000000e+00
      0.000000e+00
      0.000000e+00
      0.000000e+00
      0.000000e+00
      0.000000e+00
      0.000000e+00
      0.000000e+00
      0.000000e+00
      0.000000e+00
      0.000000e+00
      0.000000e+00
      0.000000e+00
      0.000000e+00
      0.000000e+00
      0.000000e+00
      0.000000e+00
      0.000000e+00
      0.000000e+00
      0.000000e+00
      0.000000e+00
      0.000000e+00
      0.000000e+00
      0.000000e+00
      0.000000e+00
      0.000000e+00
      0.000000e+00
      0.000000e+00
      0.000000e+00
      0.000000e+00
      0.000000e+00
      0.000000e+00
      0.000000e+00
      0.000000e+00
      0.000000e+00
      0.000000e+00
      0.000000e+00
      0.000000e+00
      0.000000e+00
      0.000000e+00
      0.000000e+00
      0.000000e+00
      0.000000e+00
      0.000000e+00
      0.000000e+00
      0.000000e+00
      0.000000e+00
      0.000000e+00
      0.000000e+00
      0.000000e+00
      0.000000e+00
      0.000000e+00
      0.000000e+00
      0.000000e+00
      0.000000e+00
      0.000000e+00
      0.000000e+00
      0.000000e+00
      0.000000e+00
      0.000000e+00
      0.000000e+00
      0.000000e+00
      0.000000e+00
      0.000000e+00
      0.000000e+00
      0.000000e+00
      0.000000e+00
      0.000000e+00
      0.000000e+00
      0.000000e+00
      0.000000e+00
      0.000000e+00
      0.000000e+00
      0.000000e+00
      0.000000e+00
      0.000000e+00
      0.000000e+00
      0.000000e+00
      0.000000e+00
      0.000000e+00
      0.000000e+00
      0.000000e+00
      0.000000e+00
      0.000000e+00
      0.000000e+00
      0.000000e+00
      0.000000e+00
      0.000000e+00
      0.000000e+00
      0.000000e+00
      0.000000e+00
      0.000000e+00
      0.000000e+00
      0.000000e+00
      0.000000e+00
      0.000000e+00
      0.000000e+00
      0.000000e+00
      0.000000e+00
      0.000000e+00
      0.000000e+00
      0.000000e+00
      0.000000e+00
      0.000000e+00
      0.000000e+00
      0.000000e+00
      0.000000e+00
      0.000000e+00
      0.000000e+00
      0.000000e+00
      0.000000e+00
      0.000000e+00
      0.000000e+00
      0.000000e+00
      0.000000e+00
      0.000000e+00
      0.000000e+00
      0.000000e+00
      0.000000e+00
      0.000000e+00
      0.000000e+00
      0.000000e+00
      0.000000e+00
      0.000000e+00
      0.000000e+00
      0.000000e+00
      0.000000e+00
      0.000000e+00
      0.000000e+00
      0.000000e+00
      0.000000e+00
      0.000000e+00
      0.000000e+00
      0.000000e+00
      0.000000e+00
      0.000000e+00
      0.000000e+00
      0.000000e+00
      0.000000e+00
      0.000000e+00
      0.000000e+00
      0.000000e+00
      0.000000e+00
      0.000000e+00
      0.000000e+00
      0.000000e+00
      0.000000e+00
      0.000000e+00
      0.000000e+00
      0.000000e+00
      0.000000e+00
      0.000000e+00
      0.000000e+00
      0.000000e+00
      0.000000e+00
      0.000000e+00
      0.000000e+00
      0.000000e+00
      0.000000e+00
      0.000000e+00
      0.000000e+00
      0.000000e+00
      0.000000e+00
      0.000000e+00
      0.000000e+00
      0.000000e+00
      0.000000e+00
      0.000000e+00
      0.000000e+00
      0.000000e+00
      0.000000e+00
      0.000000e+00
      0.000000e+00
      0.000000e+00
      0.000000e+00
      0.000000e+00
      0.000000e+00
      0.000000e+00
      0.000000e+00
      0.000000e+00
      0.000000e+00
      0.000000e+00
      0.000000e+00
      0.000000e+00
      0.000000e+00
      0.000000e+00
      0.000000e+00
      0.000000e+00
      0.000000e+00
      0.000000e+00
      0.000000e+00
      0.000000e+00
      0.000000e+00
      0.000000e+00
      0.000000e+00
      0.000000e+00
      0.000000e+00
      0.000000e+00
      0.000000e+00
      0.000000e+00
      0.000000e+00
      0.000000e+00
      0.000000e+00
