      0.000000e+00
      0.000000e+00
     -2.492458e-22
     -9.964082e-22
     -1.338752e-21
     -6.647414e-22
      5.043180e-22
      2.615163e-22
     -3.057249e-21
     -8.492250e-21
     -1.212314e-20
     -1.018971e-20
     -3.264227e-21
      3.106047e-21
      2.947834e-21
     -4.718751e-21
     -1.570011e-20
     -2.550890e-20
     -3.214359e-20
     -3.285808e-20
     -2.154941e-20
      5.101050e-21
      3.779956e-20
      5.629051e-20
      4.649688e-20
      1.579619e-20
     -1.273584e-20
     -2.218113e-20
     -1.525364e-20
     -6.268184e-21
     -4.785565e-21
     -1.047651e-20
     -2.072362e-20
     -3.702003e-20
     -6.104281e-20
     -8.680512e-20
     -1.018563e-19
     -9.894478e-20
     -8.267253e-20
     -5.950068e-20
     -2.524672e-20
      2.691448e-20
      8.521172e-20
      1.188583e-19
      1.080133e-19
      6.815046e-20
      3.470486e-20
      2.413650e-20
      1.844905e-20
     -7.763993e-21
     -4.989703e-20
     -7.168507e-20
     -4.474889e-20
      1.587263e-20
      6.348548e-20
      6.529973e-20
      2.914800e-20
     -1.130903e-20
     -2.449559e-20
      5.255374e-21
      7.014725e-20
      1.317034e-19
      1.382989e-19
      7.551616e-20
     -2.558495e-21
     -1.688603e-20
      4.932601e-20
      1.204358e-19
      1.027316e-19
     -1.130459e-20
     -1.262921e-19
     -1.395017e-19
     -4.796028e-20
      4.909825e-20
      5.394490e-20
     -3.339767e-20
     -1.236656e-19
     -1.286555e-19
     -3.529449e-20
      9.263294e-20
      1.648426e-19
      1.253893e-19
     -6.110834e-21
     -1.429088e-19
     -1.985610e-19
     -1.601889e-19
     -8.953148e-20
     -4.981266e-20
     -4.555976e-20
     -3.910476e-20
     -5.722553e-21
      4.636636e-20
      9.909680e-20
      1.421691e-19
      1.642878e-19
      1.484088e-19
      9.262071e-20
      2.841635e-20
     -8.789870e-22
      1.445892e-20
      3.963494e-20
      3.960538e-20
      2.233191e-20
      2.090095e-20
      4.246373e-20
      6.368930e-20
      7.797002e-20
      1.106220e-19
      1.673044e-19
      1.986277e-19
      1.520551e-19
      4.579646e-20
     -4.415938e-20
     -6.861947e-20
     -4.736076e-20
     -2.662658e-20
     -2.619076e-20
     -3.870075e-20
     -5.298849e-20
     -5.687822e-20
     -3.512213e-20
      8.684605e-21
      3.490246e-20
      2.020113e-21
     -7.477072e-20
     -1.247239e-19
     -9.897392e-20
     -2.881567e-20
      1.513264e-20
      8.392117e-21
     -8.705567e-21
      9.390537e-21
      6.246264e-20
      1.142866e-19
      1.316789e-19
      1.097392e-19
      7.422856e-20
      6.189740e-20
      8.365081e-20
      1.032098e-19
      6.768493e-20
     -3.094922e-20
     -1.351260e-19
     -1.734610e-19
     -1.282116e-19
     -4.471062e-20
      1.674240e-20
      2.825302e-20
      4.722907e-21
     -1.663829e-20
     -1.194270e-20
      1.789840e-21
     -1.714952e-20
     -7.758107e-20
     -1.280350e-19
     -1.116104e-19
     -3.900853e-20
      2.480029e-20
      4.518540e-20
      5.275383e-20
      8.368218e-20
      1.215767e-19
      1.244234e-19
      8.963123e-20
      5.681905e-20
      2.900769e-20
      3.145372e-20
      1.463612e-19
     -3.489894e-19
     -7.810588e-19
      4.974308e-18
     -5.082936e-19
     -5.336477e-17
      5.312494e-17
      5.093465e-16
     -6.569455e-16
     -5.020704e-15
      4.218589e-15
      5.025492e-14
      1.468803e-14
     -4.346848e-13
     -8.751672e-13
      2.030422e-12
      1.233555e-11
      1.564245e-11
     -5.716409e-11
     -3.193371e-10
     -6.827727e-10
     -5.810993e-11
      5.353499e-09
      2.488372e-08
      7.722451e-08
      1.947726e-07
      4.277091e-07
      8.469089e-07
      1.544832e-06
      2.633760e-06
      4.241075e-06
      6.501653e-06
      9.547910e-06
      1.349835e-05
      1.844578e-05
      2.444647e-05
      3.151146e-05
      3.960094e-05
      4.862243e-05
      5.843283e-05
      6.884419e-05
      7.963228e-05
      9.054725e-05
      1.013250e-04
      1.116981e-04
      1.214055e-04
      1.302004e-04
      1.378553e-04
      1.441657e-04
      1.489514e-04
      1.520570e-04
      1.533525e-04
      1.527340e-04
      1.501255e-04
      1.454818e-04
      1.387927e-04
      1.300873e-04
      1.194383e-04
      1.069647e-04
      9.283289e-05
      7.725438e-05
      6.048046e-05
      4.279359e-05
      2.449601e-05
      5.896253e-06
     -1.270495e-05
     -3.102840e-05
     -4.882818e-05
     -6.590056e-05
     -8.208919e-05
     -9.728621e-05
     -1.114297e-04
     -1.244976e-04
     -1.365000e-04
     -1.474693e-04
     -1.574517e-04
     -1.664987e-04
     -1.746612e-04
     -1.819851e-04
     -1.885097e-04
     -1.942674e-04
     -1.992845e-04
     -2.035822e-04
     -2.071773e-04
     -2.100812e-04
     -2.122981e-04
     -2.138220e-04
     -2.146321e-04
     -2.146890e-04
     -2.139314e-04
     -2.122745e-04
     -2.096116e-04
     -2.058178e-04
     -2.007579e-04
     -1.942962e-04
     -1.863086e-04
     -1.766957e-04
     -1.653949e-04
     -1.523910e-04
     -1.377234e-04
     -1.214902e-04
     -1.038467e-04
     -8.500143e-05
     -6.520753e-05
     -4.475204e-05
     -2.394386e-05
     -3.101394e-06
      1.745857e-05
      3.743032e-05
      5.652630e-05
      7.448186e-05
      9.105813e-05
      1.060434e-04
      1.192541e-04
      1.305358e-04
      1.397650e-04
      1.468523e-04
      1.517464e-04
      1.544384e-04
      1.549664e-04
      1.534186e-04
      1.499351e-04
      1.447057e-04
      1.379654e-04
      1.299857e-04
      1.210633e-04
      1.115064e-04
      1.016192e-04
      9.168772e-05
      8.196623e-05
      7.266700e-05
      6.395366e-05
      5.593865e-05
      4.868490e-05
      4.221099e-05
      3.649917e-05
      3.150470e-05
      2.716563e-05
      2.341165e-05
      2.017137e-05
      1.737726e-05
      1.496855e-05
      1.289212e-05
      1.110222e-05
      9.559488e-06
      8.230017e-06
      7.084473e-06
      6.097495e-06
      5.247199e-06
      4.514724e-06
      3.883818e-06
      3.340468e-06
      2.872586e-06
      2.469744e-06
      2.122953e-06
      1.824459e-06
      1.567580e-06
      1.346552e-06
      1.156407e-06
      9.928598e-07
      8.522193e-07
      7.313022e-07
      6.273652e-07
      5.380443e-07
      4.613023e-07
      3.953839e-07
      3.387771e-07
      2.901795e-07
      2.484693e-07
      2.126806e-07
      1.819817e-07
      1.556568e-07
      1.330898e-07
      1.137505e-07
      9.718273e-08
      8.299421e-08
      7.084755e-08
      6.045271e-08
      5.156036e-08
      4.395625e-08
      3.745634e-08
      3.190253e-08
      2.715909e-08
      2.310952e-08
      1.965383e-08
      1.670626e-08
      1.419326e-08
      1.205176e-08
      1.022773e-08
      8.674884e-09
      7.353567e-09
      6.229847e-09
      5.274680e-09
      4.463227e-09
      3.774248e-09
      3.189591e-09
      2.693748e-09
      2.273477e-09
      1.917477e-09
      1.616107e-09
      1.361144e-09
      1.145583e-09
      9.634544e-10
      8.096770e-10
      6.799270e-10
      5.705272e-10
      4.783519e-10
      4.007462e-10
      3.354558e-10
      2.805683e-10
      2.344621e-10
      1.957630e-10
      1.633072e-10
      1.361100e-10
      1.133384e-10
      9.428877e-11
      7.836656e-11
      6.507020e-11
      5.397673e-11
      4.472973e-11
      3.702913e-11
      3.062248e-11
      2.529757e-11
      2.087616e-11
      1.720867e-11
      1.416970e-11
      1.165420e-11
      9.574217e-12
      7.856239e-12
      6.438841e-12
      5.270760e-12
      4.309252e-12
      3.518717e-12
      2.869531e-12
     -3.518726e-12
     -4.309263e-12
     -5.270772e-12
     -6.438856e-12
     -7.856257e-12
     -9.574237e-12
     -1.165422e-11
     -1.416973e-11
     -1.720871e-11
     -2.087620e-11
     -2.529762e-11
     -3.062254e-11
     -3.702920e-11
     -4.472981e-11
     -5.397682e-11
     -6.507030e-11
     -7.836668e-11
     -9.428891e-11
     -1.133386e-10
     -1.361102e-10
     -1.633074e-10
     -1.957633e-10
     -2.344625e-10
     -2.805687e-10
     -3.354562e-10
     -4.007467e-10
     -4.783525e-10
     -5.705279e-10
     -6.799278e-10
     -8.096779e-10
     -9.634555e-10
     -1.145584e-09
     -1.361146e-09
     -1.616109e-09
     -1.917479e-09
     -2.273479e-09
     -2.693750e-09
     -3.189594e-09
     -3.774252e-09
     -4.463231e-09
     -5.274685e-09
     -6.229852e-09
     -7.353574e-09
     -8.674891e-09
     -1.022774e-08
     -1.205177e-08
     -1.419327e-08
     -1.670628e-08
     -1.965385e-08
     -2.310954e-08
     -2.715911e-08
     -3.190255e-08
     -3.745637e-08
     -4.395629e-08
     -5.156040e-08
     -6.045276e-08
     -7.084761e-08
     -8.299427e-08
     -9.718280e-08
     -1.137506e-07
     -1.330899e-07
     -1.556569e-07
     -1.819818e-07
     -2.126807e-07
     -2.484695e-07
     -2.901797e-07
     -3.387773e-07
     -3.953842e-07
     -4.613026e-07
     -5.380447e-07
     -6.273656e-07
     -7.313027e-07
     -8.522199e-07
     -9.928605e-07
     -1.156407e-06
     -1.346553e-06
     -1.567581e-06
     -1.824460e-06
     -2.122954e-06
     -2.469746e-06
     -2.872588e-06
     -3.340471e-06
     -3.883819e-06
     -4.514723e-06
     -5.247201e-06
     -6.097509e-06
     -7.084497e-06
     -8.230028e-06
     -9.559455e-06
     -1.110218e-05
     -1.289226e-05
     -1.496920e-05
     -1.737878e-05
     -2.017411e-05
     -2.341675e-05
     -2.717779e-05
     -3.153871e-05
     -3.659154e-05
     -4.243826e-05
     -4.918886e-05
     -5.695813e-05
     -6.586094e-05
     -7.600625e-05
     -8.749018e-05
     -1.003885e-04
     -1.147494e-04
     -1.305864e-04
     -1.478733e-04
     -1.665402e-04
     -1.864720e-04
     -2.075089e-04
     -2.294491e-04
     -2.520532e-04
     -2.750505e-04
     -2.981454e-04
     -3.210256e-04
     -3.433690e-04
     -3.648508e-04
     -3.851500e-04
     -4.039557e-04
     -4.209716e-04
     -4.359211e-04
     -4.485519e-04
     -4.586395e-04
     -4.659920e-04
     -4.704538e-04
     -4.719093e-04
     -4.702859e-04
     -4.655568e-04
     -4.577419e-04
     -4.469073e-04
     -4.331636e-04
     -4.166617e-04
     -3.975871e-04
     -3.761530e-04
     -3.525921e-04
     -3.271479e-04
     -3.000664e-04
     -2.715886e-04
     -2.419437e-04
     -2.113449e-04
     -1.799864e-04
     -1.480426e-04
     -1.156689e-04
     -8.300377e-05
     -5.017189e-05
     -1.728754e-05
      1.554184e-05
      4.821254e-05
      8.062196e-05
      1.126667e-04
      1.442409e-04
      1.752358e-04
      2.055380e-04
      2.350295e-04
      2.635863e-04
      2.910770e-04
      3.173621e-04
      3.422925e-04
      3.657089e-04
      3.874424e-04
      4.073148e-04
      4.251422e-04
      4.407389e-04
      4.539230e-04
      4.645234e-04
      4.723875e-04
      4.773895e-04
      4.794377e-04
      4.784815e-04
      4.745165e-04
      4.675874e-04
      4.577896e-04
      4.452672e-04
      4.302100e-04
      4.128484e-04
      3.934472e-04
      3.722982e-04
      3.497133e-04
      3.260171e-04
      3.015404e-04
      2.766140e-04
      2.515637e-04
      2.267044e-04
      2.023364e-04
      1.787402e-04
      1.561720e-04
      1.348589e-04
      1.149944e-04
      9.673396e-05
      8.019108e-05
      6.543470e-05
      5.248791e-05
      4.132840e-05
      3.189110e-05
      2.407267e-05
      1.773804e-05
      1.272832e-05
      8.869730e-06
      5.982740e-06
      3.890837e-06
      2.428184e-06
      1.445682e-06
      8.150715e-07
      4.309660e-07
      2.109005e-07
      9.370842e-08
      3.666673e-08
      1.193241e-08
      2.792822e-09
      1.811555e-10
     -2.196479e-10
     -1.218364e-10
     -2.679416e-11
      3.675473e-12
      4.446035e-12
      9.809304e-13
     -2.508518e-13
     -1.784064e-13
     -7.984644e-15
      1.957229e-14
      3.694796e-15
     -1.855544e-15
     -5.547212e-16
      1.846324e-16
      6.220263e-17
     -2.134018e-17
     -5.386234e-18
      2.662252e-18
      2.403094e-19
     -2.979254e-19
      2.756771e-20
      2.277620e-20
     -7.647376e-21
     -1.574131e-22
      7.188784e-22
     -1.998073e-22
      3.333014e-24
      1.525358e-23
     -5.786577e-24
      1.022884e-24
      2.736687e-26
     -8.623465e-26
      3.541713e-26
     -9.961815e-27
      2.258130e-27
     -4.365755e-28
      7.388663e-29
     -1.107683e-29
      1.473678e-30
     -1.722731e-31
      1.712850e-32
     -1.307522e-33
      4.171422e-35
      9.649550e-36
     -2.745333e-36
      4.739891e-37
     -6.708573e-38
      8.405321e-39
     -9.628533e-40
      1.025811e-40
     -1.027055e-41
      9.731229e-43
     -8.769268e-44
      7.544426e-45
     -6.215164e-46
      4.914700e-47
     -3.737996e-48
      2.739222e-49
     -1.936915e-50
      1.323300e-51
     -8.745333e-53
      5.596522e-54
     -3.471316e-55
      2.088709e-56
     -1.220146e-57
      6.924859e-59
     -3.820915e-60
      2.050937e-61
     -1.071564e-62
      5.452578e-64
     -2.703491e-65
      1.306761e-66
     -6.160440e-68
      2.833725e-69
     -1.272359e-70
      5.578711e-72
     -2.389399e-73
      1.000056e-74
     -4.091510e-76
      1.636828e-77
     -6.404898e-79
      2.452086e-80
     -9.187380e-82
      3.369721e-83
     -1.210182e-84
      4.256636e-86
     -1.466698e-87
      4.951864e-89
     -1.638485e-90
      5.314349e-92
     -1.689958e-93
      5.269884e-95
     -1.611773e-96
      4.835695e-98
     -1.423438e-99
     4.111609e-101
    -1.165589e-102
     3.243424e-104
    -8.860288e-106
     2.376496e-107
    -6.259340e-109
     1.619111e-110
    -4.113714e-112
     1.026718e-113
    -2.517541e-115
     6.065361e-117
    -1.435939e-118
     3.340851e-120
    -7.639435e-122
     1.717067e-123
    -3.793785e-125
     8.240494e-127
    -1.759798e-128
     3.695163e-130
    -7.629509e-132
     1.549104e-133
    -3.093237e-135
     6.074635e-137
    -1.173345e-138
     2.229220e-140
    -4.166028e-142
     7.658668e-144
    -1.385045e-145
     2.464166e-147
    -4.313066e-149
     7.427195e-151
    -1.258337e-152
     2.097548e-154
    -3.440142e-156
     5.551310e-158
    -8.813988e-160
     1.376918e-161
    -2.116414e-163
     3.200710e-165
    -4.762540e-167
     6.972166e-169
    -1.004202e-170
     1.422928e-172
    -1.983504e-174
     2.719867e-176
    -3.668584e-178
     4.866888e-180
    -6.349900e-182
     8.147018e-184
    -1.027762e-185
     1.274635e-187
    -1.553833e-189
     1.861499e-191
    -2.191089e-193
     2.533246e-195
    -2.875903e-197
     3.204669e-199
    -3.503503e-201
     3.755669e-203
    -3.944908e-205
     4.056729e-207
    -4.079712e-209
     4.006666e-211
    -3.835517e-213
     3.569801e-215
    -3.218685e-217
     2.796485e-219
    -2.321713e-221
     1.815734e-223
    -1.301181e-225
     8.002784e-228
    -3.332459e-230
    -8.304172e-233
     4.360341e-234
    -7.180387e-236
     9.262916e-238
    -1.062600e-239
     1.132640e-241
    -1.145009e-243
     1.110179e-245
    -1.039437e-247
     9.439508e-250
    -8.340030e-252
     7.184490e-254
    -6.044065e-256
     4.971544e-258
    -4.002083e-260
     3.155214e-262
    -2.437634e-264
     1.846309e-266
    -1.371500e-268
     9.994746e-271
      0.000000e+00
      0.000000e+00
