      0.000000e+00
      0.000000e+00
     -8.374658e-16
     -3.347932e-15
     -4.498206e-15
     -2.233531e-15
      1.694508e-15
      8.786949e-16
     -1.027236e-14
     -2.853396e-14
     -4.073376e-14
     -3.423743e-14
     -1.096780e-14
      1.043632e-14
      9.904722e-15
     -1.585500e-14
     -5.275238e-14
     -8.570990e-14
     -1.080025e-13
     -1.104032e-13
     -7.240602e-14
      1.713953e-14
      1.270065e-13
      1.891361e-13
      1.562295e-13
      5.307519e-14
     -4.279241e-14
     -7.452859e-14
     -5.125222e-14
     -2.106110e-14
     -1.607950e-14
     -3.520107e-14
     -6.963136e-14
     -1.243873e-13
     -2.051038e-13
     -2.916652e-13
     -3.422372e-13
     -3.324545e-13
     -2.777797e-13
     -1.999223e-13
     -8.482897e-14
      9.043264e-14
      2.863114e-13
      3.993638e-13
      3.629247e-13
      2.289855e-13
      1.166083e-13
      8.109863e-14
      6.198882e-14
     -2.608702e-14
     -1.676540e-13
     -2.408618e-13
     -1.503563e-13
      5.333205e-14
      2.133112e-13
      2.194071e-13
      9.793729e-14
     -3.799834e-14
     -8.230518e-14
      1.765806e-14
      2.356947e-13
      4.425235e-13
      4.646844e-13
      2.537343e-13
     -8.596543e-15
     -5.673707e-14
      1.657354e-13
      4.046644e-13
      3.451783e-13
     -3.798341e-14
     -4.243415e-13
     -4.687258e-13
     -1.611465e-13
      1.649701e-13
      1.812549e-13
     -1.122162e-13
     -4.155163e-13
     -4.322825e-13
     -1.185895e-13
      3.112467e-13
      5.538710e-13
      4.213080e-13
     -2.053240e-14
     -4.801737e-13
     -6.671651e-13
     -5.382346e-13
     -3.008258e-13
     -1.673705e-13
     -1.530808e-13
     -1.313920e-13
     -1.922778e-14
      1.557910e-13
      3.329653e-13
      4.776881e-13
      5.520069e-13
      4.986535e-13
      3.112056e-13
      9.547895e-14
     -2.953396e-15
      4.858198e-14
      1.331734e-13
      1.330741e-13
      7.503523e-14
      7.022720e-14
      1.426781e-13
      2.139961e-13
      2.619793e-13
      3.716900e-13
      5.621428e-13
      6.673892e-13
      5.109053e-13
      1.538761e-13
     -1.483755e-13
     -2.305614e-13
     -1.591321e-13
     -8.946529e-14
     -8.800094e-14
     -1.300345e-13
     -1.780413e-13
     -1.911108e-13
     -1.180103e-13
      2.918027e-14
      1.172723e-13
      6.787580e-15
     -2.512296e-13
     -4.190723e-13
     -3.325524e-13
     -9.682065e-14
      5.084568e-14
      2.819751e-14
     -2.925071e-14
      3.155221e-14
      2.098745e-13
      3.840030e-13
      4.424412e-13
      3.687236e-13
      2.494080e-13
      2.079753e-13
      2.810667e-13
      3.467849e-13
      2.274214e-13
     -1.039894e-13
     -4.540234e-13
     -5.828289e-13
     -4.307909e-13
     -1.502277e-13
      5.625445e-14
      9.493016e-14
      1.586897e-14
     -5.590464e-14
     -4.012748e-14
      6.013863e-15
     -5.762238e-14
     -2.606724e-13
     -4.301978e-13
     -3.750109e-13
     -1.310696e-13
      8.333223e-14
      1.518150e-13
      1.772545e-13
      2.812759e-13
      4.079196e-13
      4.195312e-13
      3.020160e-13
      1.687312e-13
      1.705153e-13
      1.253669e-13
     -4.293559e-13
      1.057721e-12
      2.610629e-12
     -1.816171e-11
     -2.138928e-12
      1.904063e-10
     -1.580816e-10
     -1.848507e-09
      2.026036e-09
      1.824970e-08
     -1.177808e-08
     -1.805806e-07
     -8.489867e-08
      1.522261e-06
      3.376522e-06
     -6.509654e-06
     -4.466386e-05
     -6.384462e-05
      1.871897e-04
      1.155857e-03
      2.632200e-03
      7.887360e-04
     -1.841866e-02
     -9.064277e-02
     -2.894059e-01
     -7.458577e-01
     -1.669334e+00
     -3.365197e+00
     -6.246245e+00
     -1.083442e+01
     -1.775046e+01
     -2.769065e+01
     -4.139128e+01
     -5.958329e+01
     -8.294082e+01
     -1.120286e+02
     -1.472528e+02
     -1.888209e+02
     -2.367137e+02
     -2.906716e+02
     -3.501971e+02
     -4.145708e+02
     -4.828792e+02
     -5.540511e+02
     -6.268971e+02
     -7.001490e+02
     -7.724971e+02
     -8.426198e+02
     -9.092094e+02
     -9.709905e+02
     -1.026735e+03
     -1.075278e+03
     -1.115528e+03
     -1.146491e+03
     -1.167287e+03
     -1.177180e+03
     -1.175606e+03
     -1.162202e+03
     -1.136830e+03
     -1.099598e+03
     -1.050867e+03
     -9.912416e+02
     -9.215556e+02
     -8.428328e+02
     -7.562432e+02
     -6.630475e+02
     -5.645399e+02
     -4.619911e+02
     -3.565989e+02
     -2.494492e+02
     -1.414903e+02
     -3.352163e+01
      7.380413e+01
      1.799672e+02
      2.845592e+02
      3.872576e+02
      4.878003e+02
      5.859635e+02
      6.815446e+02
      7.743515e+02
      8.641975e+02
      9.509001e+02
      1.034281e+03
      1.114164e+03
      1.190373e+03
      1.262716e+03
      1.330978e+03
      1.394895e+03
      1.454137e+03
      1.508290e+03
      1.556839e+03
      1.599168e+03
      1.634563e+03
      1.662238e+03
      1.681363e+03
      1.691113e+03
      1.690716e+03
      1.679508e+03
      1.656986e+03
      1.622851e+03
      1.577043e+03
      1.519755e+03
      1.451439e+03
      1.372795e+03
      1.284740e+03
      1.188381e+03
      1.084971e+03
      9.758694e+02
      8.625033e+02
      7.463358e+02
      6.288375e+02
      5.114652e+02
      3.956448e+02
      2.827556e+02
      1.741148e+02
      7.095900e+01
     -2.557864e+01
     -1.144952e+02
     -1.949482e+02
     -2.662859e+02
     -3.280758e+02
     -3.801259e+02
     -4.224962e+02
     -4.554968e+02
     -4.796721e+02
     -4.957695e+02
     -5.046962e+02
     -5.074658e+02
     -5.051411e+02
     -4.987763e+02
     -4.893653e+02
     -4.777990e+02
     -4.648369e+02
     -4.510918e+02
     -4.370288e+02
     -4.229775e+02
     -4.091513e+02
     -3.956735e+02
     -3.826028e+02
     -3.699576e+02
     -3.577345e+02
     -3.459207e+02
     -3.345018e+02
     -3.234638e+02
     -3.127937e+02
     -3.024789e+02
     -2.925072e+02
     -2.828665e+02
     -2.735452e+02
     -2.645321e+02
     -2.558165e+02
     -2.473880e+02
     -2.392369e+02
     -2.313534e+02
     -2.237284e+02
     -2.163530e+02
     -2.092187e+02
     -2.023173e+02
     -1.956408e+02
     -1.891817e+02
     -1.829325e+02
     -1.768863e+02
     -1.710361e+02
     -1.653755e+02
     -1.598980e+02
     -1.545975e+02
     -1.494682e+02
     -1.445044e+02
     -1.397006e+02
     -1.350515e+02
     -1.305520e+02
     -1.261972e+02
     -1.219824e+02
     -1.179029e+02
     -1.139544e+02
     -1.101326e+02
     -1.064333e+02
     -1.028527e+02
     -9.938680e+01
     -9.603197e+01
     -9.278461e+01
     -8.964128e+01
     -8.659864e+01
     -8.365346e+01
     -8.080262e+01
     -7.804313e+01
     -7.537206e+01
     -7.278661e+01
     -7.028408e+01
     -6.786182e+01
     -6.551730e+01
     -6.324807e+01
     -6.105176e+01
     -5.892607e+01
     -5.686878e+01
     -5.487776e+01
     -5.295092e+01
     -5.108626e+01
     -4.928184e+01
     -4.753577e+01
     -4.584624e+01
     -4.421149e+01
     -4.262982e+01
     -4.109958e+01
     -3.961917e+01
     -3.818705e+01
     -3.680173e+01
     -3.546175e+01
     -3.416572e+01
     -3.291228e+01
     -3.170011e+01
     -3.052794e+01
     -2.939453e+01
     -2.829870e+01
     -2.723929e+01
     -2.621516e+01
     -2.522524e+01
     -2.426847e+01
     -2.334383e+01
     -2.245033e+01
     -2.158701e+01
     -2.075295e+01
     -1.994724e+01
     -1.916900e+01
     -1.841739e+01
     -1.769158e+01
     -1.699079e+01
     -1.631423e+01
     -1.566116e+01
     -1.503085e+01
     -1.442260e+01
     -1.383571e+01
     -1.326952e+01
     -1.272340e+01
      1.326952e+01
      1.383571e+01
      1.442260e+01
      1.503085e+01
      1.566116e+01
      1.631423e+01
      1.699079e+01
      1.769158e+01
      1.841739e+01
      1.916900e+01
      1.994724e+01
      2.075295e+01
      2.158701e+01
      2.245033e+01
      2.334383e+01
      2.426847e+01
      2.522524e+01
      2.621516e+01
      2.723929e+01
      2.829870e+01
      2.939453e+01
      3.052794e+01
      3.170011e+01
      3.291228e+01
      3.416572e+01
      3.546175e+01
      3.680173e+01
      3.818705e+01
      3.961917e+01
      4.109958e+01
      4.262982e+01
      4.421149e+01
      4.584624e+01
      4.753577e+01
      4.928184e+01
      5.108626e+01
      5.295092e+01
      5.487776e+01
      5.686878e+01
      5.892607e+01
      6.105176e+01
      6.324807e+01
      6.551730e+01
      6.786182e+01
      7.028408e+01
      7.278661e+01
      7.537206e+01
      7.804313e+01
      8.080262e+01
      8.365346e+01
      8.659864e+01
      8.964128e+01
      9.278461e+01
      9.603197e+01
      9.938680e+01
      1.028527e+02
      1.064333e+02
      1.101326e+02
      1.139544e+02
      1.179029e+02
      1.219824e+02
      1.261972e+02
      1.305520e+02
      1.350515e+02
      1.397006e+02
      1.445044e+02
      1.494682e+02
      1.545975e+02
      1.598980e+02
      1.653755e+02
      1.710361e+02
      1.768863e+02
      1.829325e+02
      1.891817e+02
      1.956408e+02
      2.023173e+02
      2.092187e+02
      2.163530e+02
      2.237284e+02
      2.313534e+02
      2.392369e+02
      2.473880e+02
      2.558165e+02
      2.645321e+02
      2.735452e+02
      2.828666e+02
      2.925072e+02
      3.024789e+02
      3.127935e+02
      3.234637e+02
      3.345023e+02
      3.459229e+02
      3.577396e+02
      3.699669e+02
      3.826200e+02
      3.957145e+02
      4.092657e+02
      4.232880e+02
      4.377926e+02
      4.527852e+02
      4.682625e+02
      4.842075e+02
      5.005851e+02
      5.173367e+02
      5.343756e+02
      5.515829e+02
      5.688047e+02
      5.858507e+02
      6.024951e+02
      6.184790e+02
      6.335149e+02
      6.472929e+02
      6.594881e+02
      6.697685e+02
      6.778037e+02
      6.832735e+02
      6.858748e+02
      6.853293e+02
      6.813891e+02
      6.738417e+02
      6.625138e+02
      6.472744e+02
      6.280377e+02
      6.047645e+02
      5.774641e+02
      5.461947e+02
      5.110646e+02
      4.722307e+02
      4.298979e+02
      3.843156e+02
      3.357744e+02
      2.846002e+02
      2.311477e+02
      1.757923e+02
      1.189220e+02
      6.092834e+01
      2.198358e+00
     -5.689333e+01
     -1.159906e+02
     -1.747607e+02
     -2.328967e+02
     -2.901189e+02
     -3.461741e+02
     -4.008334e+02
     -4.538896e+02
     -5.051533e+02
     -5.544496e+02
     -6.016149e+02
     -6.464940e+02
     -6.889384e+02
     -7.288047e+02
     -7.659539e+02
     -8.002514e+02
     -8.315668e+02
     -8.597741e+02
     -8.847518e+02
     -9.063831e+02
     -9.245562e+02
     -9.391648e+02
     -9.501092e+02
     -9.572983e+02
     -9.606521e+02
     -9.601057e+02
     -9.556138e+02
     -9.471566e+02
     -9.347449e+02
     -9.184269e+02
     -8.982928e+02
     -8.744792e+02
     -8.471719e+02
     -8.166065e+02
     -7.830667e+02
     -7.468813e+02
     -7.084180e+02
     -6.680768e+02
     -6.262813e+02
     -5.834695e+02
     -5.400852e+02
     -4.965685e+02
     -4.533481e+02
     -4.108338e+02
     -3.694098e+02
     -3.294301e+02
     -2.912130e+02
     -2.550378e+02
     -2.211411e+02
     -1.897140e+02
     -1.608991e+02
     -1.347895e+02
     -1.114267e+02
     -9.080132e+01
     -7.285400e+01
     -5.747843e+01
     -4.452590e+01
     -3.381158e+01
     -2.512233e+01
     -1.822555e+01
     -1.287883e+01
     -8.839436e+00
     -5.873373e+00
     -3.763140e+00
     -2.313835e+00
     -1.357250e+00
     -7.538222e-01
     -3.925413e-01
     -1.890869e-01
     -8.261732e-02
     -3.172479e-02
     -1.008372e-02
     -2.267842e-03
     -1.062017e-04
      1.959090e-04
      1.012001e-04
      2.040104e-05
     -3.800952e-06
     -3.722617e-06
     -7.267635e-07
      2.387604e-07
      1.453004e-07
      2.279967e-09
     -1.675357e-08
     -2.644840e-09
      1.648449e-09
      4.236102e-10
     -1.667719e-10
     -4.807794e-11
      1.904452e-11
      4.064728e-12
     -2.308961e-12
     -1.516125e-13
      2.502766e-13
     -2.757689e-14
     -1.833305e-14
      6.627170e-15
      2.167660e-17
     -5.924181e-16
      1.732319e-16
     -5.218020e-18
     -1.245652e-17
      4.915176e-18
     -9.031494e-19
     -1.029593e-20
      7.029417e-20
     -2.963753e-20
      8.432234e-21
     -1.925374e-21
      3.742719e-22
     -6.362538e-23
      9.576009e-24
     -1.278745e-24
      1.500659e-25
     -1.499223e-26
      1.154151e-27
     -3.853002e-29
     -8.154209e-30
      2.368413e-30
     -4.114027e-31
      5.842517e-32
     -7.337682e-33
      8.421295e-34
     -8.986022e-35
      9.009201e-36
     -8.546479e-37
      7.710096e-38
     -6.639866e-39
      5.475064e-40
     -4.333201e-41
      3.298387e-42
     -2.418910e-43
      1.711646e-44
     -1.170189e-45
      7.738435e-47
     -4.955192e-48
      3.075315e-49
     -1.851463e-50
      1.082132e-51
     -6.144712e-53
      3.392120e-54
     -1.821634e-55
      9.521920e-57
     -4.847287e-58
      2.404395e-59
     -1.162666e-60
      5.483312e-62
     -2.523225e-63
      1.133366e-64
     -4.971094e-66
      2.129904e-67
     -8.917535e-69
      3.649636e-70
     -1.460531e-71
      5.716871e-73
     -2.189359e-74
      8.205505e-76
     -3.010488e-77
      1.081485e-78
     -3.805049e-80
      1.311463e-81
     -4.428977e-83
      1.465866e-84
     -4.755726e-86
      1.512709e-87
     -4.718366e-89
      1.443455e-90
     -4.331773e-92
      1.275412e-93
     -3.684917e-95
      1.044873e-96
     -2.908185e-98
     7.946298e-100
    -2.131824e-101
     5.616147e-103
    -1.453051e-104
     3.692588e-106
    -9.218053e-108
     2.260759e-109
    -5.447820e-111
     1.289998e-112
    -3.001896e-114
     6.865685e-116
    -1.543451e-117
     3.410826e-119
    -7.410031e-121
     1.582735e-122
    -3.323964e-124
     6.864281e-126
    -1.393971e-127
     2.783937e-129
    -5.468123e-131
     1.056366e-132
    -2.007291e-134
     3.751867e-136
    -6.898344e-138
     1.247729e-139
    -2.220190e-141
     3.886587e-143
    -6.693726e-145
     1.134226e-146
    -1.890916e-148
     3.101652e-150
    -5.005728e-152
     7.948728e-154
    -1.241896e-155
     1.909098e-157
    -2.887504e-159
     4.296966e-161
    -6.291241e-163
     9.062193e-165
    -1.284212e-166
     1.790303e-168
    -2.455155e-170
     3.311807e-172
    -4.393908e-174
     5.733200e-176
    -7.356253e-178
     9.280587e-180
    -1.151039e-181
     1.403223e-183
    -1.681120e-185
     1.978815e-187
    -2.287844e-189
     2.597294e-191
    -2.894147e-193
     3.163896e-195
    -3.391401e-197
     3.561954e-199
    -3.662450e-201
     3.682561e-203
    -3.615788e-205
     3.460264e-207
    -3.219201e-209
     2.900910e-211
    -2.518361e-213
     2.088323e-215
    -1.630152e-217
     1.164346e-219
    -7.110303e-222
     2.885140e-224
     8.792691e-227
    -4.069366e-228
     6.615624e-230
    -8.493184e-232
     9.718619e-234
    -1.034354e-235
     1.044607e-237
    -1.012123e-239
     9.471485e-242
    -8.598144e-244
     7.594471e-246
    -6.540775e-248
     5.501577e-250
    -4.524712e-252
     3.642002e-254
    -2.871096e-256
     2.217996e-258
    -1.679874e-260
     1.247826e-262
    -9.093277e-265
      0.000000e+00
      0.000000e+00
