      0.000000e+00
      0.000000e+00
     -8.374658e-16
     -3.347932e-15
     -4.498206e-15
     -2.233531e-15
      1.694508e-15
      8.786949e-16
     -1.027236e-14
     -2.853396e-14
     -4.073376e-14
     -3.423743e-14
     -1.096780e-14
      1.043632e-14
      9.904722e-15
     -1.585500e-14
     -5.275238e-14
     -8.570990e-14
     -1.080025e-13
     -1.104032e-13
     -7.240602e-14
      1.713953e-14
      1.270065e-13
      1.891361e-13
      1.562295e-13
      5.307519e-14
     -4.279241e-14
     -7.452859e-14
     -5.125222e-14
     -2.106110e-14
     -1.607950e-14
     -3.520107e-14
     -6.963136e-14
     -1.243873e-13
     -2.051038e-13
     -2.916652e-13
     -3.422372e-13
     -3.324545e-13
     -2.777797e-13
     -1.999223e-13
     -8.482897e-14
      9.043264e-14
      2.863114e-13
      3.993638e-13
      3.629247e-13
      2.289855e-13
      1.166083e-13
      8.109863e-14
      6.198882e-14
     -2.608702e-14
     -1.676540e-13
     -2.408618e-13
     -1.503563e-13
      5.333205e-14
      2.133112e-13
      2.194071e-13
      9.793729e-14
     -3.799834e-14
     -8.230518e-14
      1.765806e-14
      2.356947e-13
      4.425235e-13
      4.646844e-13
      2.537343e-13
     -8.596543e-15
     -5.673707e-14
      1.657354e-13
      4.046644e-13
      3.451783e-13
     -3.798341e-14
     -4.243415e-13
     -4.687258e-13
     -1.611465e-13
      1.649701e-13
      1.812549e-13
     -1.122162e-13
     -4.155163e-13
     -4.322825e-13
     -1.185895e-13
      3.112467e-13
      5.538710e-13
      4.213080e-13
     -2.053240e-14
     -4.801737e-13
     -6.671651e-13
     -5.382346e-13
     -3.008258e-13
     -1.673705e-13
     -1.530808e-13
     -1.313920e-13
     -1.922778e-14
      1.557910e-13
      3.329653e-13
      4.776881e-13
      5.520069e-13
      4.986535e-13
      3.112056e-13
      9.547895e-14
     -2.953396e-15
      4.858198e-14
      1.331734e-13
      1.330741e-13
      7.503523e-14
      7.022720e-14
      1.426781e-13
      2.139961e-13
      2.619793e-13
      3.716900e-13
      5.621428e-13
      6.673892e-13
      5.109053e-13
      1.538761e-13
     -1.483755e-13
     -2.305614e-13
     -1.591321e-13
     -8.946529e-14
     -8.800094e-14
     -1.300345e-13
     -1.780413e-13
     -1.911108e-13
     -1.180103e-13
      2.918027e-14
      1.172723e-13
      6.787580e-15
     -2.512296e-13
     -4.190723e-13
     -3.325524e-13
     -9.682065e-14
      5.084568e-14
      2.819751e-14
     -2.925071e-14
      3.155221e-14
      2.098745e-13
      3.840030e-13
      4.424412e-13
      3.687236e-13
      2.494080e-13
      2.079753e-13
      2.810667e-13
      3.467849e-13
      2.274214e-13
     -1.039894e-13
     -4.540234e-13
     -5.828289e-13
     -4.307909e-13
     -1.502277e-13
      5.625445e-14
      9.493016e-14
      1.586897e-14
     -5.590464e-14
     -4.012748e-14
      6.013863e-15
     -5.762238e-14
     -2.606724e-13
     -4.301977e-13
     -3.750111e-13
     -1.310687e-13
      8.332907e-14
      1.518230e-13
      1.772509e-13
      2.811826e-13
      4.084714e-13
      4.180391e-13
      3.016453e-13
      1.891870e-13
      9.750151e-14
      1.286863e-13
      4.189641e-13
     -1.265455e-12
     -1.480178e-12
      1.547179e-11
     -1.337786e-11
     -1.482878e-10
      2.805860e-10
      1.286239e-09
     -3.165714e-09
     -1.220438e-08
      2.543986e-08
      1.271009e-07
     -1.010605e-07
     -1.229759e-06
     -1.145566e-06
      7.926489e-06
      2.733110e-05
      8.210347e-06
     -1.900602e-04
     -6.861118e-04
     -1.012708e-03
      1.300998e-03
      1.352105e-02
      5.261010e-02
      1.531936e-01
      3.793516e-01
      8.399753e-01
      1.705701e+00
      3.223808e+00
      5.726845e+00
      9.631430e+00
      1.542525e+01
      2.364212e+01
      3.482660e+01
      4.949104e+01
      6.806904e+01
      9.086972e+01
      1.180375e+02
      1.495211e+02
      1.850544e+02
      2.241513e+02
      2.661120e+02
      3.100421e+02
      3.548793e+02
      3.994248e+02
      4.423778e+02
      4.823677e+02
      5.179852e+02
      5.478098e+02
      5.704354e+02
      5.844966e+02
      5.886965e+02
      5.818406e+02
      5.628773e+02
      5.309473e+02
      4.854416e+02
      4.260665e+02
      3.529129e+02
      2.665270e+02
      1.679766e+02
      5.891049e+01
     -5.839544e+01
     -1.810092e+02
     -3.053366e+02
     -4.271463e+02
     -5.416383e+02
     -6.435742e+02
     -7.274979e+02
     -7.880833e+02
     -8.206455e+02
     -8.218420e+02
     -7.905269e+02
     -7.286198e+02
     -6.416842e+02
     -5.388012e+02
     -4.313983e+02
     -3.310945e+02
     -2.472149e+02
     -1.850025e+02
     -1.453188e+02
     -1.258111e+02
     -1.227335e+02
     -1.324261e+02
     -1.519598e+02
     -1.791012e+02
     -2.120415e+02
     -2.491986e+02
     -2.891402e+02
     -3.305514e+02
     -3.721953e+02
     -4.128691e+02
     -4.513745e+02
     -4.865075e+02
     -5.170661e+02
     -5.418707e+02
     -5.597953e+02
     -5.698084e+02
     -5.710176e+02
     -5.627149e+02
     -5.444159e+02
     -5.158906e+02
     -4.771818e+02
     -4.286104e+02
     -3.707681e+02
     -3.044985e+02
     -2.308703e+02
     -1.511461e+02
     -6.674954e+01
      2.076569e+01
      1.097429e+02
      1.984458e+02
      2.850792e+02
      3.678080e+02
      4.447796e+02
      5.141517e+02
      5.741289e+02
      6.230118e+02
      6.592588e+02
      6.815626e+02
      6.889386e+02
      6.808250e+02
      6.571902e+02
      6.186414e+02
      5.665274e+02
      5.030178e+02
      4.311354e+02
      3.547018e+02
      2.781435e+02
      2.061060e+02
      1.428577e+02
      9.155926e+01
      5.361139e+01
      2.838283e+01
      1.353968e+01
      5.907179e+00
      2.473639e+00
      1.066606e+00
      4.820979e-01
      2.117746e-01
      8.350107e-02
      3.097943e-02
      1.373420e-02
      7.832227e-03
      4.393562e-03
      2.109163e-03
      9.743238e-04
      5.573676e-04
      3.955731e-04
      2.870941e-04
      1.979942e-04
      1.334488e-04
      9.334555e-05
      7.014861e-05
      5.518547e-05
      4.353034e-05
      3.413665e-05
      2.711809e-05
      2.206722e-05
      1.825560e-05
      1.520649e-05
      1.274270e-05
      1.077172e-05
      9.185771e-06
      7.885357e-06
      6.803650e-06
      5.897527e-06
      5.133358e-06
      4.482971e-06
      3.924183e-06
      3.440087e-06
      3.017413e-06
      2.645447e-06
      2.315549e-06
      2.020806e-06
      1.755699e-06
      1.515841e-06
      1.297818e-06
      1.099065e-06
      9.177926e-07
      7.529138e-07
      6.039847e-07
      4.711197e-07
      3.548549e-07
      2.559280e-07
      1.749560e-07
      1.120284e-07
      6.630407e-08
      3.577776e-08
      1.739934e-08
      7.598043e-09
      3.023956e-09
      1.146376e-09
      4.383374e-10
      1.707742e-10
      6.415562e-11
      2.243979e-11
      7.918457e-12
      3.206650e-12
      1.438431e-12
      7.112359e-13
      4.475833e-13
      3.296738e-13
      2.490669e-13
      2.594624e-13
      3.456116e-13
      3.196450e-13
      1.363192e-13
      1.574600e-14
      1.007322e-13
      2.513934e-13
      2.460323e-13
      7.874361e-14
     -3.937302e-14
     -2.628158e-15
      5.296970e-14
      2.243551e-14
      5.712622e-15
      6.702383e-14
      6.847941e-14
     -9.665121e-14
     -3.070712e-13
     -3.969318e-13
     -3.536340e-13
     -2.453789e-13
     -1.301298e-13
     -8.941273e-14
     -1.601336e-13
     -2.429550e-13
     -2.199863e-13
     -8.560676e-14
      1.347743e-13
      3.584316e-13
      3.495533e-13
      3.725659e-14
     -7.026885e-15
     -1.518152e-13
     -4.338825e-13
     -5.475806e-13
     -2.178283e-13
      3.085218e-13
      4.988639e-13
      2.473143e-13
      1.588267e-15
      1.298888e-13
      4.579387e-13
      6.227645e-13
      6.169446e-13
      5.962411e-13
      5.273032e-13
      4.012793e-13
      2.907718e-13
      1.430144e-13
     -8.263768e-14
     -2.304446e-13
     -1.525211e-13
      5.712292e-15
     -8.546748e-15
     -1.554551e-13
     -1.646284e-13
      3.088362e-15
      4.933126e-14
     -1.468597e-13
     -2.350125e-13
      1.609129e-14
      2.921208e-13
      3.241114e-13
      3.950527e-13
      8.120085e-13
      1.636970e-12
      3.530365e-12
      9.065079e-12
      2.529756e-11
      6.812908e-11
      1.722523e-10
      4.326518e-10
      1.133809e-09
      3.012364e-09
      7.596582e-09
      1.740996e-08
      3.579416e-08
      6.631785e-08
      1.120349e-07
      1.749554e-07
      2.559233e-07
      3.548494e-07
      4.711152e-07
      6.039817e-07
      7.529125e-07
      9.177930e-07
      1.099066e-06
      1.297819e-06
      1.515844e-06
      1.755702e-06
      2.020809e-06
      2.315552e-06
      2.645461e-06
      3.017439e-06
      3.440088e-06
      3.924137e-06
      4.483026e-06
      5.133690e-06
      5.897680e-06
      6.802673e-06
      7.884379e-06
      9.189199e-06
      1.077873e-05
      1.273693e-05
      1.517802e-05
      1.825346e-05
      2.216816e-05
      2.722882e-05
      3.392307e-05
      4.297112e-05
      5.530533e-05
      7.212937e-05
      9.558949e-05
      1.308116e-04
      1.884866e-04
      2.829070e-04
      4.244278e-04
      6.380097e-04
      1.063452e-03
      2.080432e-03
      4.239036e-03
      8.245131e-03
      1.664454e-02
      3.889401e-02
      9.753375e-02
      2.322005e-01
      5.191319e-01
      1.167722e+00
      2.767675e+00
      6.662790e+00
      1.524083e+01
      3.182867e+01
      6.004162e+01
      1.027921e+02
      1.614193e+02
      2.353335e+02
      3.222507e+02
      4.188014e+02
      5.212104e+02
      6.258372e+02
      7.295080e+02
      8.296598e+02
      9.243576e+02
      1.012238e+03
      1.092422e+03
      1.164419e+03
      1.228038e+03
      1.283308e+03
      1.330418e+03
      1.369656e+03
      1.401377e+03
      1.425967e+03
      1.443819e+03
      1.455321e+03
      1.460843e+03
      1.460733e+03
      1.455315e+03
      1.444890e+03
      1.429742e+03
      1.410140e+03
      1.386342e+03
      1.358603e+03
      1.327173e+03
      1.292300e+03
      1.254227e+03
      1.213193e+03
      1.169418e+03
      1.123106e+03
      1.074424e+03
      1.023502e+03
      9.704110e+02
      9.151590e+02
      8.576744e+02
      7.977960e+02
      7.352615e+02
      6.696966e+02
      6.006012e+02
      5.273276e+02
      4.490560e+02
      3.647763e+02
      2.732750e+02
      1.730716e+02
      6.223619e+01
     -6.185968e+01
     -2.025605e+02
     -3.632823e+02
     -5.460502e+02
     -7.496945e+02
     -9.686772e+02
     -1.193364e+03
     -1.411783e+03
     -1.612085e+03
     -1.784690e+03
     -1.923440e+03
     -2.025717e+03
     -2.091849e+03
     -2.124243e+03
     -2.126548e+03
     -2.102983e+03
     -2.057872e+03
     -1.995343e+03
     -1.919172e+03
     -1.832704e+03
     -1.738838e+03
     -1.640040e+03
     -1.538380e+03
     -1.435570e+03
     -1.333009e+03
     -1.231824e+03
     -1.132908e+03
     -1.036962e+03
     -9.445211e+02
     -8.559910e+02
     -7.716686e+02
     -6.917679e+02
     -6.164373e+02
     -5.457755e+02
     -4.798431e+02
     -4.186702e+02
     -3.622616e+02
     -3.105985e+02
     -2.636384e+02
     -2.213128e+02
     -1.835243e+02
     -1.501432e+02
     -1.210044e+02
     -9.590591e+01
     -7.460877e+01
     -5.683852e+01
     -4.228937e+01
     -3.063019e+01
     -2.151238e+01
     -1.457926e+01
     -9.476256e+00
     -5.861323e+00
     -3.414863e+00
     -1.848424e+00
     -9.117936e-01
     -3.980653e-01
     -1.461958e-01
     -4.029234e-02
     -5.073554e-03
      2.183702e-03
      1.633231e-03
      4.395831e-04
     -2.457998e-05
     -6.062485e-05
     -1.555968e-05
      2.970706e-06
      2.478690e-06
      1.316953e-07
     -2.596277e-07
     -4.593146e-08
      2.438506e-08
      6.275709e-09
     -2.419622e-09
     -6.330925e-10
      2.676293e-10
      4.562647e-11
     -3.021053e-11
     -7.474475e-13
      2.925503e-12
     -4.323436e-13
     -1.767215e-13
      7.682406e-14
     -3.642400e-15
     -5.460939e-15
      1.881716e-15
     -1.495440e-16
     -9.717637e-17
      4.561925e-17
     -9.740027e-18
      5.075596e-19
      4.726385e-19
     -2.323606e-19
      6.979253e-20
     -1.646562e-20
      3.287537e-21
     -5.743673e-22
      8.933314e-23
     -1.247250e-23
      1.565302e-24
     -1.753595e-25
      1.715956e-26
     -1.380968e-27
      7.265688e-29
      2.067051e-30
     -1.319171e-30
      2.471736e-31
     -3.515893e-32
      4.324888e-33
     -4.817310e-34
      4.967684e-35
     -4.803254e-36
      4.390175e-37
     -3.814564e-38
      3.163961e-39
     -2.513238e-40
      1.916754e-41
     -1.406519e-42
      9.948145e-44
     -6.792317e-45
      4.482801e-46
     -2.863158e-47
      1.771575e-48
     -1.062921e-49
      6.189279e-51
     -3.500385e-52
      1.924153e-53
     -1.028723e-54
      5.352532e-56
     -2.711877e-57
      1.338636e-58
     -6.441008e-60
      3.022374e-61
     -1.383687e-62
      6.183066e-64
     -2.697851e-65
      1.149854e-66
     -4.788857e-68
      1.949541e-69
     -7.760384e-71
      3.021464e-72
     -1.150963e-73
      4.290780e-75
     -1.565876e-76
      5.595450e-78
     -1.958281e-79
      6.713958e-81
     -2.255499e-82
      7.426092e-84
     -2.396738e-85
      7.584191e-87
     -2.353468e-88
      7.163033e-90
     -2.138704e-91
      6.265312e-93
     -1.801120e-94
      5.081808e-96
     -1.407453e-97
      3.826943e-99
    -1.021720e-100
     2.678748e-102
    -6.897735e-104
     1.744653e-105
    -4.335013e-107
     1.058278e-108
    -2.538539e-110
     5.983948e-112
    -1.386293e-113
     3.156651e-115
    -7.065492e-117
     1.554678e-118
    -3.363230e-120
     7.153616e-122
    -1.496168e-123
     3.077176e-125
    -6.224021e-127
     1.238125e-128
    -2.422477e-130
     4.662097e-132
    -8.825776e-134
     1.643601e-135
    -3.011148e-137
     5.427238e-139
    -9.623962e-141
     1.679086e-142
    -2.882370e-144
     4.868518e-146
    -8.091419e-148
     1.323251e-149
    -2.129398e-151
     3.371890e-153
    -5.254061e-155
     8.056071e-157
    -1.215505e-158
     1.804648e-160
    -2.636481e-162
     3.790049e-164
    -5.360949e-166
     7.461067e-168
    -1.021657e-169
     1.376361e-171
    -1.824136e-173
     2.378209e-175
    -3.049826e-177
     3.846726e-179
    -4.771456e-181
     5.819670e-183
    -6.978615e-185
     8.225998e-187
    -9.529480e-189
     1.084699e-190
    -1.212798e-192
     1.331575e-194
    -1.435068e-196
     1.517422e-198
    -1.573339e-200
     1.598525e-202
    -1.590096e-204
     1.546892e-206
    -1.469664e-208
     1.361097e-210
    -1.225667e-212
     1.069344e-214
    -8.991488e-217
     7.226400e-219
    -5.473526e-221
     3.802669e-223
    -2.273510e-225
     9.321993e-228
     1.906285e-230
    -1.080333e-231
     1.737349e-233
    -2.175119e-235
     2.417206e-237
    -2.494003e-239
     2.439406e-241
    -2.287779e-243
     2.071455e-245
    -1.818910e-247
     1.553648e-249
    -1.293744e-251
     1.051955e-253
    -8.362267e-256
     6.504796e-258
    -4.954970e-260
     3.698236e-262
    -2.705780e-264
      0.000000e+00
      0.000000e+00
