      0.000000e+00
      0.000000e+00
     -3.118733e-15
     -2.899030e-15
     -2.320121e-15
     -1.609222e-15
     -9.848070e-16
     -4.162240e-16
      3.203695e-16
      1.406383e-15
      2.720506e-15
      3.766748e-15
      3.895837e-15
      2.718948e-15
      4.467514e-16
     -2.106163e-15
     -3.908025e-15
     -4.274062e-15
     -3.260325e-15
     -1.653771e-15
     -5.967076e-16
     -1.085951e-15
     -3.573175e-15
     -7.744862e-15
     -1.249157e-14
     -1.616172e-14
     -1.723858e-14
     -1.532944e-14
     -1.188901e-14
     -9.902180e-15
     -1.228123e-14
     -1.980851e-14
     -3.017952e-14
     -3.919470e-14
     -4.351677e-14
     -4.293357e-14
     -4.019053e-14
     -3.837368e-14
     -3.802228e-14
     -3.659928e-14
     -3.099481e-14
     -2.094642e-14
     -1.017799e-14
     -3.882976e-15
     -4.458257e-15
     -9.191146e-15
     -1.215900e-14
     -9.075222e-15
     -1.290766e-15
      4.195029e-15
     -1.234702e-15
     -2.246438e-14
     -5.707685e-14
     -9.506310e-14
     -1.216854e-13
     -1.227796e-13
     -9.138234e-14
     -3.325718e-14
      3.249269e-14
      8.050696e-14
      9.218179e-14
      6.745337e-14
      2.686801e-14
      7.301951e-16
      1.095647e-14
      5.699155e-14
      1.150579e-13
      1.514249e-13
      1.414893e-13
      8.328458e-14
     -1.882832e-15
     -8.100724e-14
     -1.259149e-13
     -1.258897e-13
     -9.096158e-14
     -4.596459e-14
     -1.944490e-14
     -3.212170e-14
     -8.807821e-14
     -1.707520e-13
     -2.459592e-13
     -2.735392e-13
     -2.253232e-13
     -1.012944e-13
      6.651778e-14
      2.271864e-13
      3.345721e-13
      3.671048e-13
      3.321767e-13
      2.555168e-13
      1.661405e-13
      8.709887e-14
      3.312102e-14
      8.999174e-15
      5.171637e-15
     -4.228929e-15
     -5.204287e-14
     -1.569155e-13
     -3.033196e-13
     -4.406648e-13
     -5.080509e-13
     -4.711253e-13
     -3.453900e-13
     -1.876269e-13
     -5.969323e-14
      1.018051e-14
      4.071754e-14
      7.594935e-14
      1.450727e-13
      2.345632e-13
      2.946428e-13
      2.765798e-13
      1.736265e-13
      3.442174e-14
     -6.328266e-14
     -6.221723e-14
      3.533598e-14
      1.666360e-13
      2.474363e-13
      2.248363e-13
      1.083186e-13
     -4.126883e-14
     -1.552582e-13
     -2.013709e-13
     -1.981397e-13
     -1.923438e-13
     -2.189918e-13
     -2.738841e-13
     -3.172590e-13
     -3.042456e-13
     -2.205038e-13
     -9.954246e-14
     -1.048227e-14
     -2.278183e-14
     -1.677316e-13
     -4.184228e-13
     -6.993514e-13
     -9.198075e-13
     -1.012214e-12
     -9.557476e-13
     -7.764923e-13
     -5.294834e-13
     -2.757382e-13
     -6.525389e-14
      7.087578e-14
      1.224724e-13
      1.001500e-13
      3.257995e-14
     -4.262935e-14
     -9.540753e-14
     -1.198727e-13
     -1.382672e-13
     -1.844119e-13
     -2.743023e-13
     -3.849953e-13
     -4.606276e-13
     -4.449087e-13
     -3.179284e-13
     -1.107121e-13
      1.116451e-13
      2.832633e-13
      3.623437e-13
      3.347271e-13
      2.042391e-13
     -1.232823e-14
     -2.777761e-13
     -5.259443e-13
     -6.720628e-13
     -6.496147e-13
     -4.560800e-13
     -1.731378e-13
      6.392125e-14
      1.391011e-13
      2.681362e-14
     -1.909684e-13
     -3.810676e-13
     -4.538063e-13
     -4.258669e-13
     -3.990825e-13
     -4.670507e-13
     -6.230225e-13
     -7.477347e-13
     -6.940980e-13
     -4.046946e-13
      3.281984e-14
      4.384066e-13
      6.575727e-13
      6.498925e-13
      4.840559e-13
      2.593111e-13
      3.288922e-14
     -1.851167e-13
     -3.822988e-13
     -5.077757e-13
     -4.982140e-13
     -3.433910e-13
     -1.203071e-13
      4.861810e-14
      8.281027e-14
     -4.102436e-16
     -1.085403e-13
     -1.501394e-13
     -9.681059e-14
      1.232283e-14
      1.096702e-13
      1.391025e-13
      7.350054e-14
     -8.148827e-14
     -2.847588e-13
     -4.650465e-13
     -5.482130e-13
     -4.984127e-13
     -3.406060e-13
     -1.407974e-13
      4.074759e-14
      1.811731e-13
      2.859559e-13
      3.562460e-13
      3.724094e-13
      3.126191e-13
      1.854205e-13
      3.953478e-14
     -6.244132e-14
     -8.381434e-14
     -3.250360e-14
      5.455612e-14
      1.436174e-13
      2.240579e-13
      3.028517e-13
      3.847575e-13
      4.595234e-13
      5.067259e-13
      5.105600e-13
      4.691527e-13
      3.914513e-13
      2.885806e-13
      1.706822e-13
      5.124310e-14
     -4.978207e-14
     -1.120363e-13
     -1.262654e-13
     -9.882556e-14
     -4.266759e-14
      3.639424e-14
      1.419733e-13
      2.726082e-13
      4.043051e-13
      4.909581e-13
      4.887605e-13
      3.870351e-13
      2.184858e-13
      3.753871e-14
     -1.166230e-13
     -2.408551e-13
     -3.542175e-13
     -4.621605e-13
     -5.333813e-13
     -5.154432e-13
     -3.805597e-13
     -1.616134e-13
      5.907768e-14
      2.067394e-13
      2.716906e-13
      3.150301e-13
      4.111143e-13
      5.720634e-13
      7.202798e-13
      7.375565e-13
      5.544980e-13
      2.092558e-13
     -1.692885e-13
     -4.370664e-13
     -5.108978e-13
     -3.978245e-13
     -1.742006e-13
      5.724206e-14
      2.066565e-13
      2.260694e-13
      1.283854e-13
     -1.224641e-14
     -9.030957e-14
     -2.294004e-14
      2.017154e-13
      5.138395e-13
      7.955282e-13
      9.355868e-13
      8.752431e-13
      6.296019e-13
      2.849668e-13
     -2.667163e-14
     -1.771119e-13
     -1.047482e-13
      1.418409e-13
      4.167875e-13
      5.523926e-13
      4.547005e-13
      1.549827e-13
     -2.166275e-13
     -5.097197e-13
     -6.233876e-13
     -5.259024e-13
     -2.354898e-13
      1.953113e-13
      6.704029e-13
      1.043520e-12
      1.160677e-12
      9.558923e-13
      5.346002e-13
      1.550106e-13
      8.166644e-14
      3.971390e-13
      9.180564e-13
      1.301000e-12
      1.276907e-12
      8.407763e-13
      2.495260e-13
     -1.692314e-13
     -2.462942e-13
     -6.506672e-14
      1.342314e-13
      1.458464e-13
     -6.609154e-14
     -3.717831e-13
     -5.869636e-13
     -5.934482e-13
     -3.932266e-13
     -8.615375e-14
      1.919205e-13
      3.301639e-13
      2.819960e-13
      7.640262e-14
     -2.004437e-13
     -4.491491e-13
     -6.085286e-13
     -6.843771e-13
     -7.320096e-13
     -7.984322e-13
     -8.652262e-13
     -8.442841e-13
     -6.459204e-13
     -2.770031e-13
      1.155373e-13
      3.151947e-13
      1.900882e-13
     -1.844181e-13
     -5.469310e-13
     -6.206805e-13
     -3.117447e-13
      2.202919e-13
      6.756864e-13
      8.204222e-13
      6.255989e-13
      2.485905e-13
     -1.022762e-13
     -2.982815e-13
     -3.267441e-13
     -2.392132e-13
     -8.330124e-14
      1.204846e-13
      3.541641e-13
      5.728710e-13
      7.111254e-13
      7.258888e-13
      6.381678e-13
      5.286522e-13
      4.777140e-13
      4.920286e-13
      4.844488e-13
      3.393900e-13
      2.114294e-14
     -3.677799e-13
     -6.408184e-13
     -6.604266e-13
     -4.393215e-13
     -1.194850e-13
      1.541462e-13
      3.515060e-13
      5.601131e-13
      8.733297e-13
      1.271440e-12
      1.608043e-12
      1.714908e-12
      1.530447e-12
      1.140684e-12
      7.062208e-13
      3.489359e-13
      9.532174e-14
     -9.216168e-14
     -2.464082e-13
     -3.607959e-13
     -4.097068e-13
     -3.866790e-13
     -3.134264e-13
     -2.142856e-13
     -9.080168e-14
      7.247127e-14
      2.775858e-13
      4.917500e-13
      6.568054e-13
      7.189049e-13
      6.512322e-13
      4.567055e-13
      1.609280e-13
     -1.897130e-13
     -5.258363e-13
     -7.635195e-13
     -8.317748e-13
     -7.078674e-13
     -4.377364e-13
     -1.257540e-13
      1.045667e-13
      1.628083e-13
      3.402514e-14
     -2.111194e-13
     -4.505227e-13
     -5.777666e-13
     -5.639421e-13
     -4.694755e-13
     -3.916959e-13
     -3.851986e-13
     -4.202946e-13
     -4.174276e-13
     -3.291074e-13
     -1.944818e-13
     -1.124177e-13
     -1.527201e-13
     -2.843976e-13
     -3.876953e-13
     -3.433290e-13
     -1.259161e-13
      1.723619e-13
      4.024359e-13
      4.548256e-13
      3.257154e-13
      1.157960e-13
     -3.100971e-14
     -1.155812e-14
      1.760251e-13
      4.303572e-13
      6.079715e-13
      6.130533e-13
      4.582573e-13
      2.549736e-13
      1.390688e-13
      1.819787e-13
      3.445828e-13
      5.011098e-13
      5.170225e-13
      3.339537e-13
      9.188384e-15
     -3.193551e-13
     -5.248788e-13
     -5.771048e-13
     -5.531958e-13
     -5.593818e-13
     -6.253861e-13
     -6.653308e-13
     -5.473545e-13
     -2.188734e-13
      2.191116e-13
      5.566092e-13
      6.091271e-13
      3.421439e-13
     -1.033343e-13
     -4.972482e-13
     -6.559981e-13
     -5.399021e-13
     -2.589133e-13
      7.373070e-15
      1.209696e-13
      5.999093e-14
     -8.574129e-14
     -1.890479e-13
     -1.747795e-13
     -6.087336e-14
      7.351817e-14
      1.595506e-13
      1.879568e-13
      2.002583e-13
      2.417561e-13
      3.270199e-13
      4.459786e-13
      5.901620e-13
      7.585084e-13
      9.318420e-13
      1.049628e-12
      1.029840e-12
      8.313374e-13
      5.092618e-13
      2.075886e-13
      7.825900e-14
      1.762467e-13
      4.067126e-13
      5.725485e-13
      5.038969e-13
      1.874589e-13
     -2.013496e-13
     -4.040788e-13
     -2.633783e-13
      1.457702e-13
      5.460574e-13
      6.418053e-13
      3.273113e-13
     -2.351884e-13
     -7.239468e-13
     -8.666940e-13
     -5.975771e-13
     -6.595535e-14
      4.798206e-13
      8.331667e-13
      9.086518e-13
      7.425318e-13
      4.477204e-13
      1.587452e-13
     -1.836973e-14
     -4.373122e-14
      4.634888e-14
      1.684374e-13
      2.459694e-13
      2.493061e-13
      1.917550e-13
      9.233474e-14
     -5.074066e-14
     -2.441155e-13
     -4.583242e-13
     -6.138556e-13
     -6.243793e-13
     -4.656090e-13
     -2.019946e-13
      6.156194e-14
      2.588663e-13
      3.919376e-13
      4.816123e-13
      5.002741e-13
      3.756905e-13
      7.912030e-14
     -2.930270e-13
     -5.479984e-13
     -5.349265e-13
     -2.726334e-13
      5.634658e-14
      2.463859e-13
      2.194535e-13
      5.809999e-14
     -9.189534e-14
     -1.484191e-13
     -1.406899e-13
     -1.549427e-13
     -2.415568e-13
     -3.631853e-13
     -4.179199e-13
     -3.154385e-13
     -5.265010e-14
      2.648171e-13
      4.792161e-13
      4.861533e-13
      3.129588e-13
      1.000556e-13
     -1.127824e-14
      5.256561e-15
      4.613615e-14
     -1.689966e-14
     -2.058888e-13
     -4.029948e-13
     -4.475488e-13
     -2.733068e-13
      3.986112e-14
      3.384806e-13
      5.119688e-13
      5.425275e-13
      4.600255e-13
      2.747633e-13
     -2.630798e-14
     -4.178941e-13
     -7.906901e-13
     -9.933208e-13
     -9.395178e-13
     -6.806569e-13
     -3.672181e-13
     -1.272099e-13
      2.861491e-14
      1.880767e-13
      4.255046e-13
      7.040428e-13
      8.858344e-13
      8.431391e-13
      5.721125e-13
      2.107036e-13
     -5.271583e-14
     -1.033210e-13
      3.894754e-14
      2.571336e-13
      4.316409e-13
      5.147863e-13
      5.368833e-13
      5.529828e-13
      5.808916e-13
      5.804727e-13
      4.875399e-13
      2.718502e-13
     -2.917373e-14
     -3.268407e-13
     -5.296787e-13
     -5.817263e-13
     -4.679160e-13
     -2.046784e-13
      1.537506e-13
      4.977472e-13
      6.775195e-13
      5.799802e-13
      2.258541e-13
     -2.051908e-13
     -4.735427e-13
     -4.448482e-13
     -1.888832e-13
      7.644400e-14
      1.538124e-13
      9.251664e-15
     -2.226904e-13
     -3.617339e-13
     -3.215393e-13
     -1.584780e-13
     -1.076400e-14
      5.823224e-15
     -1.342303e-13
     -3.668305e-13
     -5.875376e-13
     -7.116963e-13
     -7.158546e-13
     -6.416366e-13
     -5.550891e-13
     -4.807668e-13
     -3.615351e-13
     -9.404366e-14
      3.666102e-13
      9.139439e-13
      1.306190e-12
      1.311206e-12
      8.842429e-13
      2.346343e-13
     -2.878768e-13
     -4.142384e-13
     -1.221962e-13
      3.741204e-13
      7.948630e-13
      9.882952e-13
      1.002556e-12
      9.947492e-13
      1.065432e-12
      1.159011e-12
      1.112127e-12
      8.121833e-13
      3.364778e-13
     -5.341863e-14
     -8.364955e-14
      3.082938e-13
      8.781686e-13
      1.211771e-12
      1.016817e-12
      3.483781e-13
     -4.219550e-13
     -8.786387e-13
     -8.561379e-13
     -5.177721e-13
     -1.764158e-13
     -3.578461e-14
     -7.560132e-14
     -1.458069e-13
     -1.433849e-13
     -1.003764e-13
     -1.274752e-13
     -2.954763e-13
     -5.684695e-13
     -8.300978e-13
     -9.622015e-13
     -9.128078e-13
     -7.175384e-13
     -4.720074e-13
     -2.747615e-13
     -1.750339e-13
     -1.603034e-13
     -1.909641e-13
     -2.466681e-13
     -3.349626e-13
     -4.517386e-13
     -5.392997e-13
     -4.988148e-13
     -2.619042e-13
      1.373320e-13
      5.580573e-13
      8.299825e-13
      8.585465e-13
      6.811842e-13
      4.332751e-13
      2.468809e-13
      1.549354e-13
      7.466219e-14
     -1.104023e-13
     -4.292619e-13
     -7.650478e-13
     -9.208570e-13
     -7.689298e-13
     -3.632923e-13
      8.263088e-14
      3.410812e-13
      3.215864e-13
      1.094254e-13
     -1.303984e-13
     -2.935380e-13
     -4.016662e-13
     -5.453415e-13
     -7.636981e-13
     -9.726889e-13
     -1.011545e-12
     -7.766105e-13
     -3.335268e-13
      9.291184e-14
      2.570065e-13
      5.107849e-14
     -4.525070e-13
     -1.087469e-12
     -1.595395e-12
     -1.332996e-12
      8.201343e-13
      4.676237e-12
      4.060804e-12
     -1.537333e-11
     -5.924693e-11
     -7.310772e-11
      1.101393e-10
      6.788156e-10
      1.374003e-09
      6.110019e-10
     -5.004950e-09
     -1.846416e-08
     -3.395734e-08
     -2.051520e-08
      9.567258e-08
      4.248222e-07
      1.027461e-06
      1.655415e-06
      1.189565e-06
     -3.382508e-06
     -1.861491e-05
     -5.703475e-05
     -1.404918e-04
     -3.045368e-04
     -6.039163e-04
     -1.119255e-03
     -1.964982e-03
     -3.298539e-03
     -5.330892e-03
     -8.338345e-03
     -1.267563e-02
     -1.879021e-02
     -2.723778e-02
     -3.869874e-02
     -5.399578e-02
     -7.411212e-02
     -1.002105e-01
     -1.336529e-01
     -1.760199e-01
     -2.291312e-01
     -2.950653e-01
     -3.761790e-01
     -4.751268e-01
     -5.948789e-01
     -7.387390e-01
     -9.103603e-01
     -1.113760e+00
     -1.353334e+00
     -1.633864e+00
     -1.960534e+00
     -2.338928e+00
     -2.775042e+00
     -3.275282e+00
     -3.846464e+00
     -4.495810e+00
     -5.230941e+00
     -6.059868e+00
     -6.990975e+00
     -8.033009e+00
     -9.195055e+00
     -1.048651e+01
     -1.191708e+01
     -1.349671e+01
     -1.523558e+01
     -1.714408e+01
     -1.923275e+01
     -2.151224e+01
     -2.399329e+01
     -2.668665e+01
     -2.960308e+01
     -3.275326e+01
     -3.614775e+01
     -3.979698e+01
     -4.371113e+01
     -4.790013e+01
     -5.237361e+01
     -5.714080e+01
     -6.221053e+01
     -6.759117e+01
     -7.329055e+01
     -7.931596e+01
     -8.567406e+01
     -9.237086e+01
     -9.941170e+01
     -1.068012e+02
     -1.145430e+02
     -1.226404e+02
     -1.310954e+02
     -1.399094e+02
     -1.490829e+02
     -1.586154e+02
     -1.685055e+02
     -1.787511e+02
     -1.893488e+02
     -2.002947e+02
     -2.115836e+02
     -2.232095e+02
     -2.351656e+02
     -2.474441e+02
     -2.600362e+02
     -2.729323e+02
     -2.861222e+02
     -2.995946e+02
     -3.133373e+02
     -3.273377e+02
     -3.415822e+02
     -3.560567e+02
     -3.707461e+02
     -3.856350e+02
     -4.007074e+02
     -4.159466e+02
     -4.313355e+02
     -4.468565e+02
     -4.624916e+02
     -4.782225e+02
     -4.940305e+02
     -5.098965e+02
     -5.258013e+02
     -5.417255e+02
     -5.576495e+02
     -5.735535e+02
     -5.894176e+02
     -6.052219e+02
     -6.209465e+02
     -6.365714e+02
     -6.520768e+02
     -6.674427e+02
     -6.826493e+02
     -6.976770e+02
     -7.125063e+02
     -7.271177e+02
     -7.414920e+02
     -7.556102e+02
     -7.694535e+02
     -7.830032e+02
     -7.962410e+02
     -8.091487e+02
     -8.217085e+02
     -8.339027e+02
     -8.457141e+02
     -8.571257e+02
     -8.681207e+02
     -8.786827e+02
     -8.887957e+02
     -8.984440e+02
     -9.076122e+02
     -9.162854e+02
     -9.244488e+02
     -9.320883e+02
     -9.391901e+02
     -9.457408e+02
     -9.517275e+02
     -9.571378e+02
     -9.619595e+02
     -9.661814e+02
     -9.697924e+02
     -9.727821e+02
     -9.751408e+02
     -9.768591e+02
     -9.779286e+02
     -9.783412e+02
     -9.780897e+02
     -9.771676e+02
     -9.755688e+02
     -9.732885e+02
     -9.703221e+02
     -9.666663e+02
     -9.623182e+02
     -9.572762e+02
     -9.515390e+02
     -9.451067e+02
     -9.379800e+02
     -9.301607e+02
     -9.216513e+02
     -9.124554e+02
     -9.025776e+02
     -8.920233e+02
     -8.807989e+02
     -8.689118e+02
     -8.563702e+02
     -8.431835e+02
     -8.293618e+02
     -8.149162e+02
     -7.998586e+02
     -7.842018e+02
     -7.679595e+02
     -7.511461e+02
     -7.337770e+02
     -7.158681e+02
     -6.974360e+02
     -6.784981e+02
     -6.590724e+02
     -6.391773e+02
     -6.188319e+02
     -5.980558e+02
     -5.768686e+02
     -5.552909e+02
     -5.333430e+02
     -5.110458e+02
     -4.884202e+02
     -4.654874e+02
     -4.422684e+02
     -4.187845e+02
     -3.950568e+02
     -3.711062e+02
     -3.469537e+02
     -3.226199e+02
     -2.981251e+02
     -2.734894e+02
     -2.487326e+02
     -2.238738e+02
     -1.989321e+02
     -1.739258e+02
     -1.488727e+02
     -1.237902e+02
     -9.869500e+01
     -7.360336e+01
     -4.853078e+01
     -2.349219e+01
      1.498123e+00
      2.642654e+01
      5.128008e+01
      7.604644e+01
      1.007139e+02
      1.252716e+02
      1.497090e+02
      1.740165e+02
      1.981849e+02
      2.222056e+02
      2.460709e+02
      2.697733e+02
      2.933060e+02
      3.166626e+02
      3.398373e+02
      3.628248e+02
      3.856202e+02
      4.082189e+02
      4.306167e+02
      4.528099e+02
      4.747951e+02
      4.965690e+02
      5.181287e+02
      5.394717e+02
      5.605954e+02
      5.814976e+02
      6.021762e+02
      6.226293e+02
      6.428550e+02
      6.628519e+02
      6.826181e+02
      7.021522e+02
      7.214529e+02
      7.405186e+02
      7.593481e+02
      7.779401e+02
      7.962933e+02
      8.144064e+02
      8.322784e+02
      8.499079e+02
      8.672937e+02
      8.844348e+02
      9.013300e+02
      9.179782e+02
      9.343781e+02
      9.505289e+02
      9.664293e+02
      9.820783e+02
      9.974749e+02
      1.012618e+03
      1.027507e+03
      1.042140e+03
      1.056516e+03
      1.070636e+03
      1.084496e+03
      1.098098e+03
      1.111439e+03
      1.124518e+03
      1.137335e+03
      1.149889e+03
      1.162178e+03
      1.174200e+03
      1.185956e+03
      1.197443e+03
      1.208659e+03
      1.219604e+03
      1.230275e+03
      1.240670e+03
      1.250788e+03
      1.260625e+03
      1.270179e+03
      1.279447e+03
      1.288427e+03
      1.297113e+03
      1.305504e+03
      1.313594e+03
      1.321380e+03
      1.328856e+03
      1.336017e+03
      1.342858e+03
      1.349374e+03
      1.355557e+03
      1.361401e+03
      1.366899e+03
      1.372043e+03
      1.376827e+03
      1.381242e+03
      1.385279e+03
      1.388929e+03
      1.392184e+03
      1.395034e+03
      1.397469e+03
      1.399481e+03
      1.401057e+03
      1.402189e+03
      1.402867e+03
      1.403079e+03
      1.402815e+03
      1.402065e+03
      1.400818e+03
      1.399064e+03
      1.396794e+03
      1.393996e+03
      1.390662e+03
      1.386782e+03
      1.382347e+03
      1.377348e+03
      1.371778e+03
      1.365628e+03
      1.358892e+03
      1.351562e+03
      1.343634e+03
      1.335102e+03
      1.325962e+03
      1.316210e+03
      1.305843e+03
      1.294859e+03
      1.283257e+03
      1.271038e+03
      1.258200e+03
      1.244747e+03
      1.230680e+03
      1.216004e+03
      1.200722e+03
      1.184840e+03
      1.168365e+03
      1.151304e+03
      1.133664e+03
      1.115457e+03
      1.096690e+03
      1.077376e+03
      1.057527e+03
      1.037155e+03
      1.016274e+03
      9.948982e+02
      9.730430e+02
      9.507241e+02
      9.279582e+02
      9.047624e+02
      8.811547e+02
      8.571535e+02
      8.327775e+02
      8.080463e+02
      7.829798e+02
      7.575980e+02
      7.319218e+02
      7.059719e+02
      6.797696e+02
      6.533364e+02
      6.266938e+02
      5.998636e+02
      5.728679e+02
      5.457284e+02
      5.184674e+02
      4.911069e+02
      4.636690e+02
      4.361757e+02
      4.086491e+02
      3.811109e+02
      3.535831e+02
      3.260873e+02
      2.986450e+02
      2.712776e+02
      2.440063e+02
      2.168520e+02
      1.898356e+02
      1.629775e+02
      1.362982e+02
      1.098176e+02
      8.355549e+01
      5.753149e+01
      3.176480e+01
      6.274360e+00
     -1.892120e+01
     -4.380357e+01
     -6.835479e+01
     -9.255721e+01
     -1.163936e+02
     -1.398470e+02
     -1.629011e+02
     -1.855396e+02
     -2.077470e+02
     -2.295081e+02
     -2.508081e+02
     -2.716328e+02
     -2.919684e+02
     -3.118019e+02
     -3.311205e+02
     -3.499122e+02
     -3.681656e+02
     -3.858699e+02
     -4.030150e+02
     -4.195913e+02
     -4.355902e+02
     -4.510037e+02
     -4.658245e+02
     -4.800462e+02
     -4.936632e+02
     -5.066707e+02
     -5.190648e+02
     -5.308423e+02
     -5.420011e+02
     -5.525401e+02
     -5.624587e+02
     -5.717576e+02
     -5.804384e+02
     -5.885034e+02
     -5.959561e+02
     -6.028009e+02
     -6.090430e+02
     -6.146886e+02
     -6.197449e+02
     -6.242199e+02
     -6.281225e+02
     -6.314625e+02
     -6.342504e+02
     -6.364976e+02
     -6.382164e+02
     -6.394195e+02
     -6.401207e+02
     -6.403341e+02
     -6.400746e+02
     -6.393576e+02
     -6.381990e+02
     -6.366151e+02
     -6.346228e+02
     -6.322392e+02
     -6.294817e+02
     -6.263679e+02
     -6.229156e+02
     -6.191429e+02
     -6.150677e+02
     -6.107080e+02
     -6.060818e+02
     -6.012070e+02
     -5.961012e+02
     -5.907820e+02
     -5.852665e+02
     -5.795718e+02
     -5.737142e+02
     -5.677102e+02
     -5.615752e+02
     -5.553247e+02
     -5.489733e+02
     -5.425352e+02
     -5.360242e+02
     -5.294533e+02
     -5.228349e+02
     -5.161808e+02
     -5.095024e+02
     -5.028101e+02
     -4.961138e+02
     -4.894230e+02
     -4.827461e+02
     -4.760913e+02
     -4.694659e+02
     -4.628766e+02
     -4.563296e+02
     -4.498306e+02
     -4.433844e+02
     -4.369957e+02
     -4.306683e+02
     -4.244058e+02
     -4.182111e+02
     -4.120867e+02
     -4.060349e+02
     -4.000573e+02
     -3.941554e+02
     -3.883303e+02
     -3.825827e+02
     -3.769131e+02
     -3.713219e+02
     -3.658089e+02
     -3.603742e+02
     -3.550173e+02
     -3.497378e+02
     -3.445352e+02
     -3.394087e+02
     -3.343575e+02
     -3.293809e+02
     -3.244779e+02
     -3.196475e+02
     -3.148889e+02
     -3.102010e+02
     -3.055827e+02
     -3.010333e+02
     -2.965515e+02
     -2.921364e+02
     -2.877871e+02
     -2.835025e+02
     -2.792817e+02
     -2.751237e+02
     -2.710277e+02
     -2.669926e+02
     -2.630176e+02
     -2.591018e+02
     -2.552442e+02
     -2.514441e+02
     -2.477006e+02
     -2.440128e+02
     -2.403800e+02
     -2.368012e+02
     -2.332757e+02
     -2.298026e+02
     -2.263813e+02
     -2.230109e+02
     -2.196907e+02
     -2.164200e+02
     -2.131979e+02
     -2.100238e+02
     -2.068970e+02
     -2.038167e+02
     -2.007822e+02
     -1.977930e+02
     -1.948482e+02
     -1.919473e+02
     -1.890896e+02
     -1.862744e+02
     -1.835011e+02
     -1.807692e+02
     -1.780779e+02
     -1.754266e+02
     -1.728149e+02
     -1.702420e+02
     -1.677074e+02
     -1.652106e+02
     -1.627509e+02
     -1.603279e+02
     -1.579409e+02
     -1.555895e+02
     -1.532730e+02
     -1.509911e+02
     -1.487431e+02
     -1.465286e+02
     -1.443471e+02
     -1.421981e+02
     -1.400810e+02
     -1.379955e+02
     -1.359410e+02
     -1.339171e+02
     -1.319233e+02
     -1.299592e+02
     -1.280244e+02
     -1.261184e+02
     -1.242407e+02
     -1.223910e+02
     -1.205688e+02
     -1.187738e+02
     -1.170055e+02
     -1.152635e+02
     -1.135475e+02
     -1.118570e+02
     -1.101916e+02
     -1.085511e+02
     -1.069350e+02
     -1.053429e+02
     -1.037746e+02
     -1.022296e+02
     -1.007076e+02
     -9.920822e+01
     -9.773120e+01
     -9.627617e+01
     -9.484281e+01
     -9.343078e+01
     -9.203978e+01
     -9.066948e+01
     -8.931959e+01
     -8.798980e+01
     -8.667980e+01
     -8.538930e+01
     -8.411802e+01
     -8.286567e+01
     -8.163196e+01
     -8.041662e+01
     -7.921937e+01
     -7.803995e+01
     -7.687809e+01
     -7.573352e+01
     -7.460599e+01
     -7.349526e+01
     -7.240105e+01
     -7.132314e+01
     -7.026128e+01
     -6.921523e+01
     -6.818474e+01
     -6.716961e+01
     -6.616958e+01
     -6.518444e+01
     -6.421397e+01
     -6.325795e+01
     -6.231616e+01
     -6.138840e+01
     -6.047444e+01
     -5.957410e+01
     -5.868715e+01
     -5.781342e+01
     -5.695269e+01
     -5.610477e+01
     -5.526948e+01
     -5.444662e+01
     -5.363602e+01
     -5.283748e+01
     -5.205084e+01
     -5.127590e+01
     -5.051250e+01
     -4.976047e+01
     -4.901963e+01
     -4.828982e+01
     -4.757088e+01
     -4.686264e+01
     -4.616495e+01
     -4.547764e+01
     -4.480057e+01
     -4.413358e+01
     -4.347651e+01
     -4.282923e+01
     -4.219159e+01
     -4.156344e+01
     -4.094464e+01
     -4.033505e+01
     -3.973454e+01
     -3.914297e+01
     -3.856021e+01
     -3.798612e+01
     -3.742058e+01
     -3.686346e+01
     -3.631464e+01
     -3.577398e+01
     -3.524138e+01
     -3.471670e+01
     -3.419984e+01
     -3.369067e+01
     -3.318908e+01
     -3.269496e+01
     -3.220819e+01
     -3.172868e+01
     -3.125630e+01
     -3.079095e+01
     -3.033253e+01
     -2.988094e+01
     -2.943607e+01
     -2.899783e+01
     -2.856610e+01
     -2.814081e+01
     -2.772185e+01
     -2.730912e+01
     -2.690254e+01
     -2.650202e+01
     -2.610745e+01
     -2.571876e+01
     -2.533586e+01
     -2.495866e+01
     -2.458707e+01
     -2.422102e+01
     -2.386042e+01
     -2.350518e+01
     -2.315523e+01
     -2.281050e+01
     -2.247089e+01
     -2.213635e+01
     -2.180678e+01
     -2.148212e+01
     -2.116229e+01
     -2.084723e+01
     -2.053685e+01
     -2.023110e+01
     -1.992989e+01
     -1.963318e+01
     -1.934088e+01
     -1.905293e+01
     -1.876927e+01
     -1.848983e+01
     -1.821455e+01
     -1.794337e+01
     -1.767623e+01
     -1.741307e+01
     -1.715382e+01
     -1.689843e+01
     -1.664685e+01
     -1.639901e+01
     -1.615486e+01
     -1.591434e+01
     -1.567741e+01
     -1.544400e+01
     -1.521407e+01
     -1.498756e+01
     -1.476443e+01
     -1.454462e+01
     -1.432807e+01
     -1.411476e+01
     -1.390462e+01
     -1.369760e+01
     -1.349367e+01
     -1.329278e+01
     -1.309487e+01
     -1.289992e+01
     -1.270786e+01
     -1.251867e+01
     -1.233229e+01
     -1.214868e+01
     -1.196781e+01
     -1.178964e+01
     -1.161411e+01
     -1.144120e+01
     -1.127086e+01
     -1.110306e+01
     -1.093776e+01
     -1.077492e+01
     -1.061450e+01
     -1.045647e+01
     -1.030079e+01
     -1.014743e+01
     -9.996358e+00
     -9.847532e+00
     -9.700921e+00
     -9.556493e+00
     -9.414216e+00
     -9.274056e+00
     -9.135984e+00
     -8.999967e+00
     -8.865974e+00
     -8.733977e+00
     -8.603945e+00
     -8.475849e+00
     -8.349660e+00
     -8.225350e+00
     -8.102891e+00
     -7.982254e+00
     -7.863414e+00
     -7.746343e+00
     -7.631015e+00
     -7.517404e+00
     -7.405484e+00
     -7.295231e+00
     -7.186619e+00
     -7.079624e+00
     -6.974223e+00
     -6.870390e+00
     -6.768103e+00
     -6.667339e+00
     -6.568075e+00
     -6.470290e+00
     -6.373959e+00
     -6.279064e+00
     -6.185580e+00
     -6.093489e+00
     -6.002769e+00
     -5.913399e+00
     -5.825360e+00
     -5.738632e+00
     -5.653195e+00
     -5.569030e+00
     -5.486118e+00
     -5.404440e+00
     -5.323978e+00
     -5.244715e+00
     -5.166631e+00
     -5.089710e+00
     -5.013934e+00
     -4.939286e+00
     -4.865750e+00
     -4.793308e+00
     -4.721945e+00
     -4.651645e+00
     -4.582391e+00
     -4.514168e+00
     -4.446961e+00
     -4.380754e+00
     -4.315533e+00
     -4.251283e+00
     -4.187990e+00
     -4.125639e+00
     -4.064216e+00
     -4.003708e+00
     -3.944100e+00
     -3.885380e+00
     -3.827534e+00
     -3.770550e+00
     -3.714414e+00
     -3.659113e+00
     -3.604636e+00
     -3.550970e+00
     -3.498103e+00
     -3.446023e+00
     -3.394719e+00
     -3.344178e+00
     -3.294389e+00
     -3.245342e+00
     -3.197026e+00
     -3.149428e+00
     -3.102539e+00
     -3.056348e+00
     -3.010845e+00
     -2.966020e+00
     -2.921861e+00
     -2.878360e+00
     -2.835507e+00
     -2.793292e+00
     -2.751705e+00
     -2.710738e+00
     -2.670380e+00
     -2.630623e+00
     -2.591459e+00
     -2.552877e+00
     -2.514869e+00
     -2.477428e+00
     -2.440544e+00
     -2.404209e+00
     -2.368415e+00
     -2.333154e+00
     -2.298418e+00
     -2.264199e+00
     -2.230489e+00
     -2.197281e+00
     -2.164568e+00
     -2.132342e+00
     -2.100595e+00
     -2.069322e+00
     -2.038513e+00
     -2.008164e+00
     -1.978266e+00
     -1.948814e+00
     -1.919800e+00
     -1.891218e+00
     -1.863061e+00
     -1.835324e+00
     -1.807999e+00
     -1.781082e+00
     -1.754565e+00
     -1.728443e+00
     -1.702710e+00
     -1.677360e+00
     -1.652387e+00
     -1.627786e+00
     -1.603551e+00
     -1.579678e+00
     -1.556159e+00
     -1.532991e+00
     -1.510168e+00
     -1.487684e+00
     -1.465536e+00
     -1.443717e+00
     -1.422223e+00
     -1.401048e+00
     -1.380190e+00
     -1.359641e+00
     -1.339399e+00
     -1.319458e+00
     -1.299814e+00
     -1.280462e+00
     -1.261398e+00
     -1.242619e+00
     -1.224118e+00
     -1.205894e+00
     -1.187940e+00
     -1.170254e+00
     -1.152831e+00
     -1.135668e+00
     -1.118760e+00
      1.135668e+00
      1.152831e+00
      1.170254e+00
      1.187940e+00
      1.205894e+00
      1.224118e+00
      1.242619e+00
      1.261398e+00
      1.280462e+00
      1.299814e+00
      1.319458e+00
      1.339399e+00
      1.359641e+00
      1.380190e+00
      1.401048e+00
      1.422223e+00
      1.443717e+00
      1.465536e+00
      1.487684e+00
      1.510168e+00
      1.532991e+00
      1.556159e+00
      1.579678e+00
      1.603551e+00
      1.627786e+00
      1.652387e+00
      1.677360e+00
      1.702710e+00
      1.728443e+00
      1.754565e+00
      1.781082e+00
      1.807999e+00
      1.835324e+00
      1.863061e+00
      1.891218e+00
      1.919800e+00
      1.948814e+00
      1.978266e+00
      2.008164e+00
      2.038513e+00
      2.069322e+00
      2.100595e+00
      2.132342e+00
      2.164568e+00
      2.197281e+00
      2.230489e+00
      2.264199e+00
      2.298418e+00
      2.333154e+00
      2.368415e+00
      2.404209e+00
      2.440544e+00
      2.477428e+00
      2.514869e+00
      2.552877e+00
      2.591459e+00
      2.630623e+00
      2.670380e+00
      2.710738e+00
      2.751705e+00
      2.793292e+00
      2.835507e+00
      2.878360e+00
      2.921861e+00
      2.966020e+00
      3.010845e+00
      3.056348e+00
      3.102539e+00
      3.149428e+00
      3.197026e+00
      3.245342e+00
      3.294389e+00
      3.344178e+00
      3.394719e+00
      3.446023e+00
      3.498103e+00
      3.550970e+00
      3.604636e+00
      3.659113e+00
      3.714414e+00
      3.770550e+00
      3.827534e+00
      3.885380e+00
      3.944100e+00
      4.003708e+00
      4.064216e+00
      4.125639e+00
      4.187990e+00
      4.251283e+00
      4.315533e+00
      4.380754e+00
      4.446961e+00
      4.514168e+00
      4.582391e+00
      4.651645e+00
      4.721945e+00
      4.793308e+00
      4.865750e+00
      4.939286e+00
      5.013934e+00
      5.089710e+00
      5.166631e+00
      5.244715e+00
      5.323978e+00
      5.404440e+00
      5.486118e+00
      5.569030e+00
      5.653195e+00
      5.738632e+00
      5.825360e+00
      5.913399e+00
      6.002769e+00
      6.093489e+00
      6.185580e+00
      6.279064e+00
      6.373959e+00
      6.470290e+00
      6.568075e+00
      6.667339e+00
      6.768103e+00
      6.870390e+00
      6.974223e+00
      7.079624e+00
      7.186619e+00
      7.295231e+00
      7.405484e+00
      7.517404e+00
      7.631015e+00
      7.746343e+00
      7.863414e+00
      7.982254e+00
      8.102891e+00
      8.225350e+00
      8.349660e+00
      8.475849e+00
      8.603945e+00
      8.733977e+00
      8.865974e+00
      8.999967e+00
      9.135984e+00
      9.274056e+00
      9.414216e+00
      9.556493e+00
      9.700921e+00
      9.847532e+00
      9.996358e+00
      1.014743e+01
      1.030079e+01
      1.045647e+01
      1.061450e+01
      1.077492e+01
      1.093776e+01
      1.110306e+01
      1.127086e+01
      1.144120e+01
      1.161411e+01
      1.178964e+01
      1.196781e+01
      1.214868e+01
      1.233229e+01
      1.251867e+01
      1.270786e+01
      1.289992e+01
      1.309487e+01
      1.329278e+01
      1.349367e+01
      1.369760e+01
      1.390462e+01
      1.411476e+01
      1.432807e+01
      1.454462e+01
      1.476443e+01
      1.498756e+01
      1.521407e+01
      1.544400e+01
      1.567741e+01
      1.591434e+01
      1.615486e+01
      1.639901e+01
      1.664685e+01
      1.689843e+01
      1.715382e+01
      1.741307e+01
      1.767623e+01
      1.794337e+01
      1.821455e+01
      1.848983e+01
      1.876927e+01
      1.905293e+01
      1.934088e+01
      1.963318e+01
      1.992989e+01
      2.023110e+01
      2.053685e+01
      2.084723e+01
      2.116229e+01
      2.148212e+01
      2.180678e+01
      2.213635e+01
      2.247089e+01
      2.281050e+01
      2.315523e+01
      2.350518e+01
      2.386042e+01
      2.422102e+01
      2.458707e+01
      2.495866e+01
      2.533586e+01
      2.571876e+01
      2.610745e+01
      2.650202e+01
      2.690254e+01
      2.730912e+01
      2.772185e+01
      2.814081e+01
      2.856610e+01
      2.899783e+01
      2.943607e+01
      2.988094e+01
      3.033253e+01
      3.079095e+01
      3.125630e+01
      3.172868e+01
      3.220819e+01
      3.269496e+01
      3.318908e+01
      3.369067e+01
      3.419984e+01
      3.471670e+01
      3.524138e+01
      3.577398e+01
      3.631464e+01
      3.686346e+01
      3.742058e+01
      3.798612e+01
      3.856021e+01
      3.914297e+01
      3.973454e+01
      4.033505e+01
      4.094464e+01
      4.156344e+01
      4.219159e+01
      4.282923e+01
      4.347651e+01
      4.413358e+01
      4.480057e+01
      4.547764e+01
      4.616495e+01
      4.686264e+01
      4.757088e+01
      4.828982e+01
      4.901963e+01
      4.976047e+01
      5.051250e+01
      5.127590e+01
      5.205084e+01
      5.283748e+01
      5.363602e+01
      5.444662e+01
      5.526948e+01
      5.610477e+01
      5.695269e+01
      5.781342e+01
      5.868715e+01
      5.957410e+01
      6.047444e+01
      6.138840e+01
      6.231616e+01
      6.325795e+01
      6.421397e+01
      6.518444e+01
      6.616958e+01
      6.716961e+01
      6.818474e+01
      6.921523e+01
      7.026128e+01
      7.132314e+01
      7.240105e+01
      7.349526e+01
      7.460599e+01
      7.573352e+01
      7.687809e+01
      7.803995e+01
      7.921937e+01
      8.041662e+01
      8.163196e+01
      8.286567e+01
      8.411802e+01
      8.538930e+01
      8.667980e+01
      8.798980e+01
      8.931959e+01
      9.066948e+01
      9.203978e+01
      9.343078e+01
      9.484281e+01
      9.627617e+01
      9.773120e+01
      9.920822e+01
      1.007076e+02
      1.022296e+02
      1.037746e+02
      1.053429e+02
      1.069350e+02
      1.085511e+02
      1.101916e+02
      1.118570e+02
      1.135475e+02
      1.152635e+02
      1.170055e+02
      1.187738e+02
      1.205688e+02
      1.223910e+02
      1.242407e+02
      1.261184e+02
      1.280244e+02
      1.299592e+02
      1.319233e+02
      1.339171e+02
      1.359410e+02
      1.379955e+02
      1.400810e+02
      1.421981e+02
      1.443471e+02
      1.465286e+02
      1.487431e+02
      1.509911e+02
      1.532730e+02
      1.555895e+02
      1.579409e+02
      1.603279e+02
      1.627509e+02
      1.652106e+02
      1.677074e+02
      1.702420e+02
      1.728149e+02
      1.754266e+02
      1.780779e+02
      1.807692e+02
      1.835011e+02
      1.862744e+02
      1.890896e+02
      1.919473e+02
      1.948482e+02
      1.977930e+02
      2.007822e+02
      2.038167e+02
      2.068970e+02
      2.100238e+02
      2.131979e+02
      2.164200e+02
      2.196907e+02
      2.230109e+02
      2.263813e+02
      2.298026e+02
      2.332757e+02
      2.368012e+02
      2.403800e+02
      2.440128e+02
      2.477006e+02
      2.514441e+02
      2.552442e+02
      2.591018e+02
      2.630176e+02
      2.669926e+02
      2.710277e+02
      2.751237e+02
      2.792817e+02
      2.835025e+02
      2.877871e+02
      2.921364e+02
      2.965515e+02
      3.010333e+02
      3.055828e+02
      3.102011e+02
      3.148892e+02
      3.196481e+02
      3.244790e+02
      3.293828e+02
      3.343608e+02
      3.394139e+02
      3.445434e+02
      3.497504e+02
      3.550359e+02
      3.604013e+02
      3.658476e+02
      3.713759e+02
      3.769876e+02
      3.826837e+02
      3.884655e+02
      3.943340e+02
      4.002905e+02
      4.063361e+02
      4.124719e+02
      4.186991e+02
      4.250186e+02
      4.314316e+02
      4.379390e+02
      4.445418e+02
      4.512408e+02
      4.580370e+02
      4.649309e+02
      4.719235e+02
      4.790151e+02
      4.862063e+02
      4.934976e+02
      5.008891e+02
      5.083810e+02
      5.159734e+02
      5.236660e+02
      5.314587e+02
      5.393509e+02
      5.473421e+02
      5.554313e+02
      5.636177e+02
      5.719001e+02
      5.802770e+02
      5.887468e+02
      5.973076e+02
      6.059575e+02
      6.146940e+02
      6.235146e+02
      6.324165e+02
      6.413965e+02
      6.504515e+02
      6.595777e+02
      6.687714e+02
      6.780284e+02
      6.873442e+02
      6.967142e+02
      7.061335e+02
      7.155969e+02
      7.250988e+02
      7.346336e+02
      7.441952e+02
      7.537775e+02
      7.633738e+02
      7.729774e+02
      7.825814e+02
      7.921786e+02
      8.017615e+02
      8.113225e+02
      8.208538e+02
      8.303473e+02
      8.397949e+02
      8.491882e+02
      8.585186e+02
      8.677776e+02
      8.769564e+02
      8.860459e+02
      8.950374e+02
      9.039216e+02
      9.126894e+02
      9.213316e+02
      9.298390e+02
      9.382023e+02
      9.464121e+02
      9.544592e+02
      9.623343e+02
      9.700281e+02
      9.775314e+02
      9.848350e+02
      9.919297e+02
      9.988067e+02
      1.005457e+03
      1.011871e+03
      1.018042e+03
      1.023959e+03
      1.029615e+03
      1.035001e+03
      1.040110e+03
      1.044932e+03
      1.049461e+03
      1.053689e+03
      1.057608e+03
      1.061211e+03
      1.064491e+03
      1.067441e+03
      1.070055e+03
      1.072326e+03
      1.074248e+03
      1.075816e+03
      1.077023e+03
      1.077865e+03
      1.078335e+03
      1.078431e+03
      1.078146e+03
      1.077476e+03
      1.076419e+03
      1.074969e+03
      1.073123e+03
      1.070879e+03
      1.068233e+03
      1.065183e+03
      1.061726e+03
      1.057862e+03
      1.053588e+03
      1.048902e+03
      1.043805e+03
      1.038295e+03
      1.032371e+03
      1.026035e+03
      1.019286e+03
      1.012125e+03
      1.004553e+03
      9.965718e+02
      9.881822e+02
      9.793865e+02
      9.701871e+02
      9.605866e+02
      9.505880e+02
      9.401947e+02
      9.294102e+02
      9.182384e+02
      9.066837e+02
      8.947506e+02
      8.824440e+02
      8.697690e+02
      8.567312e+02
      8.433364e+02
      8.295904e+02
      8.154998e+02
      8.010709e+02
      7.863108e+02
      7.712264e+02
      7.558250e+02
      7.401143e+02
      7.241019e+02
      7.077957e+02
      6.912039e+02
      6.743348e+02
      6.571968e+02
      6.397985e+02
      6.221488e+02
      6.042563e+02
      5.861301e+02
      5.677792e+02
      5.492127e+02
      5.304399e+02
      5.114698e+02
      4.923118e+02
      4.729752e+02
      4.534691e+02
      4.338030e+02
      4.139859e+02
      3.940272e+02
      3.739359e+02
      3.537212e+02
      3.333920e+02
      3.129574e+02
      2.924261e+02
      2.718069e+02
      2.511085e+02
      2.303394e+02
      2.095078e+02
      1.886222e+02
      1.676906e+02
      1.467211e+02
      1.257213e+02
      1.046991e+02
      8.366184e+01
      6.261704e+01
      4.157187e+01
      2.053337e+01
     -4.915432e-01
     -2.149613e+01
     -4.247379e+01
     -6.341809e+01
     -8.432273e+01
     -1.051816e+02
     -1.259886e+02
     -1.467380e+02
     -1.674240e+02
     -1.880410e+02
     -2.085835e+02
     -2.290462e+02
     -2.494238e+02
     -2.697112e+02
     -2.899033e+02
     -3.099953e+02
     -3.299822e+02
     -3.498594e+02
     -3.696221e+02
     -3.892657e+02
     -4.087857e+02
     -4.281776e+02
     -4.474370e+02
     -4.665596e+02
     -4.855410e+02
     -5.043769e+02
     -5.230632e+02
     -5.415956e+02
     -5.599701e+02
     -5.781824e+02
     -5.962285e+02
     -6.141043e+02
     -6.318058e+02
     -6.493290e+02
     -6.666698e+02
     -6.838243e+02
     -7.007886e+02
     -7.175586e+02
     -7.341304e+02
     -7.505002e+02
     -7.666640e+02
     -7.826180e+02
     -7.983582e+02
     -8.138809e+02
     -8.291822e+02
     -8.442582e+02
     -8.591051e+02
     -8.737193e+02
     -8.880968e+02
     -9.022339e+02
     -9.161269e+02
     -9.297720e+02
     -9.431655e+02
     -9.563038e+02
     -9.691831e+02
     -9.817998e+02
     -9.941503e+02
     -1.006231e+03
     -1.018038e+03
     -1.029568e+03
     -1.040817e+03
     -1.051782e+03
     -1.062460e+03
     -1.072846e+03
     -1.082937e+03
     -1.092730e+03
     -1.102221e+03
     -1.111408e+03
     -1.120286e+03
     -1.128852e+03
     -1.137102e+03
     -1.145035e+03
     -1.152645e+03
     -1.159931e+03
     -1.166888e+03
     -1.173514e+03
     -1.179805e+03
     -1.185759e+03
     -1.191373e+03
     -1.196643e+03
     -1.201567e+03
     -1.206142e+03
     -1.210365e+03
     -1.214235e+03
     -1.217747e+03
     -1.220900e+03
     -1.223692e+03
     -1.226120e+03
     -1.228182e+03
     -1.229877e+03
     -1.231203e+03
     -1.232158e+03
     -1.232741e+03
     -1.232951e+03
     -1.232786e+03
     -1.232246e+03
     -1.231330e+03
     -1.230037e+03
     -1.228369e+03
     -1.226324e+03
     -1.223903e+03
     -1.221106e+03
     -1.217935e+03
     -1.214390e+03
     -1.210474e+03
     -1.206186e+03
     -1.201531e+03
     -1.196509e+03
     -1.191123e+03
     -1.185376e+03
     -1.179272e+03
     -1.172814e+03
     -1.166006e+03
     -1.158851e+03
     -1.151354e+03
     -1.143521e+03
     -1.135356e+03
     -1.126864e+03
     -1.118052e+03
     -1.108925e+03
     -1.099489e+03
     -1.089752e+03
     -1.079719e+03
     -1.069399e+03
     -1.058799e+03
     -1.047926e+03
     -1.036788e+03
     -1.025394e+03
     -1.013752e+03
     -1.001871e+03
     -9.897593e+02
     -9.774265e+02
     -9.648816e+02
     -9.521341e+02
     -9.391937e+02
     -9.260700e+02
     -9.127730e+02
     -8.993127e+02
     -8.856991e+02
     -8.719424e+02
     -8.580530e+02
     -8.440411e+02
     -8.299171e+02
     -8.156913e+02
     -8.013744e+02
     -7.869765e+02
     -7.725083e+02
     -7.579800e+02
     -7.434021e+02
     -7.287848e+02
     -7.141384e+02
     -6.994731e+02
     -6.847991e+02
     -6.701262e+02
     -6.554645e+02
     -6.408237e+02
     -6.262135e+02
     -6.116434e+02
     -5.971228e+02
     -5.826610e+02
     -5.682670e+02
     -5.539498e+02
     -5.397181e+02
     -5.255804e+02
     -5.115451e+02
     -4.976204e+02
     -4.838143e+02
     -4.701344e+02
     -4.565884e+02
     -4.431835e+02
     -4.299269e+02
     -4.168253e+02
     -4.038854e+02
     -3.911136e+02
     -3.785160e+02
     -3.660984e+02
     -3.538665e+02
     -3.418257e+02
     -3.299810e+02
     -3.183372e+02
     -3.068988e+02
     -2.956702e+02
     -2.846554e+02
     -2.738579e+02
     -2.632813e+02
     -2.529286e+02
     -2.428027e+02
     -2.329061e+02
     -2.232411e+02
     -2.138095e+02
     -2.046132e+02
     -1.956533e+02
     -1.869309e+02
     -1.784469e+02
     -1.702016e+02
     -1.621951e+02
     -1.544274e+02
     -1.468980e+02
     -1.396062e+02
     -1.325510e+02
     -1.257310e+02
     -1.191447e+02
     -1.127903e+02
     -1.066656e+02
     -1.007682e+02
     -9.509558e+01
     -8.964482e+01
     -8.441281e+01
     -7.939621e+01
     -7.459146e+01
     -6.999480e+01
     -6.560227e+01
     -6.140972e+01
     -5.741283e+01
     -5.360711e+01
     -4.998794e+01
     -4.655053e+01
     -4.329000e+01
     -4.020134e+01
     -3.727945e+01
     -3.451913e+01
     -3.191515e+01
     -2.946219e+01
     -2.715490e+01
     -2.498791e+01
     -2.295582e+01
     -2.105325e+01
     -1.927482e+01
     -1.761518e+01
     -1.606902e+01
     -1.463109e+01
     -1.329618e+01
     -1.205917e+01
     -1.091504e+01
     -9.858827e+00
     -8.885708e+00
     -7.990956e+00
     -7.169971e+00
     -6.418279e+00
     -5.731544e+00
     -5.105571e+00
     -4.536310e+00
     -4.019865e+00
     -3.552491e+00
     -3.130604e+00
     -2.750776e+00
     -2.409743e+00
     -2.104401e+00
     -1.831807e+00
     -1.589178e+00
     -1.373891e+00
     -1.183480e+00
     -1.015634e+00
     -8.681895e-01
     -7.391349e-01
     -6.265992e-01
     -5.288510e-01
     -4.442924e-01
     -3.714539e-01
     -3.089892e-01
     -2.556692e-01
     -2.103761e-01
     -1.720974e-01
     -1.399197e-01
     -1.130228e-01
     -9.067319e-02
     -7.221811e-02
     -5.707959e-02
     -4.474847e-02
     -3.477868e-02
     -2.678163e-02
     -2.042091e-02
     -1.540714e-02
     -1.149311e-02
     -8.469147e-03
     -6.158840e-03
     -4.414982e-03
     -3.115845e-03
     -2.161745e-03
     -1.471909e-03
     -9.816323e-04
     -6.397346e-04
     -4.062840e-04
     -2.505991e-04
     -1.495014e-04
     -8.581095e-05
     -4.706293e-05
     -2.443168e-05
     -1.184063e-05
     -5.239915e-06
     -2.031846e-06
     -6.249239e-07
     -9.727994e-08
      4.859678e-08
      5.719548e-08
      3.348441e-08
      1.320871e-08
      2.772563e-09
     -7.084865e-10
     -1.037658e-09
     -5.454404e-10
     -1.442275e-10
      1.795688e-11
      3.912398e-11
      1.928676e-11
      3.275823e-12
     -1.929669e-12
     -1.636507e-12
     -4.608639e-13
      8.343809e-14
      1.248983e-13
      4.070697e-14
     -5.321774e-15
     -9.596088e-15
     -2.845985e-15
      6.330067e-16
      7.330767e-16
      1.428194e-16
     -8.026697e-17
     -4.982825e-17
     -1.178985e-18
      8.098595e-18
      2.371647e-18
     -7.449074e-19
     -5.690723e-19
     -6.327779e-21
      9.083193e-20
      1.893261e-20
     -1.098015e-20
     -4.859461e-21
      9.534309e-22
      8.917621e-22
     -2.911042e-23
     -1.395333e-22
     -1.054317e-23
      1.993646e-23
      3.226955e-24
     -2.712614e-24
     -6.349825e-25
      3.632385e-25
      1.050478e-25
     -4.917646e-26
     -1.565372e-26
      6.849815e-27
      2.144576e-27
     -9.846973e-28
     -2.684721e-28
      1.443447e-28
      2.956150e-29
     -2.109368e-29
     -2.533630e-30
      2.988229e-30
      7.562175e-32
     -3.973151e-31
      3.191901e-32
      4.747537e-32
     -9.935407e-33
     -4.706608e-33
      1.916690e-33
      3.008594e-34
     -2.858803e-34
      1.078359e-35
      3.312410e-35
     -7.424392e-36
     -2.571017e-36
      1.408383e-36
      1.172372e-38
     -1.693603e-37
      3.680358e-38
      1.120605e-38
     -6.976978e-39
      4.446044e-40
      6.855451e-40
     -2.318442e-40
     -1.453470e-41
      3.012592e-41
     -7.015015e-42
     -1.281200e-42
      1.159899e-42
     -2.174246e-43
     -5.772123e-44
      4.216488e-44
     -7.691649e-45
     -1.919216e-45
      1.476568e-45
     -3.145071e-46
     -4.271299e-47
      4.834601e-47
     -1.347250e-47
      9.393247e-50
      1.344168e-48
     -5.334375e-49
      7.525040e-50
      2.338389e-50
     -1.708080e-50
      4.761513e-51
     -3.168526e-52
     -3.323092e-52
      1.748364e-52
     -4.450850e-53
      2.938780e-54
      2.942340e-54
     -1.623203e-54
      4.715833e-55
     -6.783019e-56
     -1.200943e-56
      1.205999e-56
     -4.732431e-57
      1.210417e-57
     -1.673912e-58
     -2.602534e-59
      2.824668e-59
     -1.209598e-59
      3.725490e-60
     -8.707400e-61
      1.305240e-61
      6.719856e-63
     -1.490319e-62
      7.465163e-63
     -2.789459e-63
      8.971610e-64
     -2.611802e-64
      7.052399e-65
     -1.791363e-65
      4.319412e-66
     -9.949461e-67
      2.199464e-67
     -4.682857e-68
      9.629202e-69
     -1.916597e-69
      3.699427e-70
     -6.935381e-71
      1.264451e-71
     -2.244441e-72
      3.882354e-73
     -6.549510e-74
      1.078303e-74
     -1.733541e-75
      2.722605e-76
     -4.178724e-77
      6.269262e-78
     -9.195158e-79
      1.318482e-79
     -1.847998e-80
      2.531076e-81
     -3.385754e-82
      4.419756e-83
     -5.623569e-84
      6.962035e-85
     -8.364806e-86
      9.716283e-87
     -1.084596e-87
      1.152033e-88
     -1.143777e-89
      1.022786e-90
     -7.456431e-92
      2.637539e-93
      4.747047e-94
     -1.522095e-94
      2.927966e-95
     -4.735209e-96
      6.975977e-97
     -9.667670e-98
      1.280937e-98
     -1.637904e-99
     2.033191e-100
    -2.460019e-101
     2.909439e-102
    -3.370618e-103
     3.831277e-104
    -4.278245e-105
     4.698108e-106
    -5.077889e-107
     5.405726e-108
    -5.671489e-109
     5.867291e-110
    -5.987866e-111
     6.030780e-112
    -5.996474e-113
     5.888132e-114
    -5.711408e-115
     5.474023e-116
    -5.185277e-117
     4.855516e-118
    -4.495578e-119
     4.116284e-120
    -3.727966e-121
     3.340087e-122
    -2.960950e-123
     2.597505e-124
    -2.255249e-125
     1.938221e-126
    -1.649066e-127
     1.389156e-128
    -1.158759e-129
     9.572197e-131
    -7.831651e-132
     6.346912e-133
    -5.095441e-134
     4.052773e-135
    -3.193846e-136
     2.494050e-137
    -1.930025e-138
     1.480209e-139
    -1.125177e-140
     8.477935e-142
    -6.332328e-143
     4.688920e-144
    -3.442305e-145
     2.505667e-146
    -1.808524e-147
     1.294436e-148
    -9.187988e-150
     6.468017e-151
    -4.516056e-152
     3.127599e-153
    -2.148581e-154
     1.464220e-155
    -9.899176e-157
     6.639781e-158
    -4.418693e-159
     2.917709e-160
    -1.911704e-161
     1.242944e-162
    -8.019668e-164
     5.135186e-165
    -3.263409e-166
     2.058367e-167
    -1.288634e-168
     8.007777e-170
    -4.939565e-171
     3.024675e-172
    -1.838656e-173
     1.109615e-174
    -6.648322e-176
     3.954915e-177
    -2.335958e-178
     1.369975e-179
    -7.978047e-181
     4.613531e-182
    -2.649351e-183
     1.510882e-184
    -8.557011e-186
     4.813155e-187
    -2.688865e-188
     1.491951e-189
    -8.222444e-191
     4.501145e-192
    -2.447569e-193
     1.322060e-194
    -7.093899e-196
     3.781383e-197
    -2.002449e-198
     1.053490e-199
    -5.506447e-201
     2.859545e-202
    -1.475434e-203
     7.564016e-205
    -3.853076e-206
     1.950282e-207
    -9.809208e-209
     4.902631e-210
    -2.434978e-211
     1.201830e-212
    -5.895011e-214
     2.873632e-215
    -1.392175e-216
     6.703227e-218
    -3.207836e-219
     1.525770e-220
    -7.213165e-222
     3.389476e-223
    -1.583142e-224
     7.350178e-226
    -3.392163e-227
     1.556204e-228
    -7.097038e-230
     3.217498e-231
    -1.450106e-232
     6.497272e-234
    -2.894153e-235
     1.281683e-236
    -5.643097e-238
     2.470252e-239
    -1.075130e-240
     4.652492e-242
    -2.001815e-243
     8.564155e-245
    -3.643143e-246
     1.541017e-247
    -6.481662e-249
     2.710952e-250
    -1.127513e-251
     4.663310e-253
    -1.917995e-254
     7.844939e-256
    -3.191011e-257
     1.290837e-258
    -5.193098e-260
     2.077789e-261
    -8.268064e-263
     3.272209e-264
    -1.288014e-265
     5.042541e-267
    -1.963519e-268
     7.604751e-270
    -2.929583e-271
     1.122548e-272
    -4.278475e-274
     1.622053e-275
    -6.117020e-277
     2.294670e-278
    -8.562742e-280
     3.178515e-281
    -1.173711e-282
     4.311513e-284
    -1.575566e-285
     5.727805e-287
    -2.071527e-288
     7.453329e-290
    -2.667923e-291
     9.500919e-293
    -3.366150e-294
     1.186541e-295
    -4.161208e-297
     1.451942e-298
    -5.040556e-300
     1.741054e-301
    -5.983520e-303
     2.046055e-304
    -6.961452e-306
     2.356729e-307
    -7.938753e-309
     2.660929e-310
    -8.874779e-312
     2.945304e-313
    -9.746504e-315
     2.909511e-316
    -3.685374e-318
     1.448106e-320
    -5.434722e-323
     -0.000000e+00
     -0.000000e+00
     -0.000000e+00
     -0.000000e+00
     -0.000000e+00
     -0.000000e+00
     -0.000000e+00
     -0.000000e+00
     -0.000000e+00
     -0.000000e+00
     -0.000000e+00
     -0.000000e+00
     -0.000000e+00
     -0.000000e+00
     -0.000000e+00
     -0.000000e+00
     -0.000000e+00
     -0.000000e+00
     -0.000000e+00
     -0.000000e+00
     -0.000000e+00
     -0.000000e+00
     -0.000000e+00
     -0.000000e+00
     -0.000000e+00
     -0.000000e+00
     -0.000000e+00
     -0.000000e+00
     -0.000000e+00
     -0.000000e+00
     -0.000000e+00
     -0.000000e+00
     -0.000000e+00
     -0.000000e+00
     -0.000000e+00
     -0.000000e+00
     -0.000000e+00
     -0.000000e+00
     -0.000000e+00
     -0.000000e+00
     -0.000000e+00
     -0.000000e+00
     -0.000000e+00
     -0.000000e+00
     -0.000000e+00
     -0.000000e+00
     -0.000000e+00
     -0.000000e+00
     -0.000000e+00
     -0.000000e+00
     -0.000000e+00
     -0.000000e+00
     -0.000000e+00
     -0.000000e+00
     -0.000000e+00
     -0.000000e+00
     -0.000000e+00
     -0.000000e+00
     -0.000000e+00
     -0.000000e+00
     -0.000000e+00
     -0.000000e+00
     -0.000000e+00
     -0.000000e+00
     -0.000000e+00
     -0.000000e+00
     -0.000000e+00
     -0.000000e+00
     -0.000000e+00
     -0.000000e+00
     -0.000000e+00
     -0.000000e+00
     -0.000000e+00
     -0.000000e+00
     -0.000000e+00
     -0.000000e+00
     -0.000000e+00
     -0.000000e+00
     -0.000000e+00
     -0.000000e+00
     -0.000000e+00
     -0.000000e+00
     -0.000000e+00
     -0.000000e+00
     -0.000000e+00
     -0.000000e+00
     -0.000000e+00
     -0.000000e+00
     -0.000000e+00
     -0.000000e+00
     -0.000000e+00
     -0.000000e+00
     -0.000000e+00
     -0.000000e+00
     -0.000000e+00
     -0.000000e+00
     -0.000000e+00
     -0.000000e+00
     -0.000000e+00
     -0.000000e+00
     -0.000000e+00
     -0.000000e+00
     -0.000000e+00
     -0.000000e+00
     -0.000000e+00
     -0.000000e+00
     -0.000000e+00
     -0.000000e+00
     -0.000000e+00
     -0.000000e+00
     -0.000000e+00
     -0.000000e+00
     -0.000000e+00
     -0.000000e+00
     -0.000000e+00
     -0.000000e+00
     -0.000000e+00
     -0.000000e+00
     -0.000000e+00
     -0.000000e+00
     -0.000000e+00
     -0.000000e+00
     -0.000000e+00
     -0.000000e+00
     -0.000000e+00
     -0.000000e+00
     -0.000000e+00
     -0.000000e+00
     -0.000000e+00
     -0.000000e+00
     -0.000000e+00
     -0.000000e+00
     -0.000000e+00
     -0.000000e+00
     -0.000000e+00
     -0.000000e+00
     -0.000000e+00
     -0.000000e+00
     -0.000000e+00
     -0.000000e+00
     -0.000000e+00
     -0.000000e+00
     -0.000000e+00
     -0.000000e+00
     -0.000000e+00
     -0.000000e+00
     -0.000000e+00
     -0.000000e+00
     -0.000000e+00
     -0.000000e+00
     -0.000000e+00
     -0.000000e+00
     -0.000000e+00
     -0.000000e+00
     -0.000000e+00
     -0.000000e+00
     -0.000000e+00
     -0.000000e+00
     -0.000000e+00
     -0.000000e+00
     -0.000000e+00
     -0.000000e+00
     -0.000000e+00
     -0.000000e+00
     -0.000000e+00
     -0.000000e+00
     -0.000000e+00
     -0.000000e+00
     -0.000000e+00
     -0.000000e+00
     -0.000000e+00
     -0.000000e+00
     -0.000000e+00
     -0.000000e+00
     -0.000000e+00
     -0.000000e+00
     -0.000000e+00
     -0.000000e+00
     -0.000000e+00
     -0.000000e+00
     -0.000000e+00
     -0.000000e+00
     -0.000000e+00
     -0.000000e+00
     -0.000000e+00
     -0.000000e+00
     -0.000000e+00
     -0.000000e+00
     -0.000000e+00
     -0.000000e+00
     -0.000000e+00
     -0.000000e+00
     -0.000000e+00
     -0.000000e+00
     -0.000000e+00
     -0.000000e+00
     -0.000000e+00
     -0.000000e+00
     -0.000000e+00
     -0.000000e+00
     -0.000000e+00
     -0.000000e+00
     -0.000000e+00
     -0.000000e+00
     -0.000000e+00
     -0.000000e+00
     -0.000000e+00
     -0.000000e+00
     -0.000000e+00
     -0.000000e+00
     -0.000000e+00
     -0.000000e+00
     -0.000000e+00
     -0.000000e+00
     -0.000000e+00
     -0.000000e+00
     -0.000000e+00
     -0.000000e+00
     -0.000000e+00
     -0.000000e+00
     -0.000000e+00
     -0.000000e+00
     -0.000000e+00
     -0.000000e+00
     -0.000000e+00
     -0.000000e+00
     -0.000000e+00
     -0.000000e+00
     -0.000000e+00
     -0.000000e+00
     -0.000000e+00
     -0.000000e+00
     -0.000000e+00
     -0.000000e+00
     -0.000000e+00
     -0.000000e+00
     -0.000000e+00
     -0.000000e+00
     -0.000000e+00
     -0.000000e+00
     -0.000000e+00
     -0.000000e+00
     -0.000000e+00
     -0.000000e+00
     -0.000000e+00
     -0.000000e+00
     -0.000000e+00
     -0.000000e+00
     -0.000000e+00
     -0.000000e+00
     -0.000000e+00
     -0.000000e+00
     -0.000000e+00
     -0.000000e+00
     -0.000000e+00
     -0.000000e+00
     -0.000000e+00
     -0.000000e+00
     -0.000000e+00
     -0.000000e+00
     -0.000000e+00
     -0.000000e+00
     -0.000000e+00
     -0.000000e+00
     -0.000000e+00
     -0.000000e+00
     -0.000000e+00
     -0.000000e+00
     -0.000000e+00
     -0.000000e+00
     -0.000000e+00
     -0.000000e+00
     -0.000000e+00
     -0.000000e+00
     -0.000000e+00
     -0.000000e+00
     -0.000000e+00
     -0.000000e+00
     -0.000000e+00
     -0.000000e+00
     -0.000000e+00
     -0.000000e+00
     -0.000000e+00
     -0.000000e+00
     -0.000000e+00
     -0.000000e+00
     -0.000000e+00
     -0.000000e+00
     -0.000000e+00
     -0.000000e+00
     -0.000000e+00
     -0.000000e+00
     -0.000000e+00
     -0.000000e+00
     -0.000000e+00
     -0.000000e+00
     -0.000000e+00
     -0.000000e+00
     -0.000000e+00
     -0.000000e+00
     -0.000000e+00
     -0.000000e+00
     -0.000000e+00
     -0.000000e+00
     -0.000000e+00
     -0.000000e+00
     -0.000000e+00
     -0.000000e+00
     -0.000000e+00
     -0.000000e+00
     -0.000000e+00
     -0.000000e+00
     -0.000000e+00
     -0.000000e+00
     -0.000000e+00
     -0.000000e+00
     -0.000000e+00
     -0.000000e+00
     -0.000000e+00
     -0.000000e+00
     -0.000000e+00
     -0.000000e+00
     -0.000000e+00
     -0.000000e+00
     -0.000000e+00
     -0.000000e+00
     -0.000000e+00
     -0.000000e+00
     -0.000000e+00
     -0.000000e+00
     -0.000000e+00
     -0.000000e+00
     -0.000000e+00
     -0.000000e+00
     -0.000000e+00
     -0.000000e+00
     -0.000000e+00
     -0.000000e+00
     -0.000000e+00
     -0.000000e+00
     -0.000000e+00
     -0.000000e+00
     -0.000000e+00
     -0.000000e+00
     -0.000000e+00
     -0.000000e+00
     -0.000000e+00
     -0.000000e+00
     -0.000000e+00
     -0.000000e+00
     -0.000000e+00
     -0.000000e+00
     -0.000000e+00
     -0.000000e+00
     -0.000000e+00
     -0.000000e+00
     -0.000000e+00
     -0.000000e+00
     -0.000000e+00
     -0.000000e+00
     -0.000000e+00
     -0.000000e+00
     -0.000000e+00
     -0.000000e+00
     -0.000000e+00
     -0.000000e+00
     -0.000000e+00
     -0.000000e+00
     -0.000000e+00
     -0.000000e+00
     -0.000000e+00
     -0.000000e+00
     -0.000000e+00
     -0.000000e+00
     -0.000000e+00
     -0.000000e+00
     -0.000000e+00
     -0.000000e+00
     -0.000000e+00
     -0.000000e+00
     -0.000000e+00
     -0.000000e+00
     -0.000000e+00
     -0.000000e+00
     -0.000000e+00
     -0.000000e+00
     -0.000000e+00
     -0.000000e+00
     -0.000000e+00
     -0.000000e+00
     -0.000000e+00
     -0.000000e+00
     -0.000000e+00
      0.000000e+00
      0.000000e+00
