      0.000000e+00
      0.000000e+00
     -7.418330e-15
     -7.565615e-15
     -6.366989e-16
     -2.066074e-14
     -7.125822e-14
     -9.499918e-14
     -9.554307e-14
     -1.329427e-13
     -1.583289e-13
     -9.958549e-14
     -3.404611e-14
     -5.162388e-14
     -1.016299e-13
     -9.487712e-14
     -3.220453e-14
      3.080188e-14
      8.215887e-14
      1.131701e-13
      3.610239e-14
     -1.737420e-13
     -3.413253e-13
     -3.070345e-13
     -1.697097e-13
     -1.279749e-13
     -1.505194e-13
     -8.310734e-14
      5.011992e-15
     -3.080089e-14
     -1.261600e-13
     -2.263181e-13
     -3.412111e-13
     -8.337989e-13
      7.060677e-12
     -1.024690e-10
      1.232688e-09
     -1.186672e-08
      8.128776e-08
     -2.214934e-07
     -3.045942e-06
      5.021402e-05
     -3.535617e-04
      9.339478e-04
      4.294694e-03
     -3.320743e-02
     -3.948120e-02
      6.129337e-01
      1.542380e+00
     -5.701275e+00
     -4.590061e+01
     -1.549839e+02
     -3.548863e+02
     -6.266901e+02
     -9.074738e+02
     -1.113479e+03
     -1.171955e+03
     -1.047636e+03
     -7.565550e+02
     -3.577850e+02
      7.703555e+01
      4.949975e+02
      8.710175e+02
      1.195764e+03
      1.458541e+03
      1.634937e+03
      1.684974e+03
      1.569686e+03
      1.281152e+03
      8.617273e+02
      3.945526e+02
     -2.638805e+01
     -3.281763e+02
     -4.823550e+02
     -5.112737e+02
     -4.692527e+02
     -4.081686e+02
     -3.542792e+02
     -3.107241e+02
     -2.730773e+02
     -2.390969e+02
     -2.089020e+02
     -1.825759e+02
     -1.596168e+02
     -1.394742e+02
     -1.217799e+02
     -1.062518e+02
     -9.262568e+01
     -8.066373e+01
     -7.016208e+01
     -6.094457e+01
     -5.285689e+01
     -4.576380e+01
     -3.954693e+01
     -3.410247e+01
     -2.933922e+01
     -2.517693e+01
     -2.154489e+01
     -1.838071e+01
     -1.562930e+01
     -1.324190e+01
      1.562931e+01
      1.838072e+01
      2.154490e+01
      2.517694e+01
      2.933923e+01
      3.410248e+01
      3.954694e+01
      4.576381e+01
      5.285693e+01
      6.094462e+01
      7.016202e+01
      8.066360e+01
      9.262631e+01
      1.062531e+02
      1.217770e+02
      1.394664e+02
      1.596299e+02
      1.826254e+02
      2.088732e+02
      2.388585e+02
      2.730995e+02
      3.121312e+02
      3.566767e+02
      4.079521e+02
      4.673290e+02
      5.342771e+02
      6.029339e+02
      6.599286e+02
      6.862410e+02
      6.629715e+02
      5.780596e+02
      4.308802e+02
      2.330707e+02
      5.178382e+00
     -2.295607e+02
     -4.509947e+02
     -6.443373e+02
     -7.989521e+02
     -9.060689e+02
     -9.576548e+02
     -9.475025e+02
     -8.746327e+02
     -7.473571e+02
     -5.846441e+02
     -4.125654e+02
     -2.571543e+02
     -1.371415e+02
     -5.944428e+01
     -1.903784e+01
     -3.490797e+00
      1.214663e-01
      1.943123e-01
     -7.459115e-03
     -1.854138e-02
      7.565648e-04
      1.365900e-03
     -2.083216e-04
     -4.377632e-05
      2.030366e-05
     -3.456576e-06
      2.890150e-07
      4.014955e-09
     -5.160829e-09
      9.126188e-10
     -1.072459e-10
      9.877914e-12
     -7.581023e-13
      5.005234e-14
     -2.899627e-15
      1.494092e-16
     -6.915970e-18
      2.897876e-19
     -1.105782e-20
      3.861211e-22
     -1.238664e-23
      3.662344e-25
     -1.000651e-26
      2.531879e-28
     -5.942338e-30
      1.295245e-31
     -2.623976e-33
      4.942042e-35
     -8.651224e-37
      1.406240e-38
     -2.118530e-40
      2.948453e-42
     -3.770392e-44
      4.389360e-46
     -4.574350e-48
      4.121630e-50
     -2.931360e-52
      1.068035e-54
      1.225544e-56
     -3.575819e-58
      5.576580e-60
     -6.902707e-62
      7.396182e-64
     -7.093230e-66
      0.000000e+00
      0.000000e+00
