      0.000000e+00
      0.000000e+00
     -4.418133e-16
      1.830544e-18
     -1.766966e-16
     -2.504733e-15
     -3.110256e-15
      3.030999e-15
      4.502418e-15
     -2.659148e-14
     -9.521958e-14
     -1.530844e-13
     -1.416697e-13
     -6.982837e-14
     -1.532509e-14
     -3.587497e-14
     -1.013430e-13
     -1.240477e-13
     -4.277851e-14
      1.178566e-13
      2.510667e-13
      2.459724e-13
      1.005849e-13
     -5.567756e-14
     -1.002659e-13
     -6.197407e-14
     -6.978291e-14
     -1.746095e-13
     -2.855719e-13
     -2.862918e-13
     -1.716483e-13
     -4.720038e-14
     -6.893933e-15
     -4.991556e-14
     -1.271390e-13
     -2.077260e-13
     -2.597050e-13
     -2.317850e-13
     -1.174008e-13
      1.482824e-14
      1.003104e-13
      1.242885e-13
      6.499178e-14
     -1.074955e-13
     -3.374861e-13
     -4.838589e-13
     -4.484387e-13
     -2.437856e-13
      4.643805e-14
      2.981434e-13
      3.845231e-13
      2.880763e-13
      1.511246e-13
      1.332035e-13
      2.349742e-13
      3.064768e-13
      2.136056e-13
     -1.501592e-14
     -2.112357e-13
     -2.517282e-13
     -1.733032e-13
     -7.247800e-14
      1.342825e-14
      7.800978e-14
      1.152674e-13
      1.527265e-13
      2.053261e-13
      2.026914e-13
      7.836293e-14
     -9.838304e-14
     -2.094981e-13
     -2.717805e-13
     -3.605806e-13
     -3.729943e-13
     -1.290148e-13
      2.709938e-13
      4.945178e-13
     -5.594675e-13
      8.355544e-12
     -6.231032e-11
      3.409707e-10
     -1.228314e-09
      1.296382e-09
      1.495163e-08
     -9.016473e-08
      9.691090e-08
      1.099697e-06
     -3.846019e-06
     -1.001087e-05
      6.037021e-05
      1.298964e-04
     -6.996153e-04
     -2.536244e-03
      3.671374e-03
      3.995028e-02
      8.499053e-02
     -1.375430e-01
     -1.581818e+00
     -6.414391e+00
     -1.837168e+01
     -4.259057e+01
     -8.473248e+01
     -1.495574e+02
     -2.394112e+02
     -3.531777e+02
     -4.860591e+02
     -6.301899e+02
     -7.757635e+02
     -9.122238e+02
     -1.029200e+03
     -1.117137e+03
     -1.167813e+03
     -1.174965e+03
     -1.135086e+03
     -1.048186e+03
     -9.181284e+02
     -7.522204e+02
     -5.600178e+02
     -3.516501e+02
     -1.362151e+02
      7.924715e+01
      2.899672e+02
      4.929794e+02
      6.863697e+02
      8.686393e+02
      1.038379e+03
      1.194169e+03
      1.334441e+03
      1.457132e+03
      1.559148e+03
      1.635959e+03
      1.681689e+03
      1.689928e+03
      1.655144e+03
      1.574263e+03
      1.447838e+03
      1.280412e+03
      1.080016e+03
      8.570730e+02
      6.231755e+02
      3.900776e+02
      1.689912e+02
     -2.997427e+01
     -1.984663e+02
     -3.307186e+02
     -4.243751e+02
     -4.809313e+02
     -5.054460e+02
     -5.054362e+02
     -4.892318e+02
     -4.643234e+02
     -4.362418e+02
     -4.082469e+02
     -3.817359e+02
     -3.569975e+02
     -3.338989e+02
     -3.122745e+02
     -2.920261e+02
     -2.730879e+02
     -2.553859e+02
     -2.388355e+02
     -2.233542e+02
     -2.088686e+02
     -1.953129e+02
     -1.826255e+02
     -1.707487e+02
     -1.596289e+02
     -1.492163e+02
     -1.394646e+02
     -1.303310e+02
     -1.217753e+02
     -1.137604e+02
     -1.062516e+02
     -9.921652e+01
     -9.262507e+01
     -8.644915e+01
     -8.066255e+01
     -7.524083e+01
     -7.016112e+01
     -6.540211e+01
     -6.094385e+01
     -5.676771e+01
     -5.285626e+01
     -4.919319e+01
     -4.576324e+01
     -4.255213e+01
     -3.954645e+01
     -3.673369e+01
     -3.410207e+01
     -3.164058e+01
     -2.933888e+01
     -2.718727e+01
     -2.517664e+01
     -2.329844e+01
     -2.154464e+01
     -1.990769e+01
     -1.838050e+01
     -1.695640e+01
     -1.562912e+01
     -1.439276e+01
     -1.324175e+01
      1.439276e+01
      1.562912e+01
      1.695640e+01
      1.838050e+01
      1.990769e+01
      2.154464e+01
      2.329844e+01
      2.517664e+01
      2.718727e+01
      2.933888e+01
      3.164058e+01
      3.410207e+01
      3.673369e+01
      3.954645e+01
      4.255213e+01
      4.576325e+01
      4.919319e+01
      5.285626e+01
      5.676771e+01
      6.094385e+01
      6.540211e+01
      7.016112e+01
      7.524083e+01
      8.066255e+01
      8.644915e+01
      9.262507e+01
      9.921652e+01
      1.062516e+02
      1.137604e+02
      1.217753e+02
      1.303310e+02
      1.394646e+02
      1.492163e+02
      1.596289e+02
      1.707488e+02
      1.826256e+02
      1.953129e+02
      2.088683e+02
      2.233539e+02
      2.388366e+02
      2.553884e+02
      2.730874e+02
      2.920179e+02
      3.122703e+02
      3.339405e+02
      3.571311e+02
      3.819552e+02
      4.085393e+02
      4.370083e+02
      4.674347e+02
      4.997365e+02
      5.335327e+02
      5.679955e+02
      6.017503e+02
      6.328715e+02
      6.589935e+02
      6.775153e+02
      6.858544e+02
      6.816936e+02
      6.631846e+02
      6.290943e+02
      5.789031e+02
      5.128641e+02
      4.320234e+02
      3.381836e+02
      2.337909e+02
      1.217410e+02
      5.125491e+00
     -1.130307e+02
     -2.299804e+02
     -3.433709e+02
     -4.512549e+02
     -5.520234e+02
     -6.443046e+02
     -7.268759e+02
     -7.986091e+02
     -8.584486e+02
     -9.054058e+02
     -9.385614e+02
     -9.570830e+02
     -9.602785e+02
     -9.477050e+02
     -9.193299e+02
     -8.757103e+02
     -8.181327e+02
     -7.486593e+02
     -6.700481e+02
     -5.855591e+02
     -4.986901e+02
     -4.128996e+02
     -3.313632e+02
     -2.567808e+02
     -1.912321e+02
     -1.360674e+02
     -9.183683e+01
     -5.827745e+01
     -3.438695e+01
     -1.859918e+01
     -9.044726e+00
     -3.844109e+00
     -1.362519e+00
     -3.658366e-01
     -5.405086e-02
      7.234875e-03
      6.168854e-03
      8.879147e-04
     -3.765855e-04
     -1.460608e-04
      1.786764e-05
      1.552721e-05
     -1.001389e-06
     -1.399973e-06
      1.527237e-07
      1.024793e-07
     -2.605361e-08
     -3.155853e-09
      2.574180e-09
     -4.420924e-10
     -3.852326e-11
      3.938995e-11
     -1.159135e-11
      2.252865e-12
     -3.257554e-13
      3.516112e-14
     -2.445884e-15
     -1.086452e-17
      3.718605e-17
     -7.518645e-18
      1.056934e-18
     -1.222265e-19
      1.230959e-20
     -1.109982e-21
      9.108769e-23
     -6.876411e-24
      4.812650e-25
     -3.141081e-26
      1.920725e-27
     -1.104562e-28
      5.992820e-30
     -3.075818e-31
      1.496896e-32
     -6.921670e-34
      3.046497e-35
     -1.278374e-36
      5.121620e-38
     -1.961604e-39
      7.190834e-41
     -2.525654e-42
      8.507795e-44
     -2.751020e-45
      8.545877e-47
     -2.552282e-48
      7.333407e-50
     -2.028427e-51
      5.404283e-53
     -1.387616e-54
      3.435266e-56
     -8.203518e-58
      1.890424e-59
     -4.205242e-61
      9.033006e-63
     -1.874145e-64
      3.756705e-66
     -7.276649e-68
      1.362216e-69
     -2.464925e-71
      4.311596e-73
     -7.290592e-75
      1.191708e-76
     -1.882896e-78
      2.875222e-80
     -4.242396e-82
      6.046629e-84
     -8.321416e-86
      1.105154e-87
     -1.415384e-89
      1.746361e-91
     -2.073236e-93
      2.364138e-95
     -2.583338e-97
      2.696011e-99
    -2.673940e-101
     2.501112e-103
    -2.177963e-105
     1.723145e-107
    -1.172182e-109
     5.729975e-112
     2.090808e-115
    -5.583051e-116
     9.975132e-118
    -1.311683e-119
     1.491163e-121
    -1.542744e-123
     1.486292e-125
    -1.349769e-127
     1.163849e-129
    -9.572045e-132
     7.531944e-134
      0.000000e+00
      0.000000e+00
