      0.000000e+00
      0.000000e+00
     -3.118733e-15
     -2.899030e-15
     -2.320121e-15
     -1.609222e-15
     -9.848070e-16
     -4.162240e-16
      3.203695e-16
      1.406383e-15
      2.720506e-15
      3.766748e-15
      3.895837e-15
      2.718948e-15
      4.467514e-16
     -2.106163e-15
     -3.908025e-15
     -4.274062e-15
     -3.260325e-15
     -1.653771e-15
     -5.967076e-16
     -1.085951e-15
     -3.573175e-15
     -7.744862e-15
     -1.249157e-14
     -1.616172e-14
     -1.723858e-14
     -1.532944e-14
     -1.188901e-14
     -9.902180e-15
     -1.228123e-14
     -1.980851e-14
     -3.017952e-14
     -3.919470e-14
     -4.351677e-14
     -4.293357e-14
     -4.019053e-14
     -3.837368e-14
     -3.802228e-14
     -3.659928e-14
     -3.099481e-14
     -2.094642e-14
     -1.017799e-14
     -3.882976e-15
     -4.458257e-15
     -9.191146e-15
     -1.215900e-14
     -9.075222e-15
     -1.290766e-15
      4.195029e-15
     -1.234702e-15
     -2.246438e-14
     -5.707685e-14
     -9.506310e-14
     -1.216854e-13
     -1.227796e-13
     -9.138234e-14
     -3.325718e-14
      3.249269e-14
      8.050696e-14
      9.218179e-14
      6.745337e-14
      2.686801e-14
      7.301951e-16
      1.095647e-14
      5.699155e-14
      1.150579e-13
      1.514249e-13
      1.414893e-13
      8.328458e-14
     -1.882832e-15
     -8.100724e-14
     -1.259149e-13
     -1.258897e-13
     -9.096158e-14
     -4.596459e-14
     -1.944490e-14
     -3.212170e-14
     -8.807821e-14
     -1.707520e-13
     -2.459592e-13
     -2.735392e-13
     -2.253232e-13
     -1.012944e-13
      6.651778e-14
      2.271864e-13
      3.345721e-13
      3.671048e-13
      3.321767e-13
      2.555168e-13
      1.661405e-13
      8.709887e-14
      3.312102e-14
      8.999174e-15
      5.171637e-15
     -4.228929e-15
     -5.204287e-14
     -1.569155e-13
     -3.033196e-13
     -4.406648e-13
     -5.080509e-13
     -4.711253e-13
     -3.453900e-13
     -1.876269e-13
     -5.969323e-14
      1.018051e-14
      4.071754e-14
      7.594935e-14
      1.450727e-13
      2.345632e-13
      2.946428e-13
      2.765798e-13
      1.736265e-13
      3.442174e-14
     -6.328266e-14
     -6.221723e-14
      3.533598e-14
      1.666360e-13
      2.474363e-13
      2.248363e-13
      1.083186e-13
     -4.126883e-14
     -1.552582e-13
     -2.013709e-13
     -1.981397e-13
     -1.923438e-13
     -2.189918e-13
     -2.738841e-13
     -3.172590e-13
     -3.042456e-13
     -2.205038e-13
     -9.954246e-14
     -1.048227e-14
     -2.278183e-14
     -1.677316e-13
     -4.184228e-13
     -6.993514e-13
     -9.198075e-13
     -1.012214e-12
     -9.557476e-13
     -7.764923e-13
     -5.294834e-13
     -2.757382e-13
     -6.525389e-14
      7.087578e-14
      1.224724e-13
      1.001500e-13
      3.257995e-14
     -4.262935e-14
     -9.540753e-14
     -1.198727e-13
     -1.382672e-13
     -1.844119e-13
     -2.743023e-13
     -3.849953e-13
     -4.606276e-13
     -4.449087e-13
     -3.179284e-13
     -1.107121e-13
      1.116451e-13
      2.832633e-13
      3.623437e-13
      3.347271e-13
      2.042391e-13
     -1.232823e-14
     -2.777761e-13
     -5.259443e-13
     -6.720628e-13
     -6.496147e-13
     -4.560800e-13
     -1.731378e-13
      6.392125e-14
      1.391011e-13
      2.681362e-14
     -1.909684e-13
     -3.810676e-13
     -4.538063e-13
     -4.258669e-13
     -3.990825e-13
     -4.670507e-13
     -6.230225e-13
     -7.477347e-13
     -6.940980e-13
     -4.046946e-13
      3.281984e-14
      4.384066e-13
      6.575727e-13
      6.498925e-13
      4.840559e-13
      2.593111e-13
      3.288922e-14
     -1.851167e-13
     -3.822988e-13
     -5.077757e-13
     -4.982140e-13
     -3.433910e-13
     -1.203071e-13
      4.861810e-14
      8.281027e-14
     -4.102436e-16
     -1.085403e-13
     -1.501394e-13
     -9.681059e-14
      1.232283e-14
      1.096702e-13
      1.391025e-13
      7.350054e-14
     -8.148827e-14
     -2.847588e-13
     -4.650465e-13
     -5.482130e-13
     -4.984127e-13
     -3.406060e-13
     -1.407974e-13
      4.074759e-14
      1.811731e-13
      2.859559e-13
      3.562460e-13
      3.724094e-13
      3.126191e-13
      1.854205e-13
      3.953478e-14
     -6.244132e-14
     -8.381434e-14
     -3.250360e-14
      5.455612e-14
      1.436174e-13
      2.240579e-13
      3.028517e-13
      3.847575e-13
      4.595234e-13
      5.067259e-13
      5.105600e-13
      4.691527e-13
      3.914513e-13
      2.885806e-13
      1.706822e-13
      5.124310e-14
     -4.978207e-14
     -1.120363e-13
     -1.262654e-13
     -9.882556e-14
     -4.266759e-14
      3.639424e-14
      1.419733e-13
      2.726082e-13
      4.043051e-13
      4.909581e-13
      4.887605e-13
      3.870351e-13
      2.184858e-13
      3.753871e-14
     -1.166230e-13
     -2.408551e-13
     -3.542175e-13
     -4.621605e-13
     -5.333813e-13
     -5.154432e-13
     -3.805597e-13
     -1.616134e-13
      5.907768e-14
      2.067394e-13
      2.716906e-13
      3.150301e-13
      4.111143e-13
      5.720634e-13
      7.202798e-13
      7.375565e-13
      5.544980e-13
      2.092558e-13
     -1.692885e-13
     -4.370664e-13
     -5.108978e-13
     -3.978245e-13
     -1.742006e-13
      5.724206e-14
      2.066565e-13
      2.260694e-13
      1.283854e-13
     -1.224641e-14
     -9.030957e-14
     -2.294004e-14
      2.017154e-13
      5.138395e-13
      7.955282e-13
      9.355868e-13
      8.752431e-13
      6.296019e-13
      2.849668e-13
     -2.667163e-14
     -1.771119e-13
     -1.047482e-13
      1.418409e-13
      4.167875e-13
      5.523926e-13
      4.547005e-13
      1.549827e-13
     -2.166275e-13
     -5.097197e-13
     -6.233876e-13
     -5.259024e-13
     -2.354898e-13
      1.953113e-13
      6.704029e-13
      1.043520e-12
      1.160677e-12
      9.558923e-13
      5.346002e-13
      1.550106e-13
      8.166644e-14
      3.971390e-13
      9.180564e-13
      1.301000e-12
      1.276907e-12
      8.407763e-13
      2.495260e-13
     -1.692314e-13
     -2.462942e-13
     -6.506672e-14
      1.342314e-13
      1.458464e-13
     -6.609154e-14
     -3.717831e-13
     -5.869636e-13
     -5.934482e-13
     -3.932266e-13
     -8.615375e-14
      1.919205e-13
      3.301639e-13
      2.819960e-13
      7.640262e-14
     -2.004437e-13
     -4.491491e-13
     -6.085286e-13
     -6.843771e-13
     -7.320096e-13
     -7.984322e-13
     -8.652262e-13
     -8.442841e-13
     -6.459204e-13
     -2.770031e-13
      1.155373e-13
      3.151947e-13
      1.900882e-13
     -1.844181e-13
     -5.469310e-13
     -6.206805e-13
     -3.117447e-13
      2.202919e-13
      6.756864e-13
      8.204222e-13
      6.255989e-13
      2.485905e-13
     -1.022762e-13
     -2.982815e-13
     -3.267441e-13
     -2.392132e-13
     -8.330124e-14
      1.204846e-13
      3.541641e-13
      5.728710e-13
      7.111254e-13
      7.258888e-13
      6.381678e-13
      5.286522e-13
      4.777140e-13
      4.920286e-13
      4.844488e-13
      3.393900e-13
      2.114294e-14
     -3.677799e-13
     -6.408184e-13
     -6.604266e-13
     -4.393215e-13
     -1.194850e-13
      1.541462e-13
      3.515060e-13
      5.601131e-13
      8.733297e-13
      1.271440e-12
      1.608043e-12
      1.714908e-12
      1.530447e-12
      1.140684e-12
      7.062208e-13
      3.489359e-13
      9.532174e-14
     -9.216168e-14
     -2.464082e-13
     -3.607959e-13
     -4.097068e-13
     -3.866790e-13
     -3.134264e-13
     -2.142856e-13
     -9.080168e-14
      7.247127e-14
      2.775858e-13
      4.917500e-13
      6.568054e-13
      7.189049e-13
      6.512322e-13
      4.567055e-13
      1.609280e-13
     -1.897130e-13
     -5.258363e-13
     -7.635195e-13
     -8.317748e-13
     -7.078674e-13
     -4.377364e-13
     -1.257540e-13
      1.045667e-13
      1.628083e-13
      3.402514e-14
     -2.111194e-13
     -4.505227e-13
     -5.777666e-13
     -5.639421e-13
     -4.694755e-13
     -3.916959e-13
     -3.851986e-13
     -4.202946e-13
     -4.174276e-13
     -3.291074e-13
     -1.944818e-13
     -1.124177e-13
     -1.527201e-13
     -2.843976e-13
     -3.876953e-13
     -3.433290e-13
     -1.259161e-13
      1.723619e-13
      4.024359e-13
      4.548256e-13
      3.257154e-13
      1.157960e-13
     -3.100971e-14
     -1.155812e-14
      1.760251e-13
      4.303572e-13
      6.079715e-13
      6.130533e-13
      4.582573e-13
      2.549736e-13
      1.390688e-13
      1.819787e-13
      3.445828e-13
      5.011098e-13
      5.170225e-13
      3.339537e-13
      9.188384e-15
     -3.193551e-13
     -5.248788e-13
     -5.771048e-13
     -5.531958e-13
     -5.593818e-13
     -6.253861e-13
     -6.653308e-13
     -5.473545e-13
     -2.188734e-13
      2.191116e-13
      5.566092e-13
      6.091271e-13
      3.421439e-13
     -1.033343e-13
     -4.972482e-13
     -6.559981e-13
     -5.399021e-13
     -2.589133e-13
      7.373070e-15
      1.209696e-13
      5.999093e-14
     -8.574129e-14
     -1.890479e-13
     -1.747795e-13
     -6.087336e-14
      7.351817e-14
      1.595506e-13
      1.879568e-13
      2.002583e-13
      2.417561e-13
      3.270199e-13
      4.459786e-13
      5.901620e-13
      7.585084e-13
      9.318420e-13
      1.049628e-12
      1.029840e-12
      8.313374e-13
      5.092618e-13
      2.075886e-13
      7.825900e-14
      1.762467e-13
      4.067126e-13
      5.725485e-13
      5.038969e-13
      1.874589e-13
     -2.013496e-13
     -4.040788e-13
     -2.633783e-13
      1.457702e-13
      5.460574e-13
      6.418053e-13
      3.273113e-13
     -2.351884e-13
     -7.239468e-13
     -8.666940e-13
     -5.975771e-13
     -6.595535e-14
      4.798206e-13
      8.331667e-13
      9.086518e-13
      7.425318e-13
      4.477204e-13
      1.587452e-13
     -1.836973e-14
     -4.373122e-14
      4.634888e-14
      1.684374e-13
      2.459694e-13
      2.493061e-13
      1.917550e-13
      9.233474e-14
     -5.074066e-14
     -2.441155e-13
     -4.583242e-13
     -6.138556e-13
     -6.243793e-13
     -4.656090e-13
     -2.019946e-13
      6.156194e-14
      2.588663e-13
      3.919376e-13
      4.816123e-13
      5.002741e-13
      3.756905e-13
      7.912030e-14
     -2.930270e-13
     -5.479984e-13
     -5.349265e-13
     -2.726334e-13
      5.634658e-14
      2.463859e-13
      2.194535e-13
      5.809999e-14
     -9.189534e-14
     -1.484191e-13
     -1.406899e-13
     -1.549427e-13
     -2.415568e-13
     -3.631853e-13
     -4.179199e-13
     -3.154385e-13
     -5.265010e-14
      2.648171e-13
      4.792161e-13
      4.861533e-13
      3.129588e-13
      1.000556e-13
     -1.127824e-14
      5.256561e-15
      4.613615e-14
     -1.689966e-14
     -2.058888e-13
     -4.029948e-13
     -4.475488e-13
     -2.733068e-13
      3.986112e-14
      3.384806e-13
      5.119688e-13
      5.425275e-13
      4.600255e-13
      2.747633e-13
     -2.630798e-14
     -4.178941e-13
     -7.906901e-13
     -9.933208e-13
     -9.395178e-13
     -6.806569e-13
     -3.672181e-13
     -1.272099e-13
      2.861491e-14
      1.880767e-13
      4.255046e-13
      7.040428e-13
      8.858344e-13
      8.431391e-13
      5.721125e-13
      2.107036e-13
     -5.271583e-14
     -1.033210e-13
      3.894754e-14
      2.571336e-13
      4.316409e-13
      5.147863e-13
      5.368833e-13
      5.529828e-13
      5.808916e-13
      5.804727e-13
      4.875399e-13
      2.718502e-13
     -2.917373e-14
     -3.268407e-13
     -5.296787e-13
     -5.817263e-13
     -4.679160e-13
     -2.046784e-13
      1.537506e-13
      4.977472e-13
      6.775195e-13
      5.799802e-13
      2.258541e-13
     -2.051908e-13
     -4.735427e-13
     -4.448482e-13
     -1.888832e-13
      7.644400e-14
      1.538124e-13
      9.251664e-15
     -2.226904e-13
     -3.617339e-13
     -3.215393e-13
     -1.584780e-13
     -1.076400e-14
      5.823224e-15
     -1.342303e-13
     -3.668305e-13
     -5.875376e-13
     -7.116963e-13
     -7.158546e-13
     -6.416366e-13
     -5.550891e-13
     -4.807668e-13
     -3.615351e-13
     -9.404366e-14
      3.666102e-13
      9.139439e-13
      1.306190e-12
      1.311206e-12
      8.842429e-13
      2.346343e-13
     -2.878768e-13
     -4.142384e-13
     -1.221962e-13
      3.741204e-13
      7.948630e-13
      9.882952e-13
      1.002556e-12
      9.947492e-13
      1.065432e-12
      1.159011e-12
      1.112127e-12
      8.121833e-13
      3.364778e-13
     -5.341863e-14
     -8.364955e-14
      3.082938e-13
      8.781686e-13
      1.211771e-12
      1.016817e-12
      3.483781e-13
     -4.219550e-13
     -8.786387e-13
     -8.561379e-13
     -5.177721e-13
     -1.764158e-13
     -3.578461e-14
     -7.560132e-14
     -1.458069e-13
     -1.433849e-13
     -1.003764e-13
     -1.274752e-13
     -2.954763e-13
     -5.684695e-13
     -8.300978e-13
     -9.622015e-13
     -9.128078e-13
     -7.175384e-13
     -4.720074e-13
     -2.747615e-13
     -1.750339e-13
     -1.603034e-13
     -1.909641e-13
     -2.466681e-13
     -3.349626e-13
     -4.517386e-13
     -5.392997e-13
     -4.988148e-13
     -2.619042e-13
      1.373320e-13
      5.580573e-13
      8.299825e-13
      8.585465e-13
      6.811842e-13
      4.332751e-13
      2.468809e-13
      1.549354e-13
      7.466219e-14
     -1.104023e-13
     -4.292619e-13
     -7.650478e-13
     -9.208570e-13
     -7.689298e-13
     -3.632923e-13
      8.263088e-14
      3.410812e-13
      3.215864e-13
      1.094254e-13
     -1.303984e-13
     -2.935380e-13
     -4.016663e-13
     -5.453416e-13
     -7.636978e-13
     -9.726879e-13
     -1.011546e-12
     -7.766182e-13
     -3.335316e-13
      9.295453e-14
      2.571074e-13
      5.098154e-14
     -4.533247e-13
     -1.088456e-12
     -1.592361e-12
     -1.320448e-12
      8.299345e-13
      4.624231e-12
      3.876811e-12
     -1.553356e-11
     -5.860655e-11
     -7.047721e-11
      1.138405e-10
      6.748254e-10
      1.342134e-09
      5.368264e-10
     -5.063438e-09
     -1.825787e-08
     -3.298875e-08
     -1.839438e-08
      9.783079e-08
      4.213810e-07
      1.004210e-06
      1.588672e-06
      1.060391e-06
     -3.533076e-06
     -1.854197e-05
     -5.597860e-05
     -1.365819e-04
     -2.937451e-04
     -5.783410e-04
     -1.064462e-03
     -1.856081e-03
     -3.094623e-03
     -4.967464e-03
     -7.717322e-03
     -1.165258e-02
     -1.715855e-02
     -2.470966e-02
     -3.488271e-02
     -4.837119e-02
     -6.600072e-02
     -8.874568e-02
     -1.177470e-01
     -1.543314e-01
     -2.000312e-01
     -2.566057e-01
     -3.260632e-01
     -4.106831e-01
     -5.130395e-01
     -6.360232e-01
     -7.828644e-01
     -9.571542e-01
     -1.162865e+00
     -1.404369e+00
     -1.686457e+00
     -2.014350e+00
     -2.393716e+00
     -2.830676e+00
     -3.331812e+00
     -3.904174e+00
     -4.555277e+00
     -5.293101e+00
     -6.126083e+00
     -7.063109e+00
     -8.113504e+00
     -9.287010e+00
     -1.059377e+01
     -1.204431e+01
     -1.364949e+01
     -1.542052e+01
     -1.736887e+01
     -1.950628e+01
     -2.184469e+01
     -2.439622e+01
     -2.717312e+01
     -3.018772e+01
     -3.345237e+01
     -3.697941e+01
     -4.078113e+01
     -4.486967e+01
     -4.925701e+01
     -5.395489e+01
     -5.897478e+01
     -6.432779e+01
     -7.002466e+01
     -7.607566e+01
     -8.249058e+01
     -8.927864e+01
     -9.644849e+01
     -1.040081e+02
     -1.119648e+02
     -1.203250e+02
     -1.290947e+02
     -1.382786e+02
     -1.478811e+02
     -1.579052e+02
     -1.683533e+02
     -1.792269e+02
     -1.905262e+02
     -2.022509e+02
     -2.143994e+02
     -2.269692e+02
     -2.399567e+02
     -2.533576e+02
     -2.671662e+02
     -2.813761e+02
     -2.959797e+02
     -3.109687e+02
     -3.263335e+02
     -3.420638e+02
     -3.581484e+02
     -3.745750e+02
     -3.913305e+02
     -4.084010e+02
     -4.257717e+02
     -4.434272e+02
     -4.613511e+02
     -4.795263e+02
     -4.979352e+02
     -5.165593e+02
     -5.353796e+02
     -5.543766e+02
     -5.735299e+02
     -5.928189e+02
     -6.122224e+02
     -6.317186e+02
     -6.512856e+02
     -6.709008e+02
     -6.905412e+02
     -7.101838e+02
     -7.298048e+02
     -7.493805e+02
     -7.688868e+02
     -7.882992e+02
     -8.075933e+02
     -8.267441e+02
     -8.457268e+02
     -8.645162e+02
     -8.830870e+02
     -9.014137e+02
     -9.194708e+02
     -9.372326e+02
     -9.546735e+02
     -9.717675e+02
     -9.884887e+02
     -1.004811e+03
     -1.020709e+03
     -1.036156e+03
     -1.051127e+03
     -1.065595e+03
     -1.079534e+03
     -1.092918e+03
     -1.105722e+03
     -1.117919e+03
     -1.129485e+03
     -1.140392e+03
     -1.150616e+03
     -1.160132e+03
     -1.168914e+03
     -1.176937e+03
     -1.184177e+03
     -1.190609e+03
     -1.196209e+03
     -1.200953e+03
     -1.204818e+03
     -1.207780e+03
     -1.209818e+03
     -1.210908e+03
     -1.211029e+03
     -1.210160e+03
     -1.208280e+03
     -1.205369e+03
     -1.201408e+03
     -1.196377e+03
     -1.190260e+03
     -1.183038e+03
     -1.174695e+03
     -1.165214e+03
     -1.154582e+03
     -1.142783e+03
     -1.129805e+03
     -1.115634e+03
     -1.100260e+03
     -1.083670e+03
     -1.065857e+03
     -1.046810e+03
     -1.026523e+03
     -1.004986e+03
     -9.821962e+02
     -9.581465e+02
     -9.328334e+02
     -9.062536e+02
     -8.784049e+02
     -8.492860e+02
     -8.188965e+02
     -7.872372e+02
     -7.543096e+02
     -7.201162e+02
     -6.846606e+02
     -6.479474e+02
     -6.099819e+02
     -5.707709e+02
     -5.303219e+02
     -4.886436e+02
     -4.457458e+02
     -4.016397e+02
     -3.563375e+02
     -3.098531e+02
     -2.622015e+02
     -2.133996e+02
     -1.634660e+02
     -1.124212e+02
     -6.028764e+01
     -7.090376e+00
      4.714310e+01
      1.023824e+02
      1.585939e+02
      2.157406e+02
      2.737812e+02
      3.326703e+02
      3.923577e+02
      4.527874e+02
      5.138978e+02
      5.756205e+02
      6.378801e+02
      7.005927e+02
      7.636663e+02
      8.269988e+02
      8.904782e+02
      9.539810e+02
      1.017372e+03
      1.080502e+03
      1.143211e+03
      1.205320e+03
      1.266640e+03
      1.326962e+03
      1.386064e+03
      1.443707e+03
      1.499635e+03
      1.553577e+03
      1.605249e+03
      1.654352e+03
      1.700577e+03
      1.743605e+03
      1.783114e+03
      1.818779e+03
      1.850281e+03
      1.877308e+03
      1.899567e+03
      1.916787e+03
      1.928729e+03
      1.935196e+03
      1.936037e+03
      1.931157e+03
      1.920529e+03
      1.904193e+03
      1.882269e+03
      1.854955e+03
      1.822529e+03
      1.785347e+03
      1.743843e+03
      1.698513e+03
      1.649913e+03
      1.598641e+03
      1.545326e+03
      1.490611e+03
      1.435137e+03
      1.379526e+03
      1.324373e+03
      1.270226e+03
      1.217581e+03
      1.166870e+03
      1.118465e+03
      1.072665e+03
      1.029705e+03
      9.897581e+02
      9.529339e+02
      9.192906e+02
      8.888386e+02
      8.615475e+02
      8.373533e+02
      8.161643e+02
      7.978681e+02
      7.823360e+02
      7.694287e+02
      7.589999e+02
      7.508999e+02
      7.449783e+02
      7.410866e+02
      7.390794e+02
      7.388160e+02
      7.401613e+02
      7.429864e+02
      7.471686e+02
      7.525921e+02
      7.591476e+02
      7.667322e+02
      7.752495e+02
      7.846087e+02
      7.947249e+02
      8.055184e+02
      8.169145e+02
      8.288430e+02
      8.412378e+02
      8.540369e+02
      8.671818e+02
      8.806170e+02
      8.942903e+02
      9.081519e+02
      9.221545e+02
      9.362530e+02
      9.504044e+02
      9.645672e+02
      9.787018e+02
      9.927701e+02
      1.006735e+03
      1.020561e+03
      1.034214e+03
      1.047661e+03
      1.060868e+03
      1.073804e+03
      1.086439e+03
      1.098743e+03
      1.110687e+03
      1.122242e+03
      1.133381e+03
      1.144077e+03
      1.154304e+03
      1.164037e+03
      1.173251e+03
      1.181922e+03
      1.190028e+03
      1.197547e+03
      1.204457e+03
      1.210737e+03
      1.216369e+03
      1.221333e+03
      1.225613e+03
      1.229190e+03
      1.232050e+03
      1.234178e+03
      1.235560e+03
      1.236184e+03
      1.236038e+03
      1.235112e+03
      1.233396e+03
      1.230883e+03
      1.227565e+03
      1.223437e+03
      1.218493e+03
      1.212731e+03
      1.206147e+03
      1.198741e+03
      1.190511e+03
      1.181460e+03
      1.171590e+03
      1.160902e+03
      1.149402e+03
      1.137094e+03
      1.123985e+03
      1.110082e+03
      1.095393e+03
      1.079927e+03
      1.063694e+03
      1.046704e+03
      1.028969e+03
      1.010501e+03
      9.913132e+02
      9.714195e+02
      9.508341e+02
      9.295718e+02
      9.076482e+02
      8.850794e+02
      8.618819e+02
      8.380727e+02
      8.136693e+02
      7.886895e+02
      7.631516e+02
      7.370740e+02
      7.104756e+02
      6.833756e+02
      6.557932e+02
      6.277481e+02
      5.992601e+02
      5.703491e+02
      5.410352e+02
      5.113386e+02
      4.812797e+02
      4.508790e+02
      4.201569e+02
      3.891340e+02
      3.578309e+02
      3.262683e+02
      2.944668e+02
      2.624471e+02
      2.302298e+02
      1.978355e+02
      1.652848e+02
      1.325980e+02
      9.979576e+01
      6.689821e+01
      3.392558e+01
      8.979246e-01
     -3.216486e+01
     -6.524305e+01
     -9.831711e+01
     -1.313677e+02
     -1.643758e+02
     -1.973225e+02
     -2.301893e+02
     -2.629579e+02
     -2.956104e+02
     -3.281293e+02
     -3.604974e+02
     -3.926978e+02
     -4.247142e+02
     -4.565305e+02
     -4.881313e+02
     -5.195015e+02
     -5.506265e+02
     -5.814923e+02
     -6.120852e+02
     -6.423922e+02
     -6.724006e+02
     -7.020982e+02
     -7.314734e+02
     -7.605149e+02
     -7.892119e+02
     -8.175540e+02
     -8.455309e+02
     -8.731330e+02
     -9.003504e+02
     -9.271738e+02
     -9.535935e+02
     -9.796002e+02
     -1.005184e+03
     -1.030335e+03
     -1.055042e+03
     -1.079296e+03
     -1.103082e+03
     -1.126390e+03
     -1.149205e+03
     -1.171511e+03
     -1.193291e+03
     -1.214527e+03
     -1.235197e+03
     -1.255278e+03
     -1.274742e+03
     -1.293562e+03
     -1.311703e+03
     -1.329129e+03
     -1.345799e+03
     -1.361669e+03
     -1.376688e+03
     -1.390801e+03
     -1.403948e+03
     -1.416064e+03
     -1.427078e+03
     -1.436911e+03
     -1.445483e+03
     -1.452703e+03
     -1.458480e+03
     -1.462714e+03
     -1.465302e+03
     -1.466139e+03
     -1.465115e+03
     -1.462122e+03
     -1.457052e+03
     -1.449798e+03
     -1.440260e+03
     -1.428344e+03
     -1.413970e+03
     -1.397068e+03
     -1.377588e+03
     -1.355499e+03
     -1.330795e+03
     -1.303498e+03
     -1.273659e+03
     -1.241361e+03
     -1.206724e+03
     -1.169900e+03
     -1.131078e+03
     -1.090478e+03
     -1.048351e+03
     -1.004974e+03
     -9.606445e+02
     -9.156734e+02
     -8.703797e+02
     -8.250818e+02
     -7.800904e+02
     -7.357010e+02
     -6.921879e+02
     -6.497982e+02
     -6.087482e+02
     -5.692198e+02
     -5.313598e+02
     -4.952793e+02
     -4.610550e+02
     -4.287313e+02
     -3.983234e+02
     -3.698205e+02
     -3.431897e+02
     -3.183797e+02
     -2.953249e+02
     -2.739485e+02
     -2.541661e+02
     -2.358881e+02
     -2.190226e+02
     -2.034769e+02
     -1.891597e+02
     -1.759818e+02
     -1.638574e+02
     -1.527049e+02
     -1.424468e+02
     -1.330106e+02
     -1.243284e+02
     -1.163372e+02
     -1.089788e+02
     -1.021995e+02
     -9.594981e+01
     -9.018444e+01
     -8.486194e+01
     -7.994442e+01
     -7.539729e+01
     -7.118903e+01
     -6.729093e+01
     -6.367683e+01
     -6.032295e+01
     -5.720762e+01
     -5.431115e+01
     -5.161560e+01
     -4.910466e+01
     -4.676346e+01
     -4.457848e+01
     -4.253737e+01
     -4.062891e+01
     -3.884282e+01
     -3.716975e+01
     -3.560114e+01
     -3.412919e+01
     -3.274673e+01
     -3.144722e+01
     -3.022466e+01
     -2.907356e+01
     -2.798887e+01
     -2.696595e+01
     -2.600054e+01
     -2.508873e+01
     -2.422691e+01
     -2.341176e+01
     -2.264020e+01
     -2.190941e+01
     -2.121678e+01
     -2.055988e+01
     -1.993650e+01
     -1.934454e+01
     -1.878210e+01
     -1.824740e+01
     -1.773878e+01
     -1.725471e+01
     -1.679377e+01
     -1.635462e+01
     -1.593604e+01
     -1.553687e+01
     -1.515604e+01
     -1.479254e+01
     -1.444545e+01
     -1.411389e+01
     -1.379705e+01
     -1.349415e+01
     -1.320450e+01
     -1.292740e+01
     -1.266225e+01
     -1.240845e+01
     -1.216545e+01
     -1.193272e+01
     -1.170979e+01
     -1.149619e+01
     -1.129150e+01
     -1.109531e+01
     -1.090724e+01
     -1.072693e+01
     -1.055403e+01
     -1.038824e+01
     -1.022925e+01
     -1.007678e+01
     -9.930563e+00
     -9.790339e+00
     -9.655875e+00
     -9.526944e+00
     -9.403332e+00
     -9.284840e+00
     -9.171275e+00
     -9.062458e+00
     -8.958219e+00
     -8.858396e+00
     -8.762836e+00
     -8.671396e+00
     -8.583938e+00
     -8.500333e+00
     -8.420459e+00
     -8.344199e+00
     -8.271444e+00
     -8.202090e+00
     -8.136039e+00
     -8.073197e+00
     -8.013476e+00
     -7.956793e+00
     -7.903070e+00
     -7.852231e+00
     -7.804206e+00
     -7.758929e+00
     -7.716337e+00
     -7.676370e+00
     -7.638973e+00
     -7.604092e+00
     -7.571679e+00
     -7.541685e+00
     -7.514068e+00
     -7.488785e+00
     -7.465798e+00
     -7.445070e+00
     -7.426568e+00
     -7.410258e+00
     -7.396110e+00
     -7.384098e+00
     -7.374193e+00
     -7.366373e+00
     -7.360613e+00
     -7.356893e+00
     -7.355193e+00
     -7.355493e+00
     -7.357776e+00
     -7.362026e+00
     -7.368227e+00
     -7.376365e+00
     -7.386426e+00
     -7.398396e+00
     -7.412263e+00
     -7.428013e+00
     -7.445635e+00
     -7.465116e+00
     -7.486443e+00
     -7.509603e+00
     -7.534583e+00
     -7.561367e+00
     -7.589940e+00
     -7.620285e+00
     -7.652384e+00
     -7.686214e+00
     -7.721754e+00
     -7.758978e+00
     -7.797856e+00
     -7.838356e+00
     -7.880441e+00
     -7.924071e+00
     -7.969199e+00
     -8.015772e+00
     -8.063733e+00
     -8.113015e+00
     -8.163545e+00
     -8.215239e+00
     -8.268005e+00
     -8.321740e+00
     -8.376327e+00
     -8.431639e+00
     -8.487532e+00
     -8.543848e+00
     -8.600410e+00
     -8.657025e+00
     -8.713477e+00
     -8.769530e+00
     -8.824924e+00
     -8.879374e+00
     -8.932567e+00
     -8.984162e+00
     -9.033789e+00
     -9.081044e+00
     -9.125490e+00
     -9.166655e+00
     -9.204032e+00
     -9.237078e+00
     -9.265212e+00
     -9.287818e+00
     -9.304244e+00
     -9.313807e+00
     -9.315791e+00
     -9.309458e+00
     -9.294048e+00
     -9.268786e+00
     -9.232897e+00
     -9.185610e+00
     -9.126175e+00
     -9.053874e+00
     -8.968042e+00
     -8.868082e+00
     -8.753485e+00
     -8.623854e+00
     -8.478923e+00
     -8.318579e+00
     -8.142883e+00
     -7.952087e+00
     -7.746649e+00
     -7.527244e+00
     -7.294769e+00
     -7.050336e+00
     -6.795268e+00
     -6.531078e+00
     -6.259444e+00
     -5.982173e+00
     -5.701166e+00
     -5.418372e+00
     -5.135741e+00
     -4.855176e+00
     -4.578491e+00
     -4.307371e+00
     -4.043333e+00
     -3.787704e+00
     -3.541603e+00
     -3.305929e+00
     -3.081364e+00
     -2.868376e+00
     -2.667234e+00
     -2.478027e+00
     -2.300683e+00
     -2.134994e+00
     -1.980640e+00
     -1.837208e+00
     -1.704221e+00
     -1.581152e+00
     -1.467443e+00
     -1.362522e+00
     -1.265812e+00
     -1.176745e+00
     -1.094766e+00
     -1.019341e+00
     -9.499612e-01
     -8.861462e-01
     -8.274439e-01
     -7.734326e-01
     -7.237203e-01
     -6.779445e-01
     -6.357709e-01
     -5.968922e-01
     -5.610265e-01
     -5.279158e-01
     -4.973244e-01
     -4.690373e-01
     -4.428582e-01
     -4.186086e-01
     -3.961258e-01
     -3.752617e-01
     -3.558816e-01
     -3.378630e-01
     -3.210944e-01
     -3.054741e-01
     -2.909099e-01
     -2.773174e-01
     -2.646199e-01
     -2.527476e-01
     -2.416366e-01
     -2.312286e-01
     -2.214705e-01
     -2.123137e-01
     -2.037136e-01
     -1.956295e-01
     -1.880241e-01
     -1.808632e-01
     -1.741155e-01
     -1.677520e-01
     -1.617464e-01
     -1.560741e-01
     -1.507128e-01
     -1.456418e-01
     -1.408421e-01
     -1.362959e-01
     -1.319872e-01
     -1.279007e-01
     -1.240227e-01
     -1.203402e-01
     -1.168413e-01
     -1.135150e-01
     -1.103509e-01
     -1.073396e-01
     -1.044721e-01
     -1.017403e-01
     -9.913631e-02
     -9.665311e-02
     -9.428400e-02
     -9.202275e-02
     -8.986355e-02
     -8.780095e-02
     -8.582990e-02
     -8.394563e-02
     -8.214370e-02
     -8.041994e-02
     -7.877045e-02
     -7.719158e-02
     -7.567988e-02
     -7.423213e-02
     -7.284530e-02
     -7.151654e-02
     -7.024318e-02
     -6.902270e-02
     -6.785272e-02
     -6.673101e-02
     -6.565546e-02
     -6.462410e-02
     -6.363505e-02
     -6.268655e-02
     -6.177692e-02
     -6.090461e-02
     -6.006812e-02
     -5.926606e-02
     -5.849708e-02
     -5.775995e-02
     -5.705348e-02
     -5.637654e-02
     -5.572808e-02
     -5.510710e-02
     -5.451263e-02
     -5.394379e-02
     -5.339972e-02
     -5.287963e-02
     -5.238274e-02
     -5.190834e-02
     -5.145574e-02
     -5.102429e-02
     -5.061339e-02
     -5.022246e-02
     -4.985094e-02
     -4.949833e-02
     -4.916412e-02
     -4.884786e-02
     -4.854910e-02
     -4.826744e-02
     -4.800247e-02
     -4.775385e-02
     -4.752120e-02
     -4.730421e-02
     -4.710257e-02
     -4.691599e-02
     -4.674418e-02
     -4.658690e-02
     -4.644390e-02
     -4.631496e-02
     -4.619985e-02
     -4.609839e-02
     -4.601038e-02
     -4.593565e-02
     -4.587404e-02
     -4.582539e-02
     -4.578956e-02
     -4.576642e-02
     -4.575584e-02
     -4.575770e-02
     -4.577191e-02
     -4.579835e-02
     -4.583692e-02
     -4.588755e-02
     -4.595013e-02
     -4.602460e-02
     -4.611086e-02
     -4.620884e-02
     -4.631847e-02
     -4.643966e-02
     -4.657233e-02
     -4.671641e-02
     -4.687180e-02
     -4.703842e-02
     -4.721618e-02
     -4.740495e-02
     -4.760463e-02
     -4.781509e-02
     -4.803617e-02
     -4.826774e-02
     -4.850959e-02
     -4.876154e-02
     -4.902335e-02
     -4.929476e-02
     -4.957550e-02
     -4.986523e-02
     -5.016358e-02
      4.986523e-02
      4.957550e-02
      4.929476e-02
      4.902335e-02
      4.876154e-02
      4.850959e-02
      4.826774e-02
      4.803617e-02
      4.781509e-02
      4.760463e-02
      4.740495e-02
      4.721618e-02
      4.703842e-02
      4.687180e-02
      4.671641e-02
      4.657233e-02
      4.643966e-02
      4.631847e-02
      4.620884e-02
      4.611086e-02
      4.602460e-02
      4.595013e-02
      4.588755e-02
      4.583692e-02
      4.579835e-02
      4.577191e-02
      4.575770e-02
      4.575584e-02
      4.576642e-02
      4.578956e-02
      4.582539e-02
      4.587404e-02
      4.593565e-02
      4.601038e-02
      4.609839e-02
      4.619985e-02
      4.631496e-02
      4.644390e-02
      4.658690e-02
      4.674418e-02
      4.691599e-02
      4.710257e-02
      4.730421e-02
      4.752120e-02
      4.775385e-02
      4.800247e-02
      4.826744e-02
      4.854910e-02
      4.884786e-02
      4.916412e-02
      4.949833e-02
      4.985094e-02
      5.022246e-02
      5.061339e-02
      5.102429e-02
      5.145574e-02
      5.190834e-02
      5.238274e-02
      5.287963e-02
      5.339972e-02
      5.394379e-02
      5.451263e-02
      5.510710e-02
      5.572808e-02
      5.637654e-02
      5.705348e-02
      5.775995e-02
      5.849708e-02
      5.926606e-02
      6.006812e-02
      6.090461e-02
      6.177692e-02
      6.268655e-02
      6.363505e-02
      6.462410e-02
      6.565546e-02
      6.673101e-02
      6.785272e-02
      6.902270e-02
      7.024318e-02
      7.151654e-02
      7.284530e-02
      7.423213e-02
      7.567988e-02
      7.719158e-02
      7.877045e-02
      8.041994e-02
      8.214370e-02
      8.394563e-02
      8.582990e-02
      8.780095e-02
      8.986355e-02
      9.202275e-02
      9.428400e-02
      9.665311e-02
      9.913631e-02
      1.017403e-01
      1.044721e-01
      1.073396e-01
      1.103509e-01
      1.135150e-01
      1.168413e-01
      1.203402e-01
      1.240227e-01
      1.279007e-01
      1.319872e-01
      1.362959e-01
      1.408421e-01
      1.456419e-01
      1.507128e-01
      1.560741e-01
      1.617464e-01
      1.677520e-01
      1.741155e-01
      1.808632e-01
      1.880241e-01
      1.956295e-01
      2.037136e-01
      2.123137e-01
      2.214705e-01
      2.312286e-01
      2.416366e-01
      2.527476e-01
      2.646199e-01
      2.773174e-01
      2.909099e-01
      3.054741e-01
      3.210944e-01
      3.378630e-01
      3.558816e-01
      3.752617e-01
      3.961258e-01
      4.186086e-01
      4.428582e-01
      4.690373e-01
      4.973244e-01
      5.279158e-01
      5.610265e-01
      5.968922e-01
      6.357709e-01
      6.779445e-01
      7.237203e-01
      7.734326e-01
      8.274439e-01
      8.861462e-01
      9.499612e-01
      1.019341e+00
      1.094766e+00
      1.176745e+00
      1.265812e+00
      1.362522e+00
      1.467443e+00
      1.581152e+00
      1.704221e+00
      1.837208e+00
      1.980639e+00
      2.134994e+00
      2.300683e+00
      2.478027e+00
      2.667234e+00
      2.868376e+00
      3.081364e+00
      3.305930e+00
      3.541603e+00
      3.787704e+00
      4.043333e+00
      4.307371e+00
      4.578492e+00
      4.855176e+00
      5.135741e+00
      5.418372e+00
      5.701166e+00
      5.982173e+00
      6.259443e+00
      6.531078e+00
      6.795268e+00
      7.050336e+00
      7.294768e+00
      7.527244e+00
      7.746649e+00
      7.952086e+00
      8.142883e+00
      8.318579e+00
      8.478923e+00
      8.623854e+00
      8.753485e+00
      8.868082e+00
      8.968042e+00
      9.053874e+00
      9.126175e+00
      9.185610e+00
      9.232897e+00
      9.268786e+00
      9.294048e+00
      9.309459e+00
      9.315792e+00
      9.313807e+00
      9.304244e+00
      9.287818e+00
      9.265212e+00
      9.237078e+00
      9.204032e+00
      9.166655e+00
      9.125490e+00
      9.081044e+00
      9.033789e+00
      8.984162e+00
      8.932567e+00
      8.879374e+00
      8.824924e+00
      8.769530e+00
      8.713477e+00
      8.657025e+00
      8.600410e+00
      8.543848e+00
      8.487532e+00
      8.431639e+00
      8.376327e+00
      8.321740e+00
      8.268005e+00
      8.215239e+00
      8.163545e+00
      8.113015e+00
      8.063733e+00
      8.015772e+00
      7.969199e+00
      7.924071e+00
      7.880441e+00
      7.838356e+00
      7.797856e+00
      7.758978e+00
      7.721754e+00
      7.686214e+00
      7.652384e+00
      7.620285e+00
      7.589940e+00
      7.561367e+00
      7.534583e+00
      7.509603e+00
      7.486443e+00
      7.465116e+00
      7.445635e+00
      7.428013e+00
      7.412263e+00
      7.398396e+00
      7.386426e+00
      7.376365e+00
      7.368227e+00
      7.362026e+00
      7.357776e+00
      7.355493e+00
      7.355193e+00
      7.356893e+00
      7.360613e+00
      7.366373e+00
      7.374193e+00
      7.384098e+00
      7.396110e+00
      7.410258e+00
      7.426568e+00
      7.445070e+00
      7.465798e+00
      7.488785e+00
      7.514068e+00
      7.541685e+00
      7.571679e+00
      7.604092e+00
      7.638973e+00
      7.676370e+00
      7.716337e+00
      7.758929e+00
      7.804206e+00
      7.852231e+00
      7.903070e+00
      7.956793e+00
      8.013476e+00
      8.073197e+00
      8.136039e+00
      8.202090e+00
      8.271444e+00
      8.344199e+00
      8.420459e+00
      8.500333e+00
      8.583938e+00
      8.671396e+00
      8.762836e+00
      8.858396e+00
      8.958219e+00
      9.062458e+00
      9.171275e+00
      9.284840e+00
      9.403332e+00
      9.526944e+00
      9.655875e+00
      9.790339e+00
      9.930563e+00
      1.007678e+01
      1.022925e+01
      1.038824e+01
      1.055403e+01
      1.072693e+01
      1.090724e+01
      1.109531e+01
      1.129150e+01
      1.149619e+01
      1.170979e+01
      1.193272e+01
      1.216545e+01
      1.240845e+01
      1.266225e+01
      1.292740e+01
      1.320450e+01
      1.349415e+01
      1.379705e+01
      1.411389e+01
      1.444545e+01
      1.479254e+01
      1.515604e+01
      1.553687e+01
      1.593604e+01
      1.635462e+01
      1.679377e+01
      1.725471e+01
      1.773878e+01
      1.824740e+01
      1.878210e+01
      1.934454e+01
      1.993650e+01
      2.055988e+01
      2.121678e+01
      2.190941e+01
      2.264020e+01
      2.341176e+01
      2.422691e+01
      2.508873e+01
      2.600054e+01
      2.696595e+01
      2.798887e+01
      2.907356e+01
      3.022466e+01
      3.144722e+01
      3.274673e+01
      3.412919e+01
      3.560114e+01
      3.716975e+01
      3.884282e+01
      4.062891e+01
      4.253737e+01
      4.457848e+01
      4.676346e+01
      4.910466e+01
      5.161560e+01
      5.431115e+01
      5.720762e+01
      6.032295e+01
      6.367683e+01
      6.729093e+01
      7.118903e+01
      7.539729e+01
      7.994442e+01
      8.486194e+01
      9.018444e+01
      9.594981e+01
      1.021995e+02
      1.089788e+02
      1.163372e+02
      1.243283e+02
      1.330105e+02
      1.424468e+02
      1.527049e+02
      1.638574e+02
      1.759818e+02
      1.891597e+02
      2.034769e+02
      2.190227e+02
      2.358884e+02
      2.541667e+02
      2.739496e+02
      2.953268e+02
      3.183829e+02
      3.431949e+02
      3.698287e+02
      3.983360e+02
      4.287500e+02
      4.610821e+02
      4.953180e+02
      5.314139e+02
      5.692943e+02
      6.088492e+02
      6.499334e+02
      6.923665e+02
      7.359342e+02
      7.803916e+02
      8.254670e+02
      8.708677e+02
      9.162862e+02
      9.614077e+02
      1.005918e+03
      1.049509e+03
      1.091888e+03
      1.132785e+03
      1.171954e+03
      1.209181e+03
      1.244285e+03
      1.277119e+03
      1.307573e+03
      1.335571e+03
      1.361070e+03
      1.384059e+03
      1.404553e+03
      1.422594e+03
      1.438242e+03
      1.451577e+03
      1.462694e+03
      1.471696e+03
      1.478698e+03
      1.483817e+03
      1.487175e+03
      1.488895e+03
      1.489099e+03
      1.487907e+03
      1.485436e+03
      1.481798e+03
      1.477101e+03
      1.471447e+03
      1.464934e+03
      1.457652e+03
      1.449686e+03
      1.441116e+03
      1.432015e+03
      1.422451e+03
      1.412486e+03
      1.402179e+03
      1.391580e+03
      1.380739e+03
      1.369697e+03
      1.358496e+03
      1.347170e+03
      1.335752e+03
      1.324270e+03
      1.312750e+03
      1.301215e+03
      1.289686e+03
      1.278180e+03
      1.266715e+03
      1.255303e+03
      1.243958e+03
      1.232689e+03
      1.221507e+03
      1.210419e+03
      1.199432e+03
      1.188551e+03
      1.177782e+03
      1.167128e+03
      1.156592e+03
      1.146177e+03
      1.135884e+03
      1.125715e+03
      1.115670e+03
      1.105750e+03
      1.095953e+03
      1.086281e+03
      1.076732e+03
      1.067305e+03
      1.057998e+03
      1.048811e+03
      1.039741e+03
      1.030787e+03
      1.021947e+03
      1.013218e+03
      1.004600e+03
      9.960883e+02
      9.876820e+02
      9.793785e+02
      9.711754e+02
      9.630703e+02
      9.550607e+02
      9.471443e+02
      9.393185e+02
      9.315808e+02
      9.239289e+02
      9.163603e+02
      9.088724e+02
      9.014630e+02
      8.941295e+02
      8.868695e+02
      8.796807e+02
      8.725607e+02
      8.655072e+02
      8.585178e+02
      8.515902e+02
      8.447221e+02
      8.379114e+02
      8.311558e+02
      8.244530e+02
      8.178010e+02
      8.111975e+02
      8.046404e+02
      7.981277e+02
      7.916573e+02
      7.852272e+02
      7.788353e+02
      7.724796e+02
      7.661583e+02
      7.598693e+02
      7.536107e+02
      7.473807e+02
      7.411774e+02
      7.349990e+02
      7.288436e+02
      7.227095e+02
      7.165948e+02
      7.104979e+02
      7.044169e+02
      6.983503e+02
      6.922962e+02
      6.862529e+02
      6.802189e+02
      6.741924e+02
      6.681718e+02
      6.621553e+02
      6.561414e+02
      6.501284e+02
      6.441146e+02
      6.380984e+02
      6.320779e+02
      6.260516e+02
      6.200177e+02
      6.139744e+02
      6.079199e+02
      6.018524e+02
      5.957699e+02
      5.896706e+02
      5.835524e+02
      5.774132e+02
      5.712508e+02
      5.650631e+02
      5.588476e+02
      5.526018e+02
      5.463231e+02
      5.400089e+02
      5.336562e+02
      5.272619e+02
      5.208229e+02
      5.143356e+02
      5.077964e+02
      5.012013e+02
      4.945463e+02
      4.878269e+02
      4.810383e+02
      4.741754e+02
      4.672329e+02
      4.602047e+02
      4.530847e+02
      4.458661e+02
      4.385416e+02
      4.311035e+02
      4.235434e+02
      4.158522e+02
      4.080203e+02
      4.000371e+02
      3.918912e+02
      3.835706e+02
      3.750621e+02
      3.663513e+02
      3.574230e+02
      3.482604e+02
      3.388457e+02
      3.291593e+02
      3.191802e+02
      3.088855e+02
      2.982506e+02
      2.872486e+02
      2.758506e+02
      2.640249e+02
      2.517374e+02
      2.389510e+02
      2.256256e+02
      2.117173e+02
      1.971790e+02
      1.819591e+02
      1.660020e+02
      1.492473e+02
      1.316296e+02
      1.130782e+02
      9.351672e+01
      7.286268e+01
      5.102733e+01
      2.791531e+01
      3.424492e+00
     -2.255416e+01
     -5.013657e+01
     -7.944539e+01
     -1.106096e+02
     -1.437641e+02
     -1.790482e+02
     -2.166053e+02
     -2.565800e+02
     -2.991169e+02
     -3.443569e+02
     -3.924345e+02
     -4.434730e+02
     -4.975801e+02
     -5.548424e+02
     -6.153190e+02
     -6.790355e+02
     -7.459767e+02
     -8.160799e+02
     -8.892289e+02
     -9.652480e+02
     -1.043897e+03
     -1.124871e+03
     -1.207794e+03
     -1.292229e+03
     -1.377675e+03
     -1.463579e+03
     -1.549342e+03
     -1.634336e+03
     -1.717916e+03
     -1.799434e+03
     -1.878257e+03
     -1.953780e+03
     -2.025445e+03
     -2.092748e+03
     -2.155253e+03
     -2.212599e+03
     -2.264500e+03
     -2.310756e+03
     -2.351242e+03
     -2.385911e+03
     -2.414788e+03
     -2.437961e+03
     -2.455575e+03
     -2.467823e+03
     -2.474939e+03
     -2.477187e+03
     -2.474856e+03
     -2.468250e+03
     -2.457683e+03
     -2.443474e+03
     -2.425939e+03
     -2.405389e+03
     -2.382125e+03
     -2.356441e+03
     -2.328612e+03
     -2.298901e+03
     -2.267555e+03
     -2.234804e+03
     -2.200862e+03
     -2.165926e+03
     -2.130178e+03
     -2.093783e+03
     -2.056892e+03
     -2.019642e+03
     -1.982155e+03
     -1.944544e+03
     -1.906907e+03
     -1.869332e+03
     -1.831898e+03
     -1.794674e+03
     -1.757720e+03
     -1.721090e+03
     -1.684829e+03
     -1.648978e+03
     -1.613569e+03
     -1.578632e+03
     -1.544191e+03
     -1.510266e+03
     -1.476873e+03
     -1.444024e+03
     -1.411729e+03
     -1.379996e+03
     -1.348829e+03
     -1.318232e+03
     -1.288204e+03
     -1.258745e+03
     -1.229853e+03
     -1.201525e+03
     -1.173757e+03
     -1.146542e+03
     -1.119876e+03
     -1.093751e+03
     -1.068160e+03
     -1.043096e+03
     -1.018550e+03
     -9.945144e+02
     -9.709801e+02
     -9.479385e+02
     -9.253807e+02
     -9.032977e+02
     -8.816805e+02
     -8.605201e+02
     -8.398073e+02
     -8.195333e+02
     -7.996890e+02
     -7.802658e+02
     -7.612548e+02
     -7.426473e+02
     -7.244350e+02
     -7.066094e+02
     -6.891623e+02
     -6.720856e+02
     -6.553714e+02
     -6.390118e+02
     -6.229993e+02
     -6.073265e+02
     -5.919859e+02
     -5.769704e+02
     -5.622730e+02
     -5.478870e+02
     -5.338056e+02
     -5.200223e+02
     -5.065308e+02
     -4.933248e+02
     -4.803983e+02
     -4.677453e+02
     -4.553601e+02
     -4.432370e+02
     -4.313707e+02
     -4.197556e+02
     -4.083867e+02
     -3.972589e+02
     -3.863671e+02
     -3.757067e+02
     -3.652728e+02
     -3.550610e+02
     -3.450669e+02
     -3.352860e+02
     -3.257142e+02
     -3.163474e+02
     -3.071816e+02
     -2.982131e+02
     -2.894379e+02
     -2.808525e+02
     -2.724533e+02
     -2.642368e+02
     -2.561998e+02
     -2.483390e+02
     -2.406512e+02
     -2.331334e+02
     -2.257826e+02
     -2.185959e+02
     -2.115705e+02
     -2.047037e+02
     -1.979929e+02
     -1.914354e+02
     -1.850289e+02
     -1.787709e+02
     -1.726591e+02
     -1.666911e+02
     -1.608648e+02
     -1.551781e+02
     -1.496287e+02
     -1.442148e+02
     -1.389343e+02
     -1.337852e+02
     -1.287657e+02
     -1.238740e+02
     -1.191082e+02
     -1.144666e+02
     -1.099473e+02
     -1.055489e+02
     -1.012694e+02
     -9.710741e+01
     -9.306117e+01
     -8.912912e+01
     -8.530966e+01
     -8.160123e+01
     -7.800226e+01
     -7.451120e+01
     -7.112652e+01
     -6.784666e+01
     -6.467010e+01
     -6.159529e+01
     -5.862070e+01
     -5.574479e+01
     -5.296601e+01
     -5.028279e+01
     -4.769358e+01
     -4.519681e+01
     -4.279087e+01
     -4.047418e+01
     -3.824511e+01
     -3.610205e+01
     -3.404335e+01
     -3.206734e+01
     -3.017236e+01
     -2.835672e+01
     -2.661870e+01
     -2.495659e+01
     -2.336864e+01
     -2.185312e+01
     -2.040824e+01
     -1.903223e+01
     -1.772331e+01
     -1.647966e+01
     -1.529947e+01
     -1.418093e+01
     -1.312221e+01
     -1.212146e+01
     -1.117686e+01
     -1.028657e+01
     -9.448740e+00
     -8.661540e+00
     -7.923134e+00
     -7.231694e+00
     -6.585402e+00
     -5.982448e+00
     -5.421033e+00
     -4.899375e+00
     -4.415707e+00
     -3.968280e+00
     -3.555367e+00
     -3.175264e+00
     -2.826288e+00
     -2.506788e+00
     -2.215137e+00
     -1.949740e+00
     -1.709035e+00
     -1.491492e+00
     -1.295618e+00
     -1.119956e+00
     -9.630897e-01
     -8.236409e-01
     -7.002753e-01
     -5.917017e-01
     -4.966747e-01
     -4.139964e-01
     -3.425180e-01
     -2.811420e-01
     -2.288242e-01
     -1.845755e-01
     -1.474642e-01
     -1.166180e-01
     -9.122524e-02
     -7.053674e-02
     -5.386666e-02
     -4.059303e-02
     -3.015752e-02
     -2.206459e-02
     -1.587978e-02
     -1.122720e-02
     -7.786313e-03
     -5.287931e-03
     -3.509747e-03
     -2.271401e-03
     -1.429341e-03
     -8.716390e-04
     -5.129497e-04
     -2.897480e-04
     -1.559860e-04
     -7.924483e-05
     -3.743407e-05
     -1.604695e-05
     -5.954008e-06
     -1.690403e-06
     -1.769006e-07
      1.946994e-07
      1.836222e-07
      9.870902e-08
      3.573529e-08
      5.943377e-09
     -2.919881e-09
     -3.134667e-09
     -1.480710e-09
     -3.298228e-10
      8.406958e-11
      1.137991e-10
      4.956663e-11
      5.968021e-12
     -6.167654e-12
     -4.328478e-12
     -1.018569e-12
      3.097854e-13
      3.309632e-13
      9.129830e-14
     -2.067020e-14
     -2.486193e-14
     -6.125588e-15
      2.069201e-15
      1.816344e-15
      2.673094e-16
     -2.240097e-16
     -1.155519e-16
      3.434404e-18
      2.029452e-17
      4.855205e-18
     -2.108931e-18
     -1.293686e-18
      5.069291e-20
      2.178628e-19
      3.478669e-20
     -2.793034e-20
     -1.017880e-20
      2.725957e-21
      1.955745e-21
     -1.575901e-22
     -3.140833e-22
     -1.001994e-23
      4.569785e-23
      5.277906e-24
     -6.300648e-24
     -1.143463e-24
      8.504339e-25
      1.950940e-25
     -1.152116e-25
     -2.921175e-26
      1.591216e-26
      3.951434e-27
     -2.247215e-27
     -4.791544e-28
      3.212615e-28
      4.936205e-29
     -4.556947e-29
     -3.511241e-30
      6.246484e-30
     -7.569642e-32
     -8.007473e-31
      9.307235e-32
      9.154847e-32
     -2.298793e-32
     -8.487626e-33
      4.060222e-33
      4.468187e-34
     -5.703323e-34
      4.026433e-35
      6.221234e-35
     -1.626007e-35
     -4.336621e-36
      2.801590e-36
     -7.022528e-38
     -3.137798e-37
      7.850491e-38
      1.814877e-38
     -1.339042e-38
      1.239115e-39
      1.205483e-39
     -4.567543e-40
     -1.176601e-41
      5.418920e-41
     -1.414998e-41
     -1.826680e-42
      2.095388e-42
     -4.444566e-43
     -8.682464e-44
      7.559141e-44
     -1.552770e-44
     -2.816495e-45
      2.599046e-45
     -6.106873e-46
     -5.369492e-47
      8.262703e-47
     -2.491910e-47
      8.958114e-49
      2.190661e-48
     -9.400681e-49
      1.505888e-49
      3.351754e-50
     -2.856951e-50
      8.489395e-51
     -7.562273e-52
     -5.057442e-52
      2.912024e-52
     -7.854152e-53
      6.911453e-54
      4.369916e-54
     -2.638780e-54
      8.032539e-55
     -1.275751e-55
     -1.445007e-56
      1.865824e-56
     -7.670800e-57
      2.039317e-57
     -3.103478e-58
     -2.894457e-59
      4.231246e-59
     -1.893370e-59
      5.983042e-60
     -1.440044e-60
      2.320304e-61
      2.119743e-63
     -2.105921e-62
      1.112440e-62
     -4.237711e-63
      1.376744e-63
     -4.032777e-64
      1.093452e-64
     -2.785641e-65
      6.731542e-66
     -1.553166e-66
      3.438072e-67
     -7.328045e-68
      1.508279e-68
     -3.004684e-69
      5.804489e-70
     -1.089095e-70
      1.987402e-71
     -3.531175e-72
      6.114913e-73
     -1.032911e-73
      1.703131e-74
     -2.742905e-75
      4.316905e-76
     -6.642238e-77
      9.994877e-78
     -1.471167e-78
      2.118482e-79
     -2.984527e-80
      4.113094e-81
     -5.543622e-82
      7.303962e-83
     -9.400849e-84
      1.180819e-84
     -1.445361e-85
      1.720418e-86
     -1.985242e-87
      2.210439e-88
     -2.357168e-89
      2.376935e-90
     -2.212174e-91
      1.797766e-92
     -1.063591e-93
     -6.189786e-96
      1.647189e-95
     -3.752537e-96
      6.424448e-97
     -9.690244e-98
      1.355320e-98
     -1.798872e-99
     2.294209e-100
    -2.832797e-101
     3.403210e-102
    -3.991502e-103
     4.581779e-104
    -5.156934e-105
     5.699497e-106
    -6.192535e-107
     6.620540e-108
    -6.970241e-109
     7.231276e-110
    -7.396682e-111
     7.463171e-112
    -7.431177e-113
     7.304691e-114
    -7.090892e-115
     6.799623e-116
    -6.442758e-117
     6.033503e-118
    -5.585689e-119
     5.113107e-120
    -4.628906e-121
     4.145110e-122
    -3.672247e-123
     3.219103e-124
    -2.792611e-125
     2.397840e-126
    -2.038086e-127
     1.715035e-128
    -1.428975e-129
     1.179038e-130
    -9.634534e-132
     7.797941e-133
    -6.252012e-134
     4.965844e-135
    -3.907877e-136
     3.047213e-137
    -2.354602e-138
     1.803108e-139
    -1.368521e-140
     1.029536e-141
    -7.677598e-143
     5.675915e-144
    -4.160110e-145
     3.023173e-146
    -2.178414e-147
     1.556563e-148
    -1.102985e-149
     7.751357e-151
    -5.402785e-152
     3.735219e-153
    -2.561526e-154
     1.742573e-155
    -1.176027e-156
     7.874115e-158
    -5.230801e-159
     3.447781e-160
    -2.254960e-161
     1.463483e-162
    -9.425577e-164
     6.024500e-165
    -3.821622e-166
     2.406071e-167
    -1.503569e-168
     9.326361e-170
    -5.742410e-171
     3.509849e-172
    -2.129676e-173
     1.282885e-174
    -7.672362e-176
     4.555702e-177
    -2.685863e-178
     1.572287e-179
    -9.139363e-181
     5.275368e-182
    -3.023839e-183
     1.721273e-184
    -9.730640e-186
     5.463231e-187
    -3.046417e-188
     1.687236e-189
    -9.281617e-191
     5.071631e-192
    -2.752721e-193
     1.484162e-194
    -7.949121e-196
     4.229502e-197
    -2.235658e-198
     1.174034e-199
    -6.125320e-201
     3.175135e-202
    -1.635287e-203
     8.368291e-205
    -4.255034e-206
     2.149834e-207
    -1.079332e-208
     5.384740e-210
    -2.669600e-211
     1.315259e-212
    -6.439779e-214
     3.133553e-215
    -1.515377e-216
     7.283379e-218
    -3.479242e-219
     1.651911e-220
    -7.795603e-222
     3.656658e-223
    -1.704908e-224
     7.901503e-226
    -3.640164e-227
     1.667034e-228
    -7.589105e-230
     3.434541e-231
    -1.545214e-232
     6.911304e-234
    -3.073210e-235
     1.358609e-236
    -5.971405e-238
     2.609438e-239
    -1.133744e-240
     4.897670e-242
    -2.103679e-243
     8.984489e-245
    -3.815400e-246
     1.611120e-247
    -6.764965e-249
     2.824627e-250
    -1.172797e-251
     4.842384e-253
    -1.988282e-254
     8.118714e-256
    -3.296817e-257
     1.331400e-258
    -5.347323e-260
     2.135924e-261
    -8.485242e-263
     3.352581e-264
    -1.317463e-265
     5.149309e-267
    -2.001788e-268
     7.740215e-270
    -2.976877e-271
     1.138803e-272
    -4.333347e-274
     1.640182e-275
    -6.175343e-277
     2.312797e-278
    -8.616446e-280
     3.193297e-281
    -1.177275e-282
     4.317675e-284
    -1.575296e-285
     5.717695e-287
    -2.064584e-288
     7.416568e-290
    -2.650566e-291
     9.424223e-293
    -3.333726e-294
     1.173269e-295
    -4.108225e-297
     1.431219e-298
    -4.960884e-300
     1.710876e-301
    -5.870710e-303
     2.004383e-304
    -6.809173e-306
     2.301639e-307
    -7.741316e-309
     2.590792e-310
    -8.627706e-312
     2.859303e-313
    -9.449845e-315
     2.868807e-316
    -3.668289e-318
     1.441684e-320
    -5.434722e-323
     -0.000000e+00
     -0.000000e+00
     -0.000000e+00
     -0.000000e+00
     -0.000000e+00
     -0.000000e+00
     -0.000000e+00
     -0.000000e+00
     -0.000000e+00
     -0.000000e+00
     -0.000000e+00
     -0.000000e+00
     -0.000000e+00
     -0.000000e+00
     -0.000000e+00
     -0.000000e+00
     -0.000000e+00
     -0.000000e+00
     -0.000000e+00
     -0.000000e+00
     -0.000000e+00
     -0.000000e+00
     -0.000000e+00
     -0.000000e+00
     -0.000000e+00
     -0.000000e+00
     -0.000000e+00
     -0.000000e+00
     -0.000000e+00
     -0.000000e+00
     -0.000000e+00
     -0.000000e+00
     -0.000000e+00
     -0.000000e+00
     -0.000000e+00
     -0.000000e+00
     -0.000000e+00
     -0.000000e+00
     -0.000000e+00
     -0.000000e+00
     -0.000000e+00
     -0.000000e+00
     -0.000000e+00
     -0.000000e+00
     -0.000000e+00
     -0.000000e+00
     -0.000000e+00
     -0.000000e+00
     -0.000000e+00
     -0.000000e+00
     -0.000000e+00
     -0.000000e+00
     -0.000000e+00
     -0.000000e+00
     -0.000000e+00
     -0.000000e+00
     -0.000000e+00
     -0.000000e+00
     -0.000000e+00
     -0.000000e+00
     -0.000000e+00
     -0.000000e+00
     -0.000000e+00
     -0.000000e+00
     -0.000000e+00
     -0.000000e+00
     -0.000000e+00
     -0.000000e+00
     -0.000000e+00
     -0.000000e+00
     -0.000000e+00
     -0.000000e+00
     -0.000000e+00
     -0.000000e+00
     -0.000000e+00
     -0.000000e+00
     -0.000000e+00
     -0.000000e+00
     -0.000000e+00
     -0.000000e+00
     -0.000000e+00
     -0.000000e+00
     -0.000000e+00
     -0.000000e+00
     -0.000000e+00
     -0.000000e+00
     -0.000000e+00
     -0.000000e+00
     -0.000000e+00
     -0.000000e+00
     -0.000000e+00
     -0.000000e+00
     -0.000000e+00
     -0.000000e+00
     -0.000000e+00
     -0.000000e+00
     -0.000000e+00
     -0.000000e+00
     -0.000000e+00
     -0.000000e+00
     -0.000000e+00
     -0.000000e+00
     -0.000000e+00
     -0.000000e+00
     -0.000000e+00
     -0.000000e+00
     -0.000000e+00
     -0.000000e+00
     -0.000000e+00
     -0.000000e+00
     -0.000000e+00
     -0.000000e+00
     -0.000000e+00
     -0.000000e+00
     -0.000000e+00
     -0.000000e+00
     -0.000000e+00
     -0.000000e+00
     -0.000000e+00
     -0.000000e+00
     -0.000000e+00
     -0.000000e+00
     -0.000000e+00
     -0.000000e+00
     -0.000000e+00
     -0.000000e+00
     -0.000000e+00
     -0.000000e+00
     -0.000000e+00
     -0.000000e+00
     -0.000000e+00
     -0.000000e+00
     -0.000000e+00
     -0.000000e+00
     -0.000000e+00
     -0.000000e+00
     -0.000000e+00
     -0.000000e+00
     -0.000000e+00
     -0.000000e+00
     -0.000000e+00
     -0.000000e+00
     -0.000000e+00
     -0.000000e+00
     -0.000000e+00
     -0.000000e+00
     -0.000000e+00
     -0.000000e+00
     -0.000000e+00
     -0.000000e+00
     -0.000000e+00
     -0.000000e+00
     -0.000000e+00
     -0.000000e+00
     -0.000000e+00
     -0.000000e+00
     -0.000000e+00
     -0.000000e+00
     -0.000000e+00
     -0.000000e+00
     -0.000000e+00
     -0.000000e+00
     -0.000000e+00
     -0.000000e+00
     -0.000000e+00
     -0.000000e+00
     -0.000000e+00
     -0.000000e+00
     -0.000000e+00
     -0.000000e+00
     -0.000000e+00
     -0.000000e+00
     -0.000000e+00
     -0.000000e+00
     -0.000000e+00
     -0.000000e+00
     -0.000000e+00
     -0.000000e+00
     -0.000000e+00
     -0.000000e+00
     -0.000000e+00
     -0.000000e+00
     -0.000000e+00
     -0.000000e+00
     -0.000000e+00
     -0.000000e+00
     -0.000000e+00
     -0.000000e+00
     -0.000000e+00
     -0.000000e+00
     -0.000000e+00
     -0.000000e+00
     -0.000000e+00
     -0.000000e+00
     -0.000000e+00
     -0.000000e+00
     -0.000000e+00
     -0.000000e+00
     -0.000000e+00
     -0.000000e+00
     -0.000000e+00
     -0.000000e+00
     -0.000000e+00
     -0.000000e+00
     -0.000000e+00
     -0.000000e+00
     -0.000000e+00
     -0.000000e+00
     -0.000000e+00
     -0.000000e+00
     -0.000000e+00
     -0.000000e+00
     -0.000000e+00
     -0.000000e+00
     -0.000000e+00
     -0.000000e+00
     -0.000000e+00
     -0.000000e+00
     -0.000000e+00
     -0.000000e+00
     -0.000000e+00
     -0.000000e+00
     -0.000000e+00
     -0.000000e+00
     -0.000000e+00
     -0.000000e+00
     -0.000000e+00
     -0.000000e+00
     -0.000000e+00
     -0.000000e+00
     -0.000000e+00
     -0.000000e+00
     -0.000000e+00
     -0.000000e+00
     -0.000000e+00
     -0.000000e+00
     -0.000000e+00
     -0.000000e+00
     -0.000000e+00
     -0.000000e+00
     -0.000000e+00
     -0.000000e+00
     -0.000000e+00
     -0.000000e+00
     -0.000000e+00
     -0.000000e+00
     -0.000000e+00
     -0.000000e+00
     -0.000000e+00
     -0.000000e+00
     -0.000000e+00
     -0.000000e+00
     -0.000000e+00
     -0.000000e+00
     -0.000000e+00
     -0.000000e+00
     -0.000000e+00
     -0.000000e+00
     -0.000000e+00
     -0.000000e+00
     -0.000000e+00
     -0.000000e+00
     -0.000000e+00
     -0.000000e+00
     -0.000000e+00
     -0.000000e+00
     -0.000000e+00
     -0.000000e+00
     -0.000000e+00
     -0.000000e+00
     -0.000000e+00
     -0.000000e+00
     -0.000000e+00
     -0.000000e+00
     -0.000000e+00
     -0.000000e+00
     -0.000000e+00
     -0.000000e+00
     -0.000000e+00
     -0.000000e+00
     -0.000000e+00
     -0.000000e+00
     -0.000000e+00
     -0.000000e+00
     -0.000000e+00
     -0.000000e+00
     -0.000000e+00
     -0.000000e+00
     -0.000000e+00
     -0.000000e+00
     -0.000000e+00
     -0.000000e+00
     -0.000000e+00
     -0.000000e+00
     -0.000000e+00
     -0.000000e+00
     -0.000000e+00
     -0.000000e+00
     -0.000000e+00
     -0.000000e+00
     -0.000000e+00
     -0.000000e+00
     -0.000000e+00
     -0.000000e+00
     -0.000000e+00
     -0.000000e+00
     -0.000000e+00
     -0.000000e+00
     -0.000000e+00
     -0.000000e+00
     -0.000000e+00
     -0.000000e+00
     -0.000000e+00
     -0.000000e+00
     -0.000000e+00
     -0.000000e+00
     -0.000000e+00
     -0.000000e+00
     -0.000000e+00
     -0.000000e+00
     -0.000000e+00
     -0.000000e+00
     -0.000000e+00
     -0.000000e+00
     -0.000000e+00
     -0.000000e+00
     -0.000000e+00
     -0.000000e+00
     -0.000000e+00
     -0.000000e+00
     -0.000000e+00
     -0.000000e+00
     -0.000000e+00
     -0.000000e+00
     -0.000000e+00
     -0.000000e+00
     -0.000000e+00
     -0.000000e+00
     -0.000000e+00
     -0.000000e+00
     -0.000000e+00
     -0.000000e+00
     -0.000000e+00
     -0.000000e+00
     -0.000000e+00
     -0.000000e+00
     -0.000000e+00
     -0.000000e+00
     -0.000000e+00
     -0.000000e+00
     -0.000000e+00
     -0.000000e+00
     -0.000000e+00
     -0.000000e+00
     -0.000000e+00
     -0.000000e+00
     -0.000000e+00
     -0.000000e+00
     -0.000000e+00
     -0.000000e+00
     -0.000000e+00
     -0.000000e+00
     -0.000000e+00
     -0.000000e+00
     -0.000000e+00
     -0.000000e+00
     -0.000000e+00
     -0.000000e+00
     -0.000000e+00
     -0.000000e+00
     -0.000000e+00
     -0.000000e+00
     -0.000000e+00
     -0.000000e+00
     -0.000000e+00
     -0.000000e+00
     -0.000000e+00
     -0.000000e+00
     -0.000000e+00
     -0.000000e+00
     -0.000000e+00
     -0.000000e+00
     -0.000000e+00
     -0.000000e+00
     -0.000000e+00
     -0.000000e+00
     -0.000000e+00
     -0.000000e+00
     -0.000000e+00
     -0.000000e+00
     -0.000000e+00
     -0.000000e+00
     -0.000000e+00
      0.000000e+00
      0.000000e+00
