      0.000000e+00
      0.000000e+00
     -3.118733e-15
     -2.899030e-15
     -2.320121e-15
     -1.609222e-15
     -9.848070e-16
     -4.162240e-16
      3.203695e-16
      1.406383e-15
      2.720506e-15
      3.766748e-15
      3.895837e-15
      2.718948e-15
      4.467514e-16
     -2.106163e-15
     -3.908025e-15
     -4.274062e-15
     -3.260325e-15
     -1.653771e-15
     -5.967076e-16
     -1.085951e-15
     -3.573175e-15
     -7.744862e-15
     -1.249157e-14
     -1.616172e-14
     -1.723858e-14
     -1.532944e-14
     -1.188901e-14
     -9.902180e-15
     -1.228123e-14
     -1.980851e-14
     -3.017952e-14
     -3.919470e-14
     -4.351677e-14
     -4.293357e-14
     -4.019053e-14
     -3.837368e-14
     -3.802228e-14
     -3.659928e-14
     -3.099481e-14
     -2.094642e-14
     -1.017799e-14
     -3.882976e-15
     -4.458257e-15
     -9.191146e-15
     -1.215900e-14
     -9.075222e-15
     -1.290766e-15
      4.195029e-15
     -1.234702e-15
     -2.246438e-14
     -5.707685e-14
     -9.506310e-14
     -1.216854e-13
     -1.227796e-13
     -9.138234e-14
     -3.325718e-14
      3.249269e-14
      8.050696e-14
      9.218179e-14
      6.745337e-14
      2.686801e-14
      7.301951e-16
      1.095647e-14
      5.699155e-14
      1.150579e-13
      1.514249e-13
      1.414893e-13
      8.328458e-14
     -1.882832e-15
     -8.100724e-14
     -1.259149e-13
     -1.258897e-13
     -9.096158e-14
     -4.596459e-14
     -1.944490e-14
     -3.212170e-14
     -8.807821e-14
     -1.707520e-13
     -2.459592e-13
     -2.735392e-13
     -2.253232e-13
     -1.012944e-13
      6.651778e-14
      2.271864e-13
      3.345721e-13
      3.671048e-13
      3.321767e-13
      2.555168e-13
      1.661405e-13
      8.709887e-14
      3.312102e-14
      8.999174e-15
      5.171637e-15
     -4.228929e-15
     -5.204287e-14
     -1.569155e-13
     -3.033196e-13
     -4.406648e-13
     -5.080509e-13
     -4.711253e-13
     -3.453900e-13
     -1.876269e-13
     -5.969323e-14
      1.018051e-14
      4.071754e-14
      7.594935e-14
      1.450727e-13
      2.345632e-13
      2.946428e-13
      2.765798e-13
      1.736265e-13
      3.442174e-14
     -6.328266e-14
     -6.221723e-14
      3.533598e-14
      1.666360e-13
      2.474363e-13
      2.248363e-13
      1.083186e-13
     -4.126883e-14
     -1.552582e-13
     -2.013709e-13
     -1.981397e-13
     -1.923438e-13
     -2.189918e-13
     -2.738841e-13
     -3.172590e-13
     -3.042456e-13
     -2.205038e-13
     -9.954246e-14
     -1.048227e-14
     -2.278183e-14
     -1.677316e-13
     -4.184228e-13
     -6.993514e-13
     -9.198075e-13
     -1.012214e-12
     -9.557476e-13
     -7.764923e-13
     -5.294834e-13
     -2.757382e-13
     -6.525389e-14
      7.087578e-14
      1.224724e-13
      1.001500e-13
      3.257995e-14
     -4.262935e-14
     -9.540753e-14
     -1.198727e-13
     -1.382672e-13
     -1.844119e-13
     -2.743023e-13
     -3.849953e-13
     -4.606276e-13
     -4.449087e-13
     -3.179284e-13
     -1.107121e-13
      1.116451e-13
      2.832633e-13
      3.623437e-13
      3.347271e-13
      2.042391e-13
     -1.232823e-14
     -2.777761e-13
     -5.259443e-13
     -6.720628e-13
     -6.496147e-13
     -4.560800e-13
     -1.731378e-13
      6.392125e-14
      1.391011e-13
      2.681362e-14
     -1.909684e-13
     -3.810676e-13
     -4.538063e-13
     -4.258669e-13
     -3.990825e-13
     -4.670507e-13
     -6.230225e-13
     -7.477347e-13
     -6.940980e-13
     -4.046946e-13
      3.281984e-14
      4.384066e-13
      6.575727e-13
      6.498925e-13
      4.840559e-13
      2.593111e-13
      3.288922e-14
     -1.851167e-13
     -3.822988e-13
     -5.077757e-13
     -4.982140e-13
     -3.433910e-13
     -1.203071e-13
      4.861810e-14
      8.281027e-14
     -4.102436e-16
     -1.085403e-13
     -1.501394e-13
     -9.681059e-14
      1.232283e-14
      1.096702e-13
      1.391025e-13
      7.350054e-14
     -8.148827e-14
     -2.847588e-13
     -4.650465e-13
     -5.482130e-13
     -4.984127e-13
     -3.406060e-13
     -1.407974e-13
      4.074759e-14
      1.811731e-13
      2.859559e-13
      3.562460e-13
      3.724094e-13
      3.126191e-13
      1.854205e-13
      3.953478e-14
     -6.244132e-14
     -8.381434e-14
     -3.250360e-14
      5.455612e-14
      1.436174e-13
      2.240579e-13
      3.028517e-13
      3.847575e-13
      4.595234e-13
      5.067259e-13
      5.105600e-13
      4.691527e-13
      3.914513e-13
      2.885806e-13
      1.706822e-13
      5.124310e-14
     -4.978207e-14
     -1.120363e-13
     -1.262654e-13
     -9.882556e-14
     -4.266759e-14
      3.639424e-14
      1.419733e-13
      2.726082e-13
      4.043051e-13
      4.909581e-13
      4.887605e-13
      3.870351e-13
      2.184858e-13
      3.753871e-14
     -1.166230e-13
     -2.408551e-13
     -3.542175e-13
     -4.621605e-13
     -5.333813e-13
     -5.154432e-13
     -3.805597e-13
     -1.616134e-13
      5.907768e-14
      2.067394e-13
      2.716906e-13
      3.150301e-13
      4.111143e-13
      5.720634e-13
      7.202798e-13
      7.375565e-13
      5.544980e-13
      2.092558e-13
     -1.692885e-13
     -4.370664e-13
     -5.108978e-13
     -3.978245e-13
     -1.742006e-13
      5.724206e-14
      2.066565e-13
      2.260694e-13
      1.283854e-13
     -1.224641e-14
     -9.030957e-14
     -2.294004e-14
      2.017154e-13
      5.138395e-13
      7.955282e-13
      9.355868e-13
      8.752431e-13
      6.296019e-13
      2.849668e-13
     -2.667163e-14
     -1.771119e-13
     -1.047482e-13
      1.418409e-13
      4.167875e-13
      5.523926e-13
      4.547005e-13
      1.549827e-13
     -2.166275e-13
     -5.097197e-13
     -6.233876e-13
     -5.259024e-13
     -2.354898e-13
      1.953113e-13
      6.704029e-13
      1.043520e-12
      1.160677e-12
      9.558923e-13
      5.346002e-13
      1.550106e-13
      8.166644e-14
      3.971390e-13
      9.180564e-13
      1.301000e-12
      1.276907e-12
      8.407763e-13
      2.495260e-13
     -1.692314e-13
     -2.462942e-13
     -6.506672e-14
      1.342314e-13
      1.458464e-13
     -6.609154e-14
     -3.717831e-13
     -5.869636e-13
     -5.934482e-13
     -3.932266e-13
     -8.615375e-14
      1.919205e-13
      3.301639e-13
      2.819960e-13
      7.640262e-14
     -2.004437e-13
     -4.491491e-13
     -6.085286e-13
     -6.843771e-13
     -7.320096e-13
     -7.984322e-13
     -8.652262e-13
     -8.442841e-13
     -6.459204e-13
     -2.770031e-13
      1.155373e-13
      3.151947e-13
      1.900882e-13
     -1.844181e-13
     -5.469310e-13
     -6.206805e-13
     -3.117447e-13
      2.202919e-13
      6.756864e-13
      8.204222e-13
      6.255989e-13
      2.485905e-13
     -1.022762e-13
     -2.982815e-13
     -3.267441e-13
     -2.392132e-13
     -8.330124e-14
      1.204846e-13
      3.541641e-13
      5.728710e-13
      7.111254e-13
      7.258888e-13
      6.381678e-13
      5.286522e-13
      4.777140e-13
      4.920286e-13
      4.844488e-13
      3.393900e-13
      2.114294e-14
     -3.677799e-13
     -6.408184e-13
     -6.604266e-13
     -4.393215e-13
     -1.194850e-13
      1.541462e-13
      3.515060e-13
      5.601131e-13
      8.733297e-13
      1.271440e-12
      1.608043e-12
      1.714908e-12
      1.530447e-12
      1.140684e-12
      7.062208e-13
      3.489359e-13
      9.532174e-14
     -9.216168e-14
     -2.464082e-13
     -3.607959e-13
     -4.097068e-13
     -3.866790e-13
     -3.134264e-13
     -2.142856e-13
     -9.080168e-14
      7.247127e-14
      2.775858e-13
      4.917500e-13
      6.568054e-13
      7.189049e-13
      6.512322e-13
      4.567055e-13
      1.609280e-13
     -1.897130e-13
     -5.258363e-13
     -7.635195e-13
     -8.317748e-13
     -7.078674e-13
     -4.377364e-13
     -1.257540e-13
      1.045667e-13
      1.628083e-13
      3.402514e-14
     -2.111194e-13
     -4.505227e-13
     -5.777666e-13
     -5.639421e-13
     -4.694755e-13
     -3.916959e-13
     -3.851986e-13
     -4.202946e-13
     -4.174276e-13
     -3.291074e-13
     -1.944818e-13
     -1.124177e-13
     -1.527201e-13
     -2.843976e-13
     -3.876953e-13
     -3.433290e-13
     -1.259161e-13
      1.723619e-13
      4.024359e-13
      4.548256e-13
      3.257154e-13
      1.157960e-13
     -3.100971e-14
     -1.155812e-14
      1.760251e-13
      4.303572e-13
      6.079715e-13
      6.130533e-13
      4.582573e-13
      2.549736e-13
      1.390688e-13
      1.819787e-13
      3.445828e-13
      5.011098e-13
      5.170225e-13
      3.339537e-13
      9.188384e-15
     -3.193551e-13
     -5.248788e-13
     -5.771048e-13
     -5.531958e-13
     -5.593818e-13
     -6.253861e-13
     -6.653308e-13
     -5.473545e-13
     -2.188734e-13
      2.191116e-13
      5.566092e-13
      6.091271e-13
      3.421439e-13
     -1.033343e-13
     -4.972482e-13
     -6.559981e-13
     -5.399021e-13
     -2.589133e-13
      7.373070e-15
      1.209696e-13
      5.999093e-14
     -8.574129e-14
     -1.890479e-13
     -1.747795e-13
     -6.087336e-14
      7.351817e-14
      1.595506e-13
      1.879568e-13
      2.002583e-13
      2.417561e-13
      3.270199e-13
      4.459786e-13
      5.901620e-13
      7.585084e-13
      9.318420e-13
      1.049628e-12
      1.029840e-12
      8.313374e-13
      5.092618e-13
      2.075886e-13
      7.825900e-14
      1.762467e-13
      4.067126e-13
      5.725485e-13
      5.038969e-13
      1.874589e-13
     -2.013496e-13
     -4.040788e-13
     -2.633783e-13
      1.457702e-13
      5.460574e-13
      6.418053e-13
      3.273113e-13
     -2.351884e-13
     -7.239468e-13
     -8.666940e-13
     -5.975771e-13
     -6.595535e-14
      4.798206e-13
      8.331667e-13
      9.086518e-13
      7.425318e-13
      4.477204e-13
      1.587452e-13
     -1.836973e-14
     -4.373122e-14
      4.634888e-14
      1.684374e-13
      2.459694e-13
      2.493061e-13
      1.917550e-13
      9.233474e-14
     -5.074066e-14
     -2.441155e-13
     -4.583242e-13
     -6.138556e-13
     -6.243793e-13
     -4.656090e-13
     -2.019946e-13
      6.156194e-14
      2.588663e-13
      3.919376e-13
      4.816123e-13
      5.002741e-13
      3.756905e-13
      7.912030e-14
     -2.930270e-13
     -5.479984e-13
     -5.349265e-13
     -2.726334e-13
      5.634658e-14
      2.463859e-13
      2.194535e-13
      5.809999e-14
     -9.189534e-14
     -1.484191e-13
     -1.406899e-13
     -1.549427e-13
     -2.415568e-13
     -3.631853e-13
     -4.179199e-13
     -3.154385e-13
     -5.265010e-14
      2.648171e-13
      4.792161e-13
      4.861533e-13
      3.129588e-13
      1.000556e-13
     -1.127824e-14
      5.256561e-15
      4.613615e-14
     -1.689966e-14
     -2.058888e-13
     -4.029948e-13
     -4.475488e-13
     -2.733068e-13
      3.986112e-14
      3.384806e-13
      5.119688e-13
      5.425275e-13
      4.600255e-13
      2.747633e-13
     -2.630798e-14
     -4.178941e-13
     -7.906901e-13
     -9.933208e-13
     -9.395178e-13
     -6.806569e-13
     -3.672181e-13
     -1.272099e-13
      2.861491e-14
      1.880767e-13
      4.255046e-13
      7.040428e-13
      8.858344e-13
      8.431391e-13
      5.721125e-13
      2.107036e-13
     -5.271583e-14
     -1.033210e-13
      3.894754e-14
      2.571336e-13
      4.316409e-13
      5.147863e-13
      5.368833e-13
      5.529828e-13
      5.808916e-13
      5.804727e-13
      4.875399e-13
      2.718502e-13
     -2.917373e-14
     -3.268407e-13
     -5.296787e-13
     -5.817263e-13
     -4.679160e-13
     -2.046784e-13
      1.537506e-13
      4.977472e-13
      6.775195e-13
      5.799802e-13
      2.258541e-13
     -2.051908e-13
     -4.735427e-13
     -4.448482e-13
     -1.888832e-13
      7.644400e-14
      1.538124e-13
      9.251664e-15
     -2.226904e-13
     -3.617339e-13
     -3.215393e-13
     -1.584780e-13
     -1.076400e-14
      5.823224e-15
     -1.342303e-13
     -3.668305e-13
     -5.875376e-13
     -7.116963e-13
     -7.158546e-13
     -6.416366e-13
     -5.550891e-13
     -4.807668e-13
     -3.615351e-13
     -9.404366e-14
      3.666102e-13
      9.139439e-13
      1.306190e-12
      1.311206e-12
      8.842429e-13
      2.346343e-13
     -2.878768e-13
     -4.142384e-13
     -1.221962e-13
      3.741204e-13
      7.948630e-13
      9.882952e-13
      1.002556e-12
      9.947492e-13
      1.065432e-12
      1.159011e-12
      1.112127e-12
      8.121833e-13
      3.364778e-13
     -5.341863e-14
     -8.364955e-14
      3.082938e-13
      8.781686e-13
      1.211771e-12
      1.016817e-12
      3.483781e-13
     -4.219550e-13
     -8.786387e-13
     -8.561379e-13
     -5.177721e-13
     -1.764158e-13
     -3.578461e-14
     -7.560132e-14
     -1.458069e-13
     -1.433849e-13
     -1.003764e-13
     -1.274752e-13
     -2.954763e-13
     -5.684695e-13
     -8.300978e-13
     -9.622015e-13
     -9.128078e-13
     -7.175384e-13
     -4.720074e-13
     -2.747615e-13
     -1.750339e-13
     -1.603034e-13
     -1.909641e-13
     -2.466681e-13
     -3.349626e-13
     -4.517386e-13
     -5.392997e-13
     -4.988148e-13
     -2.619042e-13
      1.373320e-13
      5.580573e-13
      8.299825e-13
      8.585465e-13
      6.811842e-13
      4.332751e-13
      2.468809e-13
      1.549354e-13
      7.466219e-14
     -1.104023e-13
     -4.292619e-13
     -7.650478e-13
     -9.208570e-13
     -7.689298e-13
     -3.632923e-13
      8.263088e-14
      3.410812e-13
      3.215864e-13
      1.094254e-13
     -1.303984e-13
     -2.935380e-13
     -4.016662e-13
     -5.453415e-13
     -7.636982e-13
     -9.726891e-13
     -1.011545e-12
     -7.766090e-13
     -3.335272e-13
      9.290224e-14
      2.569938e-13
      5.111430e-14
     -4.523653e-13
     -1.087410e-12
     -1.596119e-12
     -1.334912e-12
      8.200494e-13
      4.687197e-12
      4.088397e-12
     -1.536461e-11
     -5.937736e-11
     -7.351029e-11
      1.097142e-10
      6.797118e-10
      1.378767e-09
      6.204430e-10
     -5.000603e-09
     -1.849802e-08
     -3.408521e-08
     -2.075776e-08
      9.550925e-08
      4.254822e-07
      1.030595e-06
      1.663394e-06
      1.203349e-06
     -3.370204e-06
     -1.863588e-05
     -5.717833e-05
     -1.409651e-04
     -3.057665e-04
     -6.067099e-04
     -1.125045e-03
     -1.976180e-03
     -3.319031e-03
     -5.366720e-03
     -8.398606e-03
     -1.277365e-02
     -1.894506e-02
     -2.747612e-02
     -3.905725e-02
     -5.452392e-02
     -7.487564e-02
     -1.012956e-01
     -1.351710e-01
     -1.781135e-01
     -2.319805e-01
     -2.988957e-01
     -3.812701e-01
     -4.818220e-01
     -6.035969e-01
     -7.499862e-01
     -9.247448e-01
     -1.132007e+00
     -1.376303e+00
     -1.662568e+00
     -1.996157e+00
     -2.382852e+00
     -2.828867e+00
     -3.340854e+00
     -3.925899e+00
     -4.591528e+00
     -5.345694e+00
     -6.196773e+00
     -7.153550e+00
     -8.225208e+00
     -9.421305e+00
     -1.075176e+01
     -1.222682e+01
     -1.385703e+01
     -1.565322e+01
     -1.762647e+01
     -1.978803e+01
     -2.214934e+01
     -2.472195e+01
     -2.751751e+01
     -3.054767e+01
     -3.382409e+01
     -3.735834e+01
     -4.116191e+01
     -4.524608e+01
     -4.962195e+01
     -5.430032e+01
     -5.929167e+01
     -6.460612e+01
     -7.025334e+01
     -7.624252e+01
     -8.258234e+01
     -8.928089e+01
     -9.634563e+01
     -1.037834e+02
     -1.116002e+02
     -1.198014e+02
     -1.283917e+02
     -1.373746e+02
     -1.467532e+02
     -1.565295e+02
     -1.667045e+02
     -1.772785e+02
     -1.882508e+02
     -1.996197e+02
     -2.113826e+02
     -2.235360e+02
     -2.360754e+02
     -2.489953e+02
     -2.622893e+02
     -2.759501e+02
     -2.899695e+02
     -3.043384e+02
     -3.190467e+02
     -3.340836e+02
     -3.494374e+02
     -3.650957e+02
     -3.810453e+02
     -3.972721e+02
     -4.137616e+02
     -4.304983e+02
     -4.474665e+02
     -4.646495e+02
     -4.820304e+02
     -4.995915e+02
     -5.173149e+02
     -5.351821e+02
     -5.531742e+02
     -5.712722e+02
     -5.894566e+02
     -6.077076e+02
     -6.260053e+02
     -6.443294e+02
     -6.626597e+02
     -6.809758e+02
     -6.992570e+02
     -7.174827e+02
     -7.356323e+02
     -7.536852e+02
     -7.716205e+02
     -7.894177e+02
     -8.070563e+02
     -8.245157e+02
     -8.417754e+02
     -8.588152e+02
     -8.756150e+02
     -8.921546e+02
     -9.084143e+02
     -9.243742e+02
     -9.400150e+02
     -9.553172e+02
     -9.702617e+02
     -9.848298e+02
     -9.990026e+02
     -1.012762e+03
     -1.026090e+03
     -1.038968e+03
     -1.051379e+03
     -1.063305e+03
     -1.074731e+03
     -1.085638e+03
     -1.096012e+03
     -1.105835e+03
     -1.115094e+03
     -1.123772e+03
     -1.131855e+03
     -1.139329e+03
     -1.146181e+03
     -1.152397e+03
     -1.157965e+03
     -1.162874e+03
     -1.167111e+03
     -1.170666e+03
     -1.173530e+03
     -1.175692e+03
     -1.177145e+03
     -1.177880e+03
     -1.177891e+03
     -1.177171e+03
     -1.175716e+03
     -1.173519e+03
     -1.170579e+03
     -1.166892e+03
     -1.162457e+03
     -1.157272e+03
     -1.151338e+03
     -1.144656e+03
     -1.137228e+03
     -1.129057e+03
     -1.120148e+03
     -1.110505e+03
     -1.100135e+03
     -1.089044e+03
     -1.077241e+03
     -1.064734e+03
     -1.051534e+03
     -1.037652e+03
     -1.023099e+03
     -1.007888e+03
     -9.920316e+02
     -9.755452e+02
     -9.584434e+02
     -9.407419e+02
     -9.224572e+02
     -9.036062e+02
     -8.842066e+02
     -8.642764e+02
     -8.438344e+02
     -8.228994e+02
     -8.014909e+02
     -7.796286e+02
     -7.573323e+02
     -7.346221e+02
     -7.115184e+02
     -6.880413e+02
     -6.642113e+02
     -6.400486e+02
     -6.155734e+02
     -5.908058e+02
     -5.657655e+02
     -5.404722e+02
     -5.149453e+02
     -4.892036e+02
     -4.632657e+02
     -4.371500e+02
     -4.108741e+02
     -3.844552e+02
     -3.579103e+02
     -3.312554e+02
     -3.045063e+02
     -2.776782e+02
     -2.507855e+02
     -2.238423e+02
     -1.968620e+02
     -1.698573e+02
     -1.428405e+02
     -1.158231e+02
     -8.881623e+01
     -6.183034e+01
     -3.487533e+01
     -7.960578e+00
      1.890508e+01
      4.571329e+01
      7.245619e+01
      9.912640e+01
      1.257170e+02
      1.522213e+02
      1.786333e+02
      2.049471e+02
      2.311572e+02
      2.572586e+02
      2.832463e+02
      3.091157e+02
      3.348625e+02
      3.604825e+02
      3.859716e+02
      4.113262e+02
      4.365424e+02
      4.616168e+02
      4.865459e+02
      5.113265e+02
      5.359551e+02
      5.604287e+02
      5.847441e+02
      6.088982e+02
      6.328880e+02
      6.567104e+02
      6.803624e+02
      7.038412e+02
      7.271436e+02
      7.502669e+02
      7.732080e+02
      7.959641e+02
      8.185323e+02
      8.409097e+02
      8.630935e+02
      8.850808e+02
      9.068689e+02
      9.284549e+02
      9.498361e+02
      9.710097e+02
      9.919730e+02
      1.012723e+03
      1.033258e+03
      1.053574e+03
      1.073668e+03
      1.093539e+03
      1.113183e+03
      1.132597e+03
      1.151779e+03
      1.170726e+03
      1.189435e+03
      1.207902e+03
      1.226125e+03
      1.244101e+03
      1.261825e+03
      1.279295e+03
      1.296506e+03
      1.313455e+03
      1.330138e+03
      1.346549e+03
      1.362685e+03
      1.378541e+03
      1.394111e+03
      1.409390e+03
      1.424371e+03
      1.439049e+03
      1.453417e+03
      1.467468e+03
      1.481195e+03
      1.494589e+03
      1.507642e+03
      1.520346e+03
      1.532692e+03
      1.544671e+03
      1.556272e+03
      1.567485e+03
      1.578300e+03
      1.588706e+03
      1.598690e+03
      1.608243e+03
      1.617351e+03
      1.626003e+03
      1.634185e+03
      1.641886e+03
      1.649093e+03
      1.655791e+03
      1.661969e+03
      1.667613e+03
      1.672711e+03
      1.677248e+03
      1.681212e+03
      1.684590e+03
      1.687371e+03
      1.689540e+03
      1.691087e+03
      1.691999e+03
      1.692266e+03
      1.691876e+03
      1.690820e+03
      1.689087e+03
      1.686670e+03
      1.683559e+03
      1.679746e+03
      1.675226e+03
      1.669992e+03
      1.664039e+03
      1.657362e+03
      1.649958e+03
      1.641824e+03
      1.632960e+03
      1.623364e+03
      1.613038e+03
      1.601981e+03
      1.590198e+03
      1.577691e+03
      1.564466e+03
      1.550526e+03
      1.535880e+03
      1.520535e+03
      1.504499e+03
      1.487781e+03
      1.470393e+03
      1.452345e+03
      1.433650e+03
      1.414321e+03
      1.394372e+03
      1.373817e+03
      1.352674e+03
      1.330956e+03
      1.308682e+03
      1.285870e+03
      1.262537e+03
      1.238702e+03
      1.214386e+03
      1.189606e+03
      1.164385e+03
      1.138742e+03
      1.112699e+03
      1.086277e+03
      1.059498e+03
      1.032384e+03
      1.004957e+03
      9.772404e+02
      9.492555e+02
      9.210257e+02
      8.925736e+02
      8.639223e+02
      8.350948e+02
      8.061140e+02
      7.770029e+02
      7.477846e+02
      7.184820e+02
      6.891179e+02
      6.597154e+02
      6.302970e+02
      6.008854e+02
      5.715031e+02
      5.421726e+02
      5.129160e+02
      4.837554e+02
      4.547128e+02
      4.258097e+02
      3.970677e+02
      3.685080e+02
      3.401518e+02
      3.120197e+02
      2.841322e+02
      2.565096e+02
      2.291717e+02
      2.021381e+02
      1.754280e+02
      1.490603e+02
      1.230534e+02
      9.742535e+01
      7.219363e+01
      4.737537e+01
      2.298714e+01
     -9.549961e-01
     -2.443557e+01
     -4.743969e+01
     -6.995309e+01
     -9.196217e+01
     -1.134540e+02
     -1.344164e+02
     -1.548379e+02
     -1.747078e+02
     -1.940162e+02
     -2.127541e+02
     -2.309134e+02
     -2.484867e+02
     -2.654676e+02
     -2.818507e+02
     -2.976315e+02
     -3.128063e+02
     -3.273727e+02
     -3.413291e+02
     -3.546748e+02
     -3.674103e+02
     -3.795369e+02
     -3.910571e+02
     -4.019743e+02
     -4.122927e+02
     -4.220177e+02
     -4.311556e+02
     -4.397137e+02
     -4.476999e+02
     -4.551232e+02
     -4.619935e+02
     -4.683214e+02
     -4.741182e+02
     -4.793960e+02
     -4.841677e+02
     -4.884465e+02
     -4.922466e+02
     -4.955824e+02
     -4.984689e+02
     -5.009215e+02
     -5.029560e+02
     -5.045886e+02
     -5.058354e+02
     -5.067131e+02
     -5.072384e+02
     -5.074279e+02
     -5.072984e+02
     -5.068666e+02
     -5.061493e+02
     -5.051628e+02
     -5.039235e+02
     -5.024475e+02
     -5.007504e+02
     -4.988478e+02
     -4.967547e+02
     -4.944858e+02
     -4.920552e+02
     -4.894768e+02
     -4.867638e+02
     -4.839289e+02
     -4.809843e+02
     -4.779416e+02
     -4.748118e+02
     -4.716055e+02
     -4.683325e+02
     -4.650020e+02
     -4.616229e+02
     -4.582032e+02
     -4.547504e+02
     -4.512716e+02
     -4.477732e+02
     -4.442611e+02
     -4.407406e+02
     -4.372167e+02
     -4.336937e+02
     -4.301756e+02
     -4.266658e+02
     -4.231676e+02
     -4.196836e+02
     -4.162161e+02
     -4.127674e+02
     -4.093390e+02
     -4.059325e+02
     -4.025491e+02
     -3.991897e+02
     -3.958553e+02
     -3.925463e+02
     -3.892634e+02
     -3.860067e+02
     -3.827765e+02
     -3.795730e+02
     -3.763962e+02
     -3.732459e+02
     -3.701222e+02
     -3.670250e+02
     -3.639540e+02
     -3.609091e+02
     -3.578900e+02
     -3.548966e+02
     -3.519287e+02
     -3.489859e+02
     -3.460682e+02
     -3.431752e+02
     -3.403068e+02
     -3.374627e+02
     -3.346426e+02
     -3.318465e+02
     -3.290741e+02
     -3.263251e+02
     -3.235993e+02
     -3.208966e+02
     -3.182167e+02
     -3.155595e+02
     -3.129247e+02
     -3.103121e+02
     -3.077215e+02
     -3.051528e+02
     -3.026057e+02
     -3.000800e+02
     -2.975756e+02
     -2.950923e+02
     -2.926298e+02
     -2.901880e+02
     -2.877668e+02
     -2.853658e+02
     -2.829851e+02
     -2.806242e+02
     -2.782832e+02
     -2.759618e+02
     -2.736598e+02
     -2.713771e+02
     -2.691135e+02
     -2.668688e+02
     -2.646429e+02
     -2.624356e+02
     -2.602467e+02
     -2.580761e+02
     -2.559236e+02
     -2.537891e+02
     -2.516724e+02
     -2.495733e+02
     -2.474917e+02
     -2.454274e+02
     -2.433803e+02
     -2.413502e+02
     -2.393371e+02
     -2.373406e+02
     -2.353608e+02
     -2.333974e+02
     -2.314503e+02
     -2.295193e+02
     -2.276044e+02
     -2.257054e+02
     -2.238221e+02
     -2.219544e+02
     -2.201022e+02
     -2.182653e+02
     -2.164437e+02
     -2.146371e+02
     -2.128454e+02
     -2.110686e+02
     -2.093064e+02
     -2.075588e+02
     -2.058256e+02
     -2.041068e+02
     -2.024021e+02
     -2.007115e+02
     -1.990349e+02
     -1.973720e+02
     -1.957229e+02
     -1.940874e+02
     -1.924653e+02
     -1.908566e+02
     -1.892611e+02
     -1.876788e+02
     -1.861094e+02
     -1.845530e+02
     -1.830094e+02
     -1.814784e+02
     -1.799601e+02
     -1.784542e+02
     -1.769606e+02
     -1.754794e+02
     -1.740102e+02
     -1.725532e+02
     -1.711081e+02
     -1.696748e+02
     -1.682533e+02
     -1.668434e+02
     -1.654451e+02
     -1.640582e+02
     -1.626827e+02
     -1.613184e+02
     -1.599653e+02
     -1.586233e+02
     -1.572922e+02
     -1.559721e+02
     -1.546627e+02
     -1.533640e+02
     -1.520760e+02
     -1.507984e+02
     -1.495313e+02
     -1.482745e+02
     -1.470280e+02
     -1.457917e+02
     -1.445655e+02
     -1.433492e+02
     -1.421429e+02
     -1.409464e+02
     -1.397597e+02
     -1.385826e+02
     -1.374152e+02
     -1.362572e+02
     -1.351087e+02
     -1.339695e+02
     -1.328396e+02
     -1.317189e+02
     -1.306073e+02
     -1.295048e+02
     -1.284113e+02
     -1.273266e+02
     -1.262508e+02
     -1.251837e+02
     -1.241253e+02
     -1.230755e+02
     -1.220342e+02
     -1.210014e+02
     -1.199770e+02
     -1.189609e+02
     -1.179531e+02
     -1.169535e+02
     -1.159619e+02
     -1.149785e+02
     -1.140030e+02
     -1.130354e+02
     -1.120757e+02
     -1.111238e+02
     -1.101796e+02
     -1.092431e+02
     -1.083141e+02
     -1.073928e+02
     -1.064788e+02
     -1.055723e+02
     -1.046732e+02
     -1.037813e+02
     -1.028967e+02
     -1.020193e+02
     -1.011490e+02
     -1.002857e+02
     -9.942943e+01
     -9.858011e+01
     -9.773767e+01
     -9.690206e+01
     -9.607323e+01
     -9.525112e+01
     -9.443567e+01
     -9.362683e+01
     -9.282455e+01
     -9.202878e+01
     -9.123945e+01
     -9.045652e+01
     -8.967994e+01
     -8.890966e+01
     -8.814562e+01
     -8.738777e+01
     -8.663606e+01
     -8.589045e+01
     -8.515088e+01
     -8.441731e+01
     -8.368968e+01
     -8.296795e+01
     -8.225207e+01
     -8.154200e+01
     -8.083768e+01
     -8.013908e+01
     -7.944614e+01
     -7.875881e+01
     -7.807706e+01
     -7.740084e+01
     -7.673011e+01
     -7.606481e+01
     -7.540491e+01
     -7.475036e+01
     -7.410113e+01
     -7.345716e+01
     -7.281841e+01
     -7.218485e+01
     -7.155643e+01
     -7.093311e+01
     -7.031485e+01
     -6.970161e+01
     -6.909335e+01
     -6.849003e+01
     -6.789161e+01
     -6.729804e+01
     -6.670930e+01
     -6.612534e+01
     -6.554613e+01
     -6.497163e+01
     -6.440179e+01
     -6.383659e+01
     -6.327598e+01
     -6.271993e+01
     -6.216840e+01
     -6.162136e+01
     -6.107877e+01
     -6.054059e+01
     -6.000680e+01
     -5.947735e+01
     -5.895221e+01
     -5.843135e+01
     -5.791473e+01
     -5.740232e+01
     -5.689409e+01
     -5.638999e+01
     -5.589001e+01
     -5.539411e+01
     -5.490225e+01
     -5.441440e+01
     -5.393053e+01
     -5.345062e+01
     -5.297462e+01
     -5.250251e+01
     -5.203425e+01
     -5.156982e+01
     -5.110919e+01
     -5.065233e+01
     -5.019920e+01
     -4.974977e+01
     -4.930403e+01
     -4.886193e+01
     -4.842345e+01
     -4.798856e+01
     -4.755724e+01
     -4.712945e+01
     -4.670517e+01
     -4.628437e+01
     -4.586702e+01
     -4.545309e+01
     -4.504256e+01
     -4.463540e+01
     -4.423159e+01
     -4.383110e+01
     -4.343390e+01
     -4.303996e+01
     -4.264927e+01
     -4.226179e+01
     -4.187750e+01
     -4.149638e+01
     -4.111839e+01
     -4.074352e+01
     -4.037175e+01
     -4.000304e+01
     -3.963737e+01
     -3.927472e+01
     -3.891507e+01
     -3.855839e+01
     -3.820466e+01
     -3.785385e+01
     -3.750595e+01
     -3.716092e+01
     -3.681876e+01
     -3.647943e+01
     -3.614291e+01
     -3.580918e+01
     -3.547822e+01
     -3.515001e+01
     -3.482453e+01
     -3.450175e+01
     -3.418165e+01
     -3.386422e+01
     -3.354943e+01
     -3.323726e+01
     -3.292769e+01
     -3.262070e+01
     -3.231627e+01
     -3.201438e+01
     -3.171501e+01
     -3.141814e+01
     -3.112375e+01
     -3.083183e+01
     -3.054235e+01
     -3.025529e+01
     -2.997063e+01
     -2.968837e+01
     -2.940847e+01
     -2.913092e+01
     -2.885569e+01
     -2.858279e+01
     -2.831217e+01
     -2.804384e+01
     -2.777776e+01
     -2.751392e+01
     -2.725231e+01
     -2.699290e+01
     -2.673568e+01
     -2.648064e+01
     -2.622775e+01
     -2.597699e+01
     -2.572836e+01
     -2.548184e+01
     -2.523740e+01
     -2.499504e+01
     -2.475473e+01
     -2.451647e+01
     -2.428023e+01
     -2.404599e+01
     -2.381375e+01
     -2.358349e+01
     -2.335519e+01
     -2.312884e+01
     -2.290442e+01
     -2.268191e+01
     -2.246131e+01
     -2.224259e+01
     -2.202575e+01
     -2.181077e+01
     -2.159762e+01
     -2.138631e+01
     -2.117681e+01
     -2.096911e+01
     -2.076320e+01
     -2.055906e+01
     -2.035668e+01
     -2.015604e+01
     -1.995713e+01
     -1.975995e+01
     -1.956446e+01
     -1.937067e+01
     -1.917856e+01
     -1.898811e+01
     -1.879931e+01
     -1.861215e+01
     -1.842662e+01
     -1.824270e+01
     -1.806038e+01
     -1.787965e+01
     -1.770050e+01
     -1.752291e+01
     -1.734687e+01
     -1.717237e+01
     -1.699940e+01
     -1.682794e+01
     -1.665799e+01
     -1.648953e+01
     -1.632254e+01
     -1.615703e+01
     -1.599297e+01
     -1.583036e+01
     -1.566918e+01
     -1.550943e+01
     -1.535109e+01
     -1.519415e+01
     -1.503859e+01
     -1.488442e+01
     -1.473161e+01
     -1.458017e+01
     -1.443006e+01
     -1.428130e+01
     -1.413386e+01
     -1.398773e+01
     -1.384291e+01
     -1.369939e+01
     -1.355715e+01
     -1.341618e+01
     -1.327648e+01
     -1.313803e+01
     -1.300082e+01
     -1.286485e+01
     -1.273011e+01
     -1.259658e+01
      1.273011e+01
      1.286485e+01
      1.300082e+01
      1.313803e+01
      1.327648e+01
      1.341618e+01
      1.355715e+01
      1.369939e+01
      1.384291e+01
      1.398773e+01
      1.413386e+01
      1.428130e+01
      1.443006e+01
      1.458017e+01
      1.473161e+01
      1.488442e+01
      1.503859e+01
      1.519415e+01
      1.535109e+01
      1.550943e+01
      1.566918e+01
      1.583036e+01
      1.599297e+01
      1.615703e+01
      1.632254e+01
      1.648953e+01
      1.665799e+01
      1.682794e+01
      1.699940e+01
      1.717237e+01
      1.734687e+01
      1.752291e+01
      1.770050e+01
      1.787965e+01
      1.806038e+01
      1.824270e+01
      1.842662e+01
      1.861215e+01
      1.879931e+01
      1.898811e+01
      1.917856e+01
      1.937067e+01
      1.956446e+01
      1.975995e+01
      1.995713e+01
      2.015604e+01
      2.035668e+01
      2.055906e+01
      2.076320e+01
      2.096911e+01
      2.117681e+01
      2.138631e+01
      2.159762e+01
      2.181077e+01
      2.202575e+01
      2.224259e+01
      2.246131e+01
      2.268191e+01
      2.290442e+01
      2.312884e+01
      2.335519e+01
      2.358349e+01
      2.381375e+01
      2.404599e+01
      2.428023e+01
      2.451647e+01
      2.475473e+01
      2.499504e+01
      2.523740e+01
      2.548184e+01
      2.572836e+01
      2.597699e+01
      2.622775e+01
      2.648064e+01
      2.673568e+01
      2.699290e+01
      2.725231e+01
      2.751392e+01
      2.777776e+01
      2.804384e+01
      2.831217e+01
      2.858279e+01
      2.885569e+01
      2.913092e+01
      2.940847e+01
      2.968837e+01
      2.997063e+01
      3.025529e+01
      3.054235e+01
      3.083183e+01
      3.112375e+01
      3.141814e+01
      3.171501e+01
      3.201438e+01
      3.231627e+01
      3.262070e+01
      3.292769e+01
      3.323726e+01
      3.354943e+01
      3.386422e+01
      3.418165e+01
      3.450175e+01
      3.482453e+01
      3.515001e+01
      3.547822e+01
      3.580918e+01
      3.614291e+01
      3.647943e+01
      3.681876e+01
      3.716092e+01
      3.750595e+01
      3.785385e+01
      3.820466e+01
      3.855839e+01
      3.891507e+01
      3.927472e+01
      3.963737e+01
      4.000304e+01
      4.037175e+01
      4.074352e+01
      4.111839e+01
      4.149638e+01
      4.187750e+01
      4.226179e+01
      4.264927e+01
      4.303996e+01
      4.343390e+01
      4.383110e+01
      4.423159e+01
      4.463540e+01
      4.504256e+01
      4.545309e+01
      4.586702e+01
      4.628437e+01
      4.670517e+01
      4.712945e+01
      4.755724e+01
      4.798856e+01
      4.842345e+01
      4.886193e+01
      4.930403e+01
      4.974977e+01
      5.019920e+01
      5.065233e+01
      5.110919e+01
      5.156982e+01
      5.203425e+01
      5.250251e+01
      5.297462e+01
      5.345062e+01
      5.393053e+01
      5.441440e+01
      5.490225e+01
      5.539411e+01
      5.589001e+01
      5.638999e+01
      5.689409e+01
      5.740232e+01
      5.791473e+01
      5.843135e+01
      5.895221e+01
      5.947735e+01
      6.000680e+01
      6.054059e+01
      6.107877e+01
      6.162136e+01
      6.216840e+01
      6.271993e+01
      6.327598e+01
      6.383659e+01
      6.440179e+01
      6.497163e+01
      6.554613e+01
      6.612534e+01
      6.670930e+01
      6.729804e+01
      6.789161e+01
      6.849003e+01
      6.909335e+01
      6.970161e+01
      7.031485e+01
      7.093311e+01
      7.155643e+01
      7.218485e+01
      7.281841e+01
      7.345716e+01
      7.410113e+01
      7.475036e+01
      7.540491e+01
      7.606481e+01
      7.673011e+01
      7.740084e+01
      7.807706e+01
      7.875881e+01
      7.944614e+01
      8.013908e+01
      8.083768e+01
      8.154200e+01
      8.225207e+01
      8.296795e+01
      8.368968e+01
      8.441731e+01
      8.515088e+01
      8.589045e+01
      8.663606e+01
      8.738777e+01
      8.814562e+01
      8.890966e+01
      8.967994e+01
      9.045652e+01
      9.123945e+01
      9.202878e+01
      9.282455e+01
      9.362683e+01
      9.443567e+01
      9.525112e+01
      9.607323e+01
      9.690206e+01
      9.773767e+01
      9.858011e+01
      9.942943e+01
      1.002857e+02
      1.011490e+02
      1.020193e+02
      1.028967e+02
      1.037813e+02
      1.046732e+02
      1.055723e+02
      1.064788e+02
      1.073928e+02
      1.083141e+02
      1.092431e+02
      1.101796e+02
      1.111238e+02
      1.120757e+02
      1.130354e+02
      1.140030e+02
      1.149785e+02
      1.159619e+02
      1.169535e+02
      1.179531e+02
      1.189609e+02
      1.199770e+02
      1.210014e+02
      1.220342e+02
      1.230755e+02
      1.241253e+02
      1.251837e+02
      1.262508e+02
      1.273266e+02
      1.284113e+02
      1.295048e+02
      1.306073e+02
      1.317189e+02
      1.328396e+02
      1.339695e+02
      1.351087e+02
      1.362572e+02
      1.374152e+02
      1.385826e+02
      1.397597e+02
      1.409464e+02
      1.421429e+02
      1.433492e+02
      1.445655e+02
      1.457917e+02
      1.470280e+02
      1.482745e+02
      1.495313e+02
      1.507984e+02
      1.520760e+02
      1.533640e+02
      1.546627e+02
      1.559721e+02
      1.572922e+02
      1.586233e+02
      1.599653e+02
      1.613184e+02
      1.626827e+02
      1.640582e+02
      1.654451e+02
      1.668434e+02
      1.682533e+02
      1.696748e+02
      1.711081e+02
      1.725532e+02
      1.740102e+02
      1.754794e+02
      1.769606e+02
      1.784542e+02
      1.799601e+02
      1.814784e+02
      1.830094e+02
      1.845530e+02
      1.861094e+02
      1.876788e+02
      1.892611e+02
      1.908566e+02
      1.924653e+02
      1.940874e+02
      1.957229e+02
      1.973720e+02
      1.990349e+02
      2.007115e+02
      2.024021e+02
      2.041068e+02
      2.058256e+02
      2.075588e+02
      2.093064e+02
      2.110686e+02
      2.128454e+02
      2.146371e+02
      2.164437e+02
      2.182653e+02
      2.201022e+02
      2.219544e+02
      2.238221e+02
      2.257054e+02
      2.276044e+02
      2.295193e+02
      2.314503e+02
      2.333974e+02
      2.353608e+02
      2.373406e+02
      2.393371e+02
      2.413502e+02
      2.433803e+02
      2.454274e+02
      2.474917e+02
      2.495733e+02
      2.516724e+02
      2.537891e+02
      2.559236e+02
      2.580761e+02
      2.602467e+02
      2.624356e+02
      2.646429e+02
      2.668688e+02
      2.691135e+02
      2.713771e+02
      2.736598e+02
      2.759618e+02
      2.782832e+02
      2.806242e+02
      2.829851e+02
      2.853658e+02
      2.877668e+02
      2.901880e+02
      2.926298e+02
      2.950923e+02
      2.975756e+02
      3.000800e+02
      3.026057e+02
      3.051528e+02
      3.077215e+02
      3.103121e+02
      3.129247e+02
      3.155595e+02
      3.182167e+02
      3.208966e+02
      3.235993e+02
      3.263251e+02
      3.290741e+02
      3.318465e+02
      3.346426e+02
      3.374627e+02
      3.403068e+02
      3.431752e+02
      3.460682e+02
      3.489859e+02
      3.519287e+02
      3.548966e+02
      3.578901e+02
      3.609091e+02
      3.639541e+02
      3.670253e+02
      3.701229e+02
      3.732470e+02
      3.763981e+02
      3.795763e+02
      3.827818e+02
      3.860149e+02
      3.892759e+02
      3.925650e+02
      3.958824e+02
      3.992284e+02
      4.026031e+02
      4.060069e+02
      4.094400e+02
      4.129025e+02
      4.163947e+02
      4.199167e+02
      4.234688e+02
      4.270510e+02
      4.306636e+02
      4.343065e+02
      4.379800e+02
      4.416839e+02
      4.454184e+02
      4.491835e+02
      4.529790e+02
      4.568048e+02
      4.606608e+02
      4.645467e+02
      4.684622e+02
      4.724071e+02
      4.763808e+02
      4.803828e+02
      4.844126e+02
      4.884695e+02
      4.925528e+02
      4.966615e+02
      5.007947e+02
      5.049513e+02
      5.091302e+02
      5.133301e+02
      5.175496e+02
      5.217870e+02
      5.260409e+02
      5.303092e+02
      5.345903e+02
      5.388819e+02
      5.431819e+02
      5.474879e+02
      5.517976e+02
      5.561081e+02
      5.604169e+02
      5.647209e+02
      5.690171e+02
      5.733024e+02
      5.775734e+02
      5.818266e+02
      5.860584e+02
      5.902651e+02
      5.944428e+02
      5.985876e+02
      6.026952e+02
      6.067615e+02
      6.107821e+02
      6.147526e+02
      6.186684e+02
      6.225248e+02
      6.263171e+02
      6.300405e+02
      6.336901e+02
      6.372609e+02
      6.407480e+02
      6.441461e+02
      6.474503e+02
      6.506553e+02
      6.537561e+02
      6.567473e+02
      6.596238e+02
      6.623804e+02
      6.650118e+02
      6.675129e+02
      6.698786e+02
      6.721036e+02
      6.741829e+02
      6.761115e+02
      6.778843e+02
      6.794965e+02
      6.809431e+02
      6.822194e+02
      6.833207e+02
      6.842424e+02
      6.849799e+02
      6.855288e+02
      6.858850e+02
      6.860441e+02
      6.860021e+02
      6.857550e+02
      6.852991e+02
      6.846307e+02
      6.837462e+02
      6.826423e+02
      6.813156e+02
      6.797632e+02
      6.779820e+02
      6.759692e+02
      6.737223e+02
      6.712388e+02
      6.685164e+02
      6.655530e+02
      6.623466e+02
      6.588954e+02
      6.551978e+02
      6.512524e+02
      6.470580e+02
      6.426135e+02
      6.379179e+02
      6.329707e+02
      6.277713e+02
      6.223194e+02
      6.166148e+02
      6.106576e+02
      6.044481e+02
      5.979866e+02
      5.912739e+02
      5.843107e+02
      5.770981e+02
      5.696373e+02
      5.619296e+02
      5.539767e+02
      5.457805e+02
      5.373427e+02
      5.286658e+02
      5.197519e+02
      5.106038e+02
      5.012240e+02
      4.916157e+02
      4.817818e+02
      4.717257e+02
      4.614509e+02
      4.509610e+02
      4.402599e+02
      4.293515e+02
      4.182400e+02
      4.069298e+02
      3.954253e+02
      3.837311e+02
      3.718521e+02
      3.597931e+02
      3.475592e+02
      3.351556e+02
      3.225875e+02
      3.098603e+02
      2.969796e+02
      2.839510e+02
      2.707801e+02
      2.574728e+02
      2.440349e+02
      2.304723e+02
      2.167910e+02
      2.029970e+02
      1.890964e+02
      1.750953e+02
      1.609997e+02
      1.468158e+02
      1.325498e+02
      1.182078e+02
      1.037959e+02
      8.932019e+01
      7.478677e+01
      6.020168e+01
      4.557091e+01
      3.090041e+01
      1.619609e+01
      1.463766e+00
     -1.329079e+01
     -2.806188e+01
     -4.284391e+01
     -5.763134e+01
     -7.241874e+01
     -8.720075e+01
     -1.019721e+02
     -1.167277e+02
     -1.314625e+02
     -1.461714e+02
     -1.608497e+02
     -1.754927e+02
     -1.900956e+02
     -2.046540e+02
     -2.191635e+02
     -2.336197e+02
     -2.480184e+02
     -2.623556e+02
     -2.766272e+02
     -2.908293e+02
     -3.049582e+02
     -3.190101e+02
     -3.329814e+02
     -3.468687e+02
     -3.606684e+02
     -3.743772e+02
     -3.879918e+02
     -4.015092e+02
     -4.149260e+02
     -4.282394e+02
     -4.414463e+02
     -4.545438e+02
     -4.675290e+02
     -4.803992e+02
     -4.931516e+02
     -5.057835e+02
     -5.182923e+02
     -5.306752e+02
     -5.429299e+02
     -5.550537e+02
     -5.670441e+02
     -5.788988e+02
     -5.906152e+02
     -6.021909e+02
     -6.136236e+02
     -6.249109e+02
     -6.360506e+02
     -6.470402e+02
     -6.578775e+02
     -6.685602e+02
     -6.790861e+02
     -6.894530e+02
     -6.996586e+02
     -7.097007e+02
     -7.195773e+02
     -7.292860e+02
     -7.388248e+02
     -7.481915e+02
     -7.573841e+02
     -7.664003e+02
     -7.752383e+02
     -7.838958e+02
     -7.923708e+02
     -8.006614e+02
     -8.087654e+02
     -8.166810e+02
     -8.244060e+02
     -8.319387e+02
     -8.392769e+02
     -8.464189e+02
     -8.533626e+02
     -8.601062e+02
     -8.666479e+02
     -8.729857e+02
     -8.791179e+02
     -8.850426e+02
     -8.907580e+02
     -8.962624e+02
     -9.015540e+02
     -9.066310e+02
     -9.114918e+02
     -9.161346e+02
     -9.205577e+02
     -9.247597e+02
     -9.287387e+02
     -9.324932e+02
     -9.360216e+02
     -9.393224e+02
     -9.423941e+02
     -9.452352e+02
     -9.478442e+02
     -9.502198e+02
     -9.523605e+02
     -9.542651e+02
     -9.559323e+02
     -9.573608e+02
     -9.585495e+02
     -9.594973e+02
     -9.602030e+02
     -9.606658e+02
     -9.608847e+02
     -9.608589e+02
     -9.605876e+02
     -9.600702e+02
     -9.593060e+02
     -9.582947e+02
     -9.570358e+02
     -9.555290e+02
     -9.537743e+02
     -9.517716e+02
     -9.495210e+02
     -9.470227e+02
     -9.442771e+02
     -9.412848e+02
     -9.380464e+02
     -9.345627e+02
     -9.308347e+02
     -9.268636e+02
     -9.226507e+02
     -9.181975e+02
     -9.135056e+02
     -9.085770e+02
     -9.034136e+02
     -8.980177e+02
     -8.923918e+02
     -8.865384e+02
     -8.804603e+02
     -8.741606e+02
     -8.676425e+02
     -8.609093e+02
     -8.539647e+02
     -8.468124e+02
     -8.394564e+02
     -8.319010e+02
     -8.241504e+02
     -8.162091e+02
     -8.080820e+02
     -7.997739e+02
     -7.912898e+02
     -7.826351e+02
     -7.738151e+02
     -7.648353e+02
     -7.557015e+02
     -7.464195e+02
     -7.369952e+02
     -7.274348e+02
     -7.177445e+02
     -7.079305e+02
     -6.979994e+02
     -6.879576e+02
     -6.778117e+02
     -6.675684e+02
     -6.572345e+02
     -6.468168e+02
     -6.363220e+02
     -6.257571e+02
     -6.151290e+02
     -6.044447e+02
     -5.937110e+02
     -5.829349e+02
     -5.721234e+02
     -5.612835e+02
     -5.504219e+02
     -5.395456e+02
     -5.286615e+02
     -5.177762e+02
     -5.068966e+02
     -4.960294e+02
     -4.851811e+02
     -4.743583e+02
     -4.635674e+02
     -4.528148e+02
     -4.421067e+02
     -4.314494e+02
     -4.208489e+02
     -4.103112e+02
     -3.998421e+02
     -3.894472e+02
     -3.791323e+02
     -3.689028e+02
     -3.587639e+02
     -3.487210e+02
     -3.387790e+02
     -3.289428e+02
     -3.192173e+02
     -3.096069e+02
     -3.001162e+02
     -2.907494e+02
     -2.815106e+02
     -2.724037e+02
     -2.634327e+02
     -2.546010e+02
     -2.459120e+02
     -2.373692e+02
     -2.289754e+02
     -2.207337e+02
     -2.126466e+02
     -2.047167e+02
     -1.969464e+02
     -1.893378e+02
     -1.818927e+02
     -1.746130e+02
     -1.675001e+02
     -1.605555e+02
     -1.537803e+02
     -1.471753e+02
     -1.407414e+02
     -1.344791e+02
     -1.283888e+02
     -1.224705e+02
     -1.167242e+02
     -1.111497e+02
     -1.057464e+02
     -1.005139e+02
     -9.545112e+01
     -9.055713e+01
     -8.583068e+01
     -8.127038e+01
     -7.687463e+01
     -7.264166e+01
     -6.856955e+01
     -6.465619e+01
     -6.089931e+01
     -5.729651e+01
     -5.384520e+01
     -5.054269e+01
     -4.738613e+01
     -4.437255e+01
     -4.149887e+01
     -3.876188e+01
     -3.615828e+01
     -3.368467e+01
     -3.133757e+01
     -2.911343e+01
     -2.700861e+01
     -2.501944e+01
     -2.314219e+01
     -2.137308e+01
     -1.970833e+01
     -1.814412e+01
     -1.667661e+01
     -1.530199e+01
     -1.401643e+01
     -1.281615e+01
     -1.169735e+01
     -1.065632e+01
     -9.689343e+00
     -8.792788e+00
     -7.963066e+00
     -7.196659e+00
     -6.490121e+00
     -5.840082e+00
     -5.243261e+00
     -4.696464e+00
     -4.196591e+00
     -3.740642e+00
     -3.325721e+00
     -2.949035e+00
     -2.607901e+00
     -2.299746e+00
     -2.022111e+00
     -1.772649e+00
     -1.549126e+00
     -1.349423e+00
     -1.171535e+00
     -1.013569e+00
     -8.737440e-01
     -7.503889e-01
     -6.419394e-01
     -5.469368e-01
     -4.640248e-01
     -3.919461e-01
     -3.295394e-01
     -2.757355e-01
     -2.295536e-01
     -1.900973e-01
     -1.565505e-01
     -1.281729e-01
     -1.042962e-01
     -8.431932e-02
     -6.770408e-02
     -5.397104e-02
     -4.269509e-02
     -3.350127e-02
     -2.606069e-02
     -2.008644e-02
     -1.532986e-02
     -1.157672e-02
     -8.643805e-03
     -6.375505e-03
     -4.640714e-03
     -3.329887e-03
     -2.352314e-03
     -1.633605e-03
     -1.113398e-03
     -7.432734e-04
     -4.848760e-04
     -3.082417e-04
     -1.903146e-04
     -1.136512e-04
     -6.530104e-05
     -3.585345e-05
     -1.863472e-05
     -9.043430e-06
     -4.008706e-06
     -1.558125e-06
     -4.814543e-07
     -7.655881e-08
      3.610511e-08
      4.335654e-08
      2.555453e-08
      1.016210e-08
      2.186412e-09
     -5.041884e-10
     -7.811616e-10
     -4.170830e-10
     -1.131530e-10
      1.175563e-11
      2.921938e-11
      1.471786e-11
      2.636811e-12
     -1.386870e-12
     -1.227942e-12
     -3.592544e-13
      5.495098e-14
      9.287253e-14
      3.199980e-14
     -3.140876e-15
     -7.215641e-15
     -2.352342e-15
      4.033703e-16
      5.796730e-16
      1.334391e-16
     -5.961369e-17
     -4.326080e-17
     -2.519619e-18
      6.966529e-18
      2.323951e-18
     -6.301455e-19
     -5.498195e-19
     -1.232206e-20
      9.033728e-20
      1.883089e-20
     -1.165689e-20
     -4.864590e-21
      1.181692e-21
      9.175828e-22
     -7.998057e-23
     -1.488627e-22
     -1.000232e-24
      2.214710e-23
      1.582793e-24
     -3.133312e-24
     -3.632380e-25
      4.317346e-25
      6.110098e-26
     -5.883493e-26
     -8.682748e-27
      7.990548e-27
      1.070661e-27
     -1.081844e-27
     -1.106301e-28
      1.451098e-28
      7.970681e-30
     -1.905671e-29
      1.127965e-31
      2.408359e-30
     -1.939048e-31
     -2.857680e-31
      4.979499e-32
      3.060506e-32
     -9.351803e-33
     -2.721243e-33
      1.474740e-33
      1.462544e-34
     -2.009641e-34
      1.100630e-35
      2.308031e-35
     -5.139180e-36
     -1.960993e-36
      1.002001e-36
      4.470922e-38
     -1.332968e-37
      2.410545e-38
      1.065384e-38
     -5.527907e-39
      1.367933e-40
      6.160570e-40
     -1.841718e-40
     -1.871146e-41
      2.601806e-41
     -5.521311e-42
     -1.182755e-42
      9.379828e-43
     -1.564267e-43
     -5.029427e-44
      3.121576e-44
     -4.177243e-45
     -2.029898e-45
      1.093689e-45
     -1.294130e-46
     -8.322335e-47
      4.637107e-47
     -8.037623e-48
     -2.346041e-48
      1.977164e-48
     -5.954512e-49
      3.990972e-50
      4.885624e-50
     -2.706020e-50
      7.470076e-51
     -7.281199e-52
     -3.984729e-52
      2.559421e-52
     -8.232456e-53
      1.525386e-53
      8.768332e-56
     -1.306688e-54
      5.792553e-55
     -1.551242e-55
      2.416665e-56
      9.351721e-58
     -2.105710e-57
      7.997922e-58
     -1.741191e-58
      1.037108e-59
      1.044282e-59
     -5.972028e-60
      2.011421e-60
     -4.714141e-61
      5.710164e-62
      1.450084e-62
     -1.358090e-62
      6.274087e-63
     -2.292966e-63
      7.329079e-64
     -2.133150e-64
      5.773476e-65
     -1.471652e-65
      3.562739e-66
     -8.240853e-67
      1.829395e-67
     -3.911017e-68
      8.074437e-69
     -1.613420e-69
      3.126083e-70
     -5.882318e-71
      1.076380e-71
     -1.917537e-72
      3.328931e-73
     -5.636530e-74
      9.314863e-75
     -1.503363e-75
      2.370810e-76
     -3.654741e-77
      5.509151e-78
     -8.122345e-79
      1.171394e-79
     -1.652560e-80
      2.280320e-81
     -3.076826e-82
      4.057698e-83
     -5.226593e-84
      6.568516e-85
     -8.042111e-86
      9.571402e-87
     -1.103770e-87
      1.227263e-88
     -1.305327e-89
      1.310079e-90
     -1.208342e-91
      9.624979e-93
     -5.319173e-94
     -1.249988e-95
      1.048248e-95
     -2.273246e-96
      3.827622e-97
     -5.728049e-98
      7.977375e-99
     -1.056235e-99
     1.345222e-100
    -1.659836e-101
     1.993516e-102
    -2.338209e-103
     2.684695e-104
    -3.023010e-105
     3.342935e-106
    -3.634522e-107
     3.888614e-108
    -4.097325e-109
     4.254439e-110
    -4.355709e-111
     4.399027e-112
    -4.384468e-113
     4.314199e-114
    -4.192275e-115
     4.024344e-116
    -3.817275e-117
     3.578757e-118
    -3.316880e-119
     3.039746e-120
    -2.755114e-121
     2.470106e-122
    -2.190985e-123
     1.923005e-124
    -1.670338e-125
     1.436062e-126
    -1.222212e-127
     1.029864e-128
    -8.592641e-130
     7.099674e-131
    -5.809837e-132
     4.709233e-133
    -3.781310e-134
     3.008040e-135
    -2.370914e-136
     1.851737e-137
    -1.433221e-138
     1.099398e-139
    -8.358740e-141
     6.299502e-142
    -4.706361e-143
     3.485868e-144
    -2.559856e-145
     1.863932e-146
    -1.345814e-147
     9.636285e-149
    -6.842781e-150
     4.819276e-151
    -3.366544e-152
     2.332740e-153
    -1.603444e-154
     1.093381e-155
    -7.396799e-157
     4.964719e-158
    -3.306337e-159
     2.184861e-160
    -1.432671e-161
     9.322601e-163
    -6.020274e-164
     3.858377e-165
    -2.454269e-166
     1.549488e-167
    -9.710067e-169
     6.040078e-170
    -3.729645e-171
     2.286203e-172
    -1.391240e-173
     8.405161e-175
    -5.041545e-176
     3.002418e-177
    -1.775352e-178
     1.042363e-179
    -6.077020e-181
     3.518147e-182
    -2.022572e-183
     1.154715e-184
    -6.546973e-186
     3.686510e-187
    -2.061640e-188
     1.145107e-189
    -6.317259e-191
     3.461570e-192
    -1.884050e-193
     1.018588e-194
    -5.470214e-196
     2.918244e-197
    -1.546543e-198
     8.142125e-200
    -4.258533e-201
     2.212790e-202
    -1.142325e-203
     5.858942e-205
    -2.985658e-206
     1.511690e-207
    -7.604977e-209
     3.801511e-210
    -1.888200e-211
     9.319308e-213
    -4.570600e-214
     2.227547e-215
    -1.078834e-216
     5.192375e-218
    -2.483541e-219
     1.180539e-220
    -5.577020e-222
     2.618466e-223
    -1.221867e-224
     5.666865e-226
    -2.612239e-227
     1.196861e-228
    -5.450599e-230
     2.467312e-231
    -1.110177e-232
     4.965445e-234
    -2.207654e-235
     9.757083e-237
    -4.286809e-238
     1.872331e-239
    -8.129701e-241
     3.509289e-242
    -1.506001e-243
     6.425434e-245
    -2.725583e-246
     1.149490e-247
    -4.820025e-249
     2.009557e-250
    -8.330439e-252
     3.433688e-253
    -1.407305e-254
     5.735343e-256
    -2.324253e-257
     9.366328e-259
    -3.753415e-260
     1.495768e-261
    -5.927770e-263
     2.336240e-264
    -9.156963e-266
     3.569463e-267
    -1.383824e-268
     5.335741e-270
    -2.046227e-271
     7.804897e-273
    -2.961040e-274
     1.117363e-275
    -4.193985e-277
     1.565853e-278
    -5.815348e-280
     2.148378e-281
    -7.895232e-283
     2.886341e-284
    -1.049707e-285
     3.797830e-287
    -1.366969e-288
     4.894937e-290
    -1.743851e-291
     6.180941e-293
    -2.179675e-294
     7.647672e-296
    -2.669784e-297
     9.273441e-299
    -3.205030e-300
     1.102194e-301
    -3.771612e-303
     1.284243e-304
    -4.351378e-306
     1.467146e-307
    -4.922605e-309
     1.643611e-310
    -5.461202e-312
     1.806200e-313
    -5.950092e-315
     1.642070e-316
    -1.948076e-318
     6.788462e-321
    -1.976263e-323
     -0.000000e+00
     -0.000000e+00
     -0.000000e+00
     -0.000000e+00
     -0.000000e+00
     -0.000000e+00
     -0.000000e+00
     -0.000000e+00
     -0.000000e+00
     -0.000000e+00
     -0.000000e+00
     -0.000000e+00
     -0.000000e+00
     -0.000000e+00
     -0.000000e+00
     -0.000000e+00
     -0.000000e+00
     -0.000000e+00
     -0.000000e+00
     -0.000000e+00
     -0.000000e+00
     -0.000000e+00
     -0.000000e+00
     -0.000000e+00
     -0.000000e+00
     -0.000000e+00
     -0.000000e+00
     -0.000000e+00
     -0.000000e+00
     -0.000000e+00
     -0.000000e+00
     -0.000000e+00
     -0.000000e+00
     -0.000000e+00
     -0.000000e+00
     -0.000000e+00
     -0.000000e+00
     -0.000000e+00
     -0.000000e+00
     -0.000000e+00
     -0.000000e+00
     -0.000000e+00
     -0.000000e+00
     -0.000000e+00
     -0.000000e+00
     -0.000000e+00
     -0.000000e+00
     -0.000000e+00
     -0.000000e+00
     -0.000000e+00
     -0.000000e+00
     -0.000000e+00
     -0.000000e+00
     -0.000000e+00
     -0.000000e+00
     -0.000000e+00
     -0.000000e+00
     -0.000000e+00
     -0.000000e+00
     -0.000000e+00
     -0.000000e+00
     -0.000000e+00
     -0.000000e+00
     -0.000000e+00
     -0.000000e+00
     -0.000000e+00
     -0.000000e+00
     -0.000000e+00
     -0.000000e+00
     -0.000000e+00
     -0.000000e+00
     -0.000000e+00
     -0.000000e+00
     -0.000000e+00
     -0.000000e+00
     -0.000000e+00
     -0.000000e+00
     -0.000000e+00
     -0.000000e+00
     -0.000000e+00
     -0.000000e+00
     -0.000000e+00
     -0.000000e+00
     -0.000000e+00
     -0.000000e+00
     -0.000000e+00
     -0.000000e+00
     -0.000000e+00
     -0.000000e+00
     -0.000000e+00
     -0.000000e+00
     -0.000000e+00
     -0.000000e+00
     -0.000000e+00
     -0.000000e+00
     -0.000000e+00
     -0.000000e+00
     -0.000000e+00
     -0.000000e+00
     -0.000000e+00
     -0.000000e+00
     -0.000000e+00
     -0.000000e+00
     -0.000000e+00
     -0.000000e+00
     -0.000000e+00
     -0.000000e+00
     -0.000000e+00
     -0.000000e+00
     -0.000000e+00
     -0.000000e+00
     -0.000000e+00
     -0.000000e+00
     -0.000000e+00
     -0.000000e+00
     -0.000000e+00
     -0.000000e+00
     -0.000000e+00
     -0.000000e+00
     -0.000000e+00
     -0.000000e+00
     -0.000000e+00
     -0.000000e+00
     -0.000000e+00
     -0.000000e+00
     -0.000000e+00
     -0.000000e+00
     -0.000000e+00
     -0.000000e+00
     -0.000000e+00
     -0.000000e+00
     -0.000000e+00
     -0.000000e+00
     -0.000000e+00
     -0.000000e+00
     -0.000000e+00
     -0.000000e+00
     -0.000000e+00
     -0.000000e+00
     -0.000000e+00
     -0.000000e+00
     -0.000000e+00
     -0.000000e+00
     -0.000000e+00
     -0.000000e+00
     -0.000000e+00
     -0.000000e+00
     -0.000000e+00
     -0.000000e+00
     -0.000000e+00
     -0.000000e+00
     -0.000000e+00
     -0.000000e+00
     -0.000000e+00
     -0.000000e+00
     -0.000000e+00
     -0.000000e+00
     -0.000000e+00
     -0.000000e+00
     -0.000000e+00
     -0.000000e+00
     -0.000000e+00
     -0.000000e+00
     -0.000000e+00
     -0.000000e+00
     -0.000000e+00
     -0.000000e+00
     -0.000000e+00
     -0.000000e+00
     -0.000000e+00
     -0.000000e+00
     -0.000000e+00
     -0.000000e+00
     -0.000000e+00
     -0.000000e+00
     -0.000000e+00
     -0.000000e+00
     -0.000000e+00
     -0.000000e+00
     -0.000000e+00
     -0.000000e+00
     -0.000000e+00
     -0.000000e+00
     -0.000000e+00
     -0.000000e+00
     -0.000000e+00
     -0.000000e+00
     -0.000000e+00
     -0.000000e+00
     -0.000000e+00
     -0.000000e+00
     -0.000000e+00
     -0.000000e+00
     -0.000000e+00
     -0.000000e+00
     -0.000000e+00
     -0.000000e+00
     -0.000000e+00
     -0.000000e+00
     -0.000000e+00
     -0.000000e+00
     -0.000000e+00
     -0.000000e+00
     -0.000000e+00
     -0.000000e+00
     -0.000000e+00
     -0.000000e+00
     -0.000000e+00
     -0.000000e+00
     -0.000000e+00
     -0.000000e+00
     -0.000000e+00
     -0.000000e+00
     -0.000000e+00
     -0.000000e+00
     -0.000000e+00
     -0.000000e+00
     -0.000000e+00
     -0.000000e+00
     -0.000000e+00
     -0.000000e+00
     -0.000000e+00
     -0.000000e+00
     -0.000000e+00
     -0.000000e+00
     -0.000000e+00
     -0.000000e+00
     -0.000000e+00
     -0.000000e+00
     -0.000000e+00
     -0.000000e+00
     -0.000000e+00
     -0.000000e+00
     -0.000000e+00
     -0.000000e+00
     -0.000000e+00
     -0.000000e+00
     -0.000000e+00
     -0.000000e+00
     -0.000000e+00
     -0.000000e+00
     -0.000000e+00
     -0.000000e+00
     -0.000000e+00
     -0.000000e+00
     -0.000000e+00
     -0.000000e+00
     -0.000000e+00
     -0.000000e+00
     -0.000000e+00
     -0.000000e+00
     -0.000000e+00
     -0.000000e+00
     -0.000000e+00
     -0.000000e+00
     -0.000000e+00
     -0.000000e+00
     -0.000000e+00
     -0.000000e+00
     -0.000000e+00
     -0.000000e+00
     -0.000000e+00
     -0.000000e+00
     -0.000000e+00
     -0.000000e+00
     -0.000000e+00
     -0.000000e+00
     -0.000000e+00
     -0.000000e+00
     -0.000000e+00
     -0.000000e+00
     -0.000000e+00
     -0.000000e+00
     -0.000000e+00
     -0.000000e+00
     -0.000000e+00
     -0.000000e+00
     -0.000000e+00
     -0.000000e+00
     -0.000000e+00
     -0.000000e+00
     -0.000000e+00
     -0.000000e+00
     -0.000000e+00
     -0.000000e+00
     -0.000000e+00
     -0.000000e+00
     -0.000000e+00
     -0.000000e+00
     -0.000000e+00
     -0.000000e+00
     -0.000000e+00
     -0.000000e+00
     -0.000000e+00
     -0.000000e+00
     -0.000000e+00
     -0.000000e+00
     -0.000000e+00
     -0.000000e+00
     -0.000000e+00
     -0.000000e+00
     -0.000000e+00
     -0.000000e+00
     -0.000000e+00
     -0.000000e+00
     -0.000000e+00
     -0.000000e+00
     -0.000000e+00
     -0.000000e+00
     -0.000000e+00
     -0.000000e+00
     -0.000000e+00
     -0.000000e+00
     -0.000000e+00
     -0.000000e+00
     -0.000000e+00
     -0.000000e+00
     -0.000000e+00
     -0.000000e+00
     -0.000000e+00
     -0.000000e+00
     -0.000000e+00
     -0.000000e+00
     -0.000000e+00
     -0.000000e+00
     -0.000000e+00
     -0.000000e+00
     -0.000000e+00
     -0.000000e+00
     -0.000000e+00
     -0.000000e+00
     -0.000000e+00
     -0.000000e+00
     -0.000000e+00
     -0.000000e+00
     -0.000000e+00
     -0.000000e+00
     -0.000000e+00
     -0.000000e+00
     -0.000000e+00
     -0.000000e+00
     -0.000000e+00
     -0.000000e+00
     -0.000000e+00
     -0.000000e+00
     -0.000000e+00
     -0.000000e+00
     -0.000000e+00
     -0.000000e+00
     -0.000000e+00
     -0.000000e+00
     -0.000000e+00
     -0.000000e+00
     -0.000000e+00
     -0.000000e+00
     -0.000000e+00
     -0.000000e+00
     -0.000000e+00
     -0.000000e+00
     -0.000000e+00
     -0.000000e+00
     -0.000000e+00
     -0.000000e+00
     -0.000000e+00
     -0.000000e+00
     -0.000000e+00
     -0.000000e+00
     -0.000000e+00
     -0.000000e+00
     -0.000000e+00
     -0.000000e+00
     -0.000000e+00
     -0.000000e+00
     -0.000000e+00
     -0.000000e+00
     -0.000000e+00
     -0.000000e+00
     -0.000000e+00
     -0.000000e+00
     -0.000000e+00
     -0.000000e+00
     -0.000000e+00
     -0.000000e+00
     -0.000000e+00
     -0.000000e+00
     -0.000000e+00
     -0.000000e+00
     -0.000000e+00
     -0.000000e+00
     -0.000000e+00
     -0.000000e+00
     -0.000000e+00
     -0.000000e+00
      0.000000e+00
      0.000000e+00
