      0.000000e+00
      0.000000e+00
     -8.374658e-16
     -3.347932e-15
     -4.498206e-15
     -2.233531e-15
      1.694508e-15
      8.786949e-16
     -1.027236e-14
     -2.853396e-14
     -4.073376e-14
     -3.423743e-14
     -1.096780e-14
      1.043632e-14
      9.904722e-15
     -1.585500e-14
     -5.275238e-14
     -8.570990e-14
     -1.080025e-13
     -1.104032e-13
     -7.240602e-14
      1.713953e-14
      1.270065e-13
      1.891361e-13
      1.562295e-13
      5.307519e-14
     -4.279241e-14
     -7.452859e-14
     -5.125222e-14
     -2.106110e-14
     -1.607950e-14
     -3.520107e-14
     -6.963136e-14
     -1.243873e-13
     -2.051038e-13
     -2.916652e-13
     -3.422372e-13
     -3.324545e-13
     -2.777797e-13
     -1.999223e-13
     -8.482897e-14
      9.043264e-14
      2.863114e-13
      3.993638e-13
      3.629247e-13
      2.289855e-13
      1.166083e-13
      8.109863e-14
      6.198882e-14
     -2.608702e-14
     -1.676540e-13
     -2.408618e-13
     -1.503563e-13
      5.333205e-14
      2.133112e-13
      2.194071e-13
      9.793729e-14
     -3.799834e-14
     -8.230518e-14
      1.765806e-14
      2.356947e-13
      4.425235e-13
      4.646844e-13
      2.537343e-13
     -8.596543e-15
     -5.673707e-14
      1.657354e-13
      4.046644e-13
      3.451783e-13
     -3.798341e-14
     -4.243415e-13
     -4.687258e-13
     -1.611465e-13
      1.649701e-13
      1.812549e-13
     -1.122162e-13
     -4.155163e-13
     -4.322825e-13
     -1.185895e-13
      3.112467e-13
      5.538710e-13
      4.213080e-13
     -2.053240e-14
     -4.801737e-13
     -6.671651e-13
     -5.382346e-13
     -3.008258e-13
     -1.673705e-13
     -1.530808e-13
     -1.313920e-13
     -1.922778e-14
      1.557910e-13
      3.329653e-13
      4.776881e-13
      5.520069e-13
      4.986535e-13
      3.112056e-13
      9.547895e-14
     -2.953396e-15
      4.858198e-14
      1.331734e-13
      1.330741e-13
      7.503523e-14
      7.022720e-14
      1.426781e-13
      2.139961e-13
      2.619793e-13
      3.716900e-13
      5.621428e-13
      6.673892e-13
      5.109053e-13
      1.538761e-13
     -1.483755e-13
     -2.305614e-13
     -1.591321e-13
     -8.946529e-14
     -8.800094e-14
     -1.300345e-13
     -1.780413e-13
     -1.911108e-13
     -1.180103e-13
      2.918027e-14
      1.172723e-13
      6.787580e-15
     -2.512296e-13
     -4.190723e-13
     -3.325524e-13
     -9.682065e-14
      5.084568e-14
      2.819751e-14
     -2.925071e-14
      3.155221e-14
      2.098745e-13
      3.840030e-13
      4.424412e-13
      3.687236e-13
      2.494080e-13
      2.079753e-13
      2.810667e-13
      3.467849e-13
      2.274214e-13
     -1.039894e-13
     -4.540234e-13
     -5.828289e-13
     -4.307909e-13
     -1.502277e-13
      5.625445e-14
      9.493016e-14
      1.586897e-14
     -5.590464e-14
     -4.012748e-14
      6.013863e-15
     -5.762238e-14
     -2.606724e-13
     -4.301978e-13
     -3.750109e-13
     -1.310696e-13
      8.333221e-14
      1.518150e-13
      1.772550e-13
      2.812732e-13
      4.079248e-13
      4.195439e-13
      3.018868e-13
      1.690873e-13
      1.709230e-13
      1.192152e-13
     -4.157503e-13
      1.100596e-12
      2.333747e-12
     -1.814378e-11
      1.279965e-12
      1.856577e-10
     -1.944832e-10
     -1.768556e-09
      2.420284e-09
      1.733383e-08
     -1.643222e-08
     -1.734025e-07
     -2.874787e-08
      1.515725e-06
      2.795227e-06
     -7.503428e-06
     -4.114146e-05
     -4.592601e-05
      2.034866e-04
      1.044034e-03
      2.118479e-03
     -1.094943e-04
     -1.762674e-02
     -7.993875e-02
     -2.475846e-01
     -6.300427e-01
     -1.406755e+00
     -2.848366e+00
     -5.333867e+00
     -9.358930e+00
     -1.553180e+01
     -2.455504e+01
     -3.719363e+01
     -5.423158e+01
     -7.642073e+01
     -1.044260e+02
     -1.387721e+02
     -1.797968e+02
     -2.276145e+02
     -2.820936e+02
     -3.428484e+02
     -4.092450e+02
     -4.804201e+02
     -5.553082e+02
     -6.326740e+02
     -7.111466e+02
     -7.892513e+02
     -8.654378e+02
     -9.381027e+02
     -1.005608e+03
     -1.066295e+03
     -1.118502e+03
     -1.160575e+03
     -1.190892e+03
     -1.207885e+03
     -1.210069e+03
     -1.196078e+03
     -1.164693e+03
     -1.114882e+03
     -1.045820e+03
     -9.569120e+02
     -8.478024e+02
     -7.183797e+02
     -5.687785e+02
     -3.993886e+02
     -2.108883e+02
     -4.319320e+00
      2.187653e+02
      4.560471e+02
      7.040415e+02
      9.575175e+02
      1.208738e+03
      1.446624e+03
      1.656170e+03
      1.818811e+03
      1.914724e+03
      1.927755e+03
      1.852154e+03
      1.698205e+03
      1.492728e+03
      1.272432e+03
      1.072532e+03
      9.165647e+02
      8.125863e+02
      7.563898e+02
      7.380342e+02
      7.472600e+02
      7.758461e+02
      8.176552e+02
      8.679581e+02
      9.229406e+02
      9.794682e+02
      1.034927e+03
      1.087074e+03
      1.133920e+03
      1.173681e+03
      1.204765e+03
      1.225787e+03
      1.235592e+03
      1.233279e+03
      1.218222e+03
      1.190084e+03
      1.148820e+03
      1.094659e+03
      1.028087e+03
      9.498124e+02
      8.607305e+02
      7.618824e+02
      6.544203e+02
      5.395741e+02
      4.186246e+02
      2.928810e+02
      1.636635e+02
      3.228651e+01
     -9.995716e+01
     -2.318149e+02
     -3.620953e+02
     -4.896902e+02
     -6.135964e+02
     -7.329304e+02
     -8.469293e+02
     -9.549300e+02
     -1.056313e+03
     -1.150403e+03
     -1.236310e+03
     -1.312704e+03
     -1.377528e+03
     -1.427669e+03
     -1.458681e+03
     -1.464735e+03
     -1.439121e+03
     -1.375691e+03
     -1.271373e+03
     -1.129095e+03
     -9.594814e+02
     -7.795257e+02
     -6.079676e+02
     -4.595156e+02
     -3.411554e+02
     -2.523190e+02
     -1.879233e+02
     -1.417870e+02
     -1.086533e+02
     -8.467727e+01
     -6.716359e+01
     -5.421669e+01
     -4.450667e+01
     -3.711287e+01
     -3.140053e+01
     -2.692718e+01
     -2.337954e+01
     -2.053306e+01
     -1.822498e+01
     -1.633583e+01
     -1.477674e+01
     -1.348084e+01
     -1.239720e+01
     -1.148669e+01
     -1.071888e+01
     -1.006998e+01
     -9.521209e+00
     -9.057646e+00
     -8.667388e+00
     -8.340901e+00
     -8.070531e+00
     -7.850135e+00
     -7.674795e+00
     -7.540592e+00
     -7.444428e+00
     -7.383883e+00
     -7.357089e+00
     -7.362619e+00
     -7.399378e+00
     -7.466481e+00
     -7.563109e+00
     -7.688326e+00
     -7.840824e+00
     -8.018574e+00
     -8.218334e+00
     -8.434956e+00
     -8.660445e+00
     -8.882703e+00
     -9.083970e+00
     -9.239118e+00
     -9.314260e+00
     -9.266748e+00
     -9.048450e+00
     -8.614716e+00
     -7.940212e+00
     -7.038060e+00
     -5.971668e+00
     -4.846438e+00
     -3.778855e+00
     -2.858354e+00
     -2.124964e+00
     -1.572990e+00
     -1.171192e+00
     -8.827104e-01
     -6.758064e-01
     -5.264966e-01
     -4.176063e-01
     -3.371241e-01
     -2.767552e-01
     -2.307911e-01
     -1.952836e-01
     -1.674755e-01
     -1.454187e-01
     -1.277191e-01
     -1.133662e-01
     -1.016176e-01
     -9.192099e-02
     -8.386084e-02
     -7.712068e-02
     -7.145711e-02
     -6.668113e-02
     -6.264471e-02
     -5.923105e-02
     -5.634740e-02
     -5.391974e-02
     -5.188876e-02
     -5.020686e-02
     -4.883582e-02
     -4.774507e-02
     -4.691022e-02
     -4.631200e-02
     -4.593536e-02
     -4.576867e-02
     -4.580308e-02
     -4.603174e-02
     -4.644916e-02
     -4.705024e-02
     -4.782914e-02
     -4.877772e-02
     -4.988336e-02
      4.877767e-02
      4.782910e-02
      4.705021e-02
      4.644914e-02
      4.603173e-02
      4.580307e-02
      4.576868e-02
      4.593536e-02
      4.631201e-02
      4.691023e-02
      4.774509e-02
      4.883585e-02
      5.020688e-02
      5.188880e-02
      5.391979e-02
      5.634748e-02
      5.923115e-02
      6.264485e-02
      6.668132e-02
      7.145739e-02
      7.712108e-02
      8.386143e-02
      9.192185e-02
      1.016188e-01
      1.133681e-01
      1.277220e-01
      1.454229e-01
      1.674816e-01
      1.952922e-01
      2.308027e-01
      2.767707e-01
      3.371424e-01
      4.176132e-01
      5.264417e-01
      6.756045e-01
      8.823379e-01
      1.170855e+00
      1.573120e+00
      2.125812e+00
      2.859517e+00
      3.779446e+00
      4.845937e+00
      5.970471e+00
      7.037037e+00
      7.939866e+00
      8.614933e+00
      9.048856e+00
      9.267083e+00
      9.314453e+00
      9.239199e+00
      9.083987e+00
      8.882692e+00
      8.660427e+00
      8.434938e+00
      8.218319e+00
      8.018563e+00
      7.840816e+00
      7.688320e+00
      7.563106e+00
      7.466479e+00
      7.399377e+00
      7.362619e+00
      7.357089e+00
      7.383883e+00
      7.444429e+00
      7.540594e+00
      7.674798e+00
      7.850139e+00
      8.070535e+00
      8.340907e+00
      8.667397e+00
      9.057658e+00
      9.521226e+00
      1.007001e+01
      1.071891e+01
      1.148673e+01
      1.239727e+01
      1.348093e+01
      1.477688e+01
      1.633603e+01
      1.822528e+01
      2.053352e+01
      2.338025e+01
      2.692820e+01
      3.140177e+01
      3.711427e+01
      4.450904e+01
      5.422124e+01
      6.716755e+01
      8.466794e+01
      1.086137e+02
      1.417213e+02
      1.878795e+02
      2.523669e+02
      3.413174e+02
      4.597293e+02
      6.081574e+02
      7.797550e+02
      9.600681e+02
      1.130634e+03
      1.274740e+03
      1.382128e+03
      1.450404e+03
      1.483350e+03
      1.487947e+03
      1.471799e+03
      1.441639e+03
      1.402784e+03
      1.359130e+03
      1.313382e+03
      1.267329e+03
      1.222095e+03
      1.178340e+03
      1.136412e+03
      1.096451e+03
      1.058468e+03
      1.022391e+03
      9.881031e+02
      9.554610e+02
      9.243107e+02
      8.944951e+02
      8.658586e+02
      8.382506e+02
      8.115262e+02
      7.855471e+02
      7.601818e+02
      7.353055e+02
      7.107998e+02
      6.865515e+02
      6.624518e+02
      6.383939e+02
      6.142704e+02
      5.899684e+02
      5.653642e+02
      5.403149e+02
      5.146483e+02
      4.881485e+02
      4.605376e+02
      4.314506e+02
      4.004014e+02
      3.667383e+02
      3.295801e+02
      2.877193e+02
      2.394870e+02
      1.825911e+02
      1.139403e+02
      2.937876e+01
     -7.680875e+01
     -2.124958e+02
     -3.875472e+02
     -6.114197e+02
     -8.878521e+02
     -1.208488e+03
     -1.549668e+03
     -1.876064e+03
     -2.150693e+03
     -2.346299e+03
     -2.452137e+03
     -2.473568e+03
     -2.426425e+03
     -2.330174e+03
     -2.202927e+03
     -2.059109e+03
     -1.909094e+03
     -1.759792e+03
     -1.615493e+03
     -1.478642e+03
     -1.350448e+03
     -1.231331e+03
     -1.121224e+03
     -1.019781e+03
     -9.265053e+02
     -8.408356e+02
     -7.621958e+02
     -6.900243e+02
     -6.237896e+02
     -5.629980e+02
     -5.071961e+02
     -4.559708e+02
     -4.089474e+02
     -3.657873e+02
     -3.261861e+02
     -2.898704e+02
     -2.565958e+02
     -2.261445e+02
     -1.983231e+02
     -1.729596e+02
     -1.499015e+02
     -1.290125e+02
     -1.101696e+02
     -9.326034e+01
     -7.817973e+01
     -6.482715e+01
     -5.310389e+01
     -4.291079e+01
     -3.414651e+01
     -2.670630e+01
     -2.048150e+01
     -1.535964e+01
     -1.122519e+01
     -7.960893e+00
     -5.449522e+00
     -3.575973e+00
     -2.229351e+00
     -1.304918e+00
     -7.058482e-01
     -3.450654e-01
     -1.473902e-01
     -5.179661e-02
     -1.293987e-02
     -9.327977e-04
      1.032580e-03
      5.637011e-04
      1.057480e-04
     -2.736332e-05
     -2.097421e-05
     -2.759465e-06
      1.722053e-06
      6.783415e-07
     -7.085535e-08
     -8.518892e-08
     -2.331975e-09
      8.849616e-09
      7.643972e-10
     -8.826740e-10
     -7.936479e-11
      8.910858e-11
      3.091849e-12
     -8.743432e-12
      6.328189e-13
      7.223120e-13
     -1.718186e-13
     -3.252549e-14
      2.181882e-14
     -2.343789e-15
     -1.219434e-15
      5.362223e-16
     -6.588559e-17
     -2.036734e-17
      1.207695e-17
     -2.913939e-18
      2.512806e-19
      1.022028e-19
     -5.936732e-20
      1.882103e-20
     -4.582315e-21
      9.362466e-22
     -1.667670e-22
      2.641054e-23
     -3.756850e-24
      4.817142e-25
     -5.549123e-26
      5.663358e-27
     -4.932818e-28
      3.267503e-29
     -7.579612e-31
     -2.329326e-31
      5.604981e-32
     -8.641762e-33
      1.106542e-33
     -1.262554e-34
      1.322979e-35
     -1.293809e-36
      1.192546e-37
     -1.042874e-38
      8.693540e-40
     -6.933017e-41
      5.304328e-42
     -3.902229e-43
      2.765637e-44
     -1.891386e-45
      1.249900e-46
     -7.991229e-48
      4.948435e-49
     -2.970724e-50
      1.730534e-51
     -9.789734e-53
      5.382129e-54
     -2.877560e-55
      1.497113e-56
     -7.583999e-58
      3.742755e-59
     -1.800343e-60
      8.444954e-62
     -3.864673e-63
      1.726178e-64
     -7.528169e-66
      3.206926e-67
     -1.334874e-68
      5.431144e-70
     -2.160643e-71
      8.407159e-73
     -3.200501e-74
      1.192370e-75
     -4.348556e-77
      1.552856e-78
     -5.430948e-80
      1.860718e-81
     -6.246600e-83
      2.055221e-84
     -6.628489e-86
      2.096033e-87
     -6.499677e-89
      1.976855e-90
     -5.898254e-92
      1.726676e-93
     -4.960295e-95
      1.398559e-96
     -3.870757e-98
      1.051756e-99
    -2.806068e-101
     7.351963e-103
    -1.891845e-104
     4.781876e-106
    -1.187388e-107
     2.896795e-109
    -6.944175e-111
     1.635862e-112
    -3.787380e-114
     8.618647e-116
    -1.927911e-117
     4.239557e-119
    -9.165919e-121
     1.948445e-122
    -4.072771e-124
     8.371683e-126
    -1.692335e-127
     3.364644e-129
    -6.579572e-131
     1.265572e-132
    -2.394588e-134
     4.457085e-136
    -8.161464e-138
     1.470283e-139
    -2.605956e-141
     4.544459e-143
    -7.797589e-145
     1.316479e-146
    -2.187026e-148
     3.575110e-150
    -5.750791e-152
     9.102775e-154
    -1.417854e-155
     2.173214e-157
    -3.277824e-159
     4.864948e-161
    -7.105174e-163
     1.021098e-164
    -1.443927e-166
     2.009067e-168
    -2.750415e-170
     3.704552e-172
    -4.908877e-174
     6.398945e-176
    -8.205032e-178
     1.034803e-179
    -1.283497e-181
     1.565443e-183
    -1.877253e-185
     2.212990e-187
    -2.564025e-189
     2.919130e-191
    -3.264804e-193
     3.585895e-195
    -3.866454e-197
     4.090813e-199
    -4.244766e-201
     4.316770e-203
    -4.299029e-205
     4.188330e-207
    -3.986542e-209
     3.700688e-211
    -3.342571e-213
     2.927979e-215
    -2.475531e-217
     2.005295e-219
    -1.537318e-221
     1.090204e-223
    -6.799007e-226
     3.187894e-228
    -1.515313e-231
    -2.269589e-232
     4.074955e-234
    -5.298615e-236
     6.001608e-238
    -6.263287e-240
     6.172532e-242
    -5.819735e-244
     5.290172e-246
    -4.659152e-248
     3.989022e-250
    -3.327934e-252
     2.710075e-254
    -2.156989e-256
     1.679594e-258
    -1.280513e-260
     9.564235e-263
    -7.001828e-265
      0.000000e+00
      0.000000e+00
