      0.000000e+00
      0.000000e+00
     -4.418133e-16
      1.830544e-18
     -1.766966e-16
     -2.504733e-15
     -3.110256e-15
      3.030999e-15
      4.502418e-15
     -2.659148e-14
     -9.521958e-14
     -1.530844e-13
     -1.416697e-13
     -6.982837e-14
     -1.532509e-14
     -3.587497e-14
     -1.013430e-13
     -1.240477e-13
     -4.277851e-14
      1.178566e-13
      2.510667e-13
      2.459724e-13
      1.005849e-13
     -5.567756e-14
     -1.002659e-13
     -6.197407e-14
     -6.978291e-14
     -1.746095e-13
     -2.855719e-13
     -2.862918e-13
     -1.716483e-13
     -4.720038e-14
     -6.893933e-15
     -4.991556e-14
     -1.271390e-13
     -2.077260e-13
     -2.597050e-13
     -2.317850e-13
     -1.174008e-13
      1.482824e-14
      1.003104e-13
      1.242885e-13
      6.499178e-14
     -1.074955e-13
     -3.374861e-13
     -4.838589e-13
     -4.484387e-13
     -2.437856e-13
      4.643805e-14
      2.981434e-13
      3.845231e-13
      2.880763e-13
      1.511246e-13
      1.332035e-13
      2.349742e-13
      3.064768e-13
      2.136056e-13
     -1.501592e-14
     -2.112357e-13
     -2.517282e-13
     -1.733032e-13
     -7.247800e-14
      1.342825e-14
      7.800978e-14
      1.152674e-13
      1.527265e-13
      2.053261e-13
      2.026914e-13
      7.836293e-14
     -9.838304e-14
     -2.094981e-13
     -2.717805e-13
     -3.605803e-13
     -3.729965e-13
     -1.290069e-13
      2.710449e-13
      4.931663e-13
     -5.436344e-13
      8.224177e-12
     -6.149726e-11
      3.374539e-10
     -1.221005e-09
      1.322468e-09
      1.467661e-08
     -8.942600e-08
      9.898431e-08
      1.081602e-06
     -3.840766e-06
     -9.740950e-06
      6.010220e-05
      1.260249e-04
     -6.983184e-04
     -2.481916e-03
      3.757925e-03
      3.946311e-02
      8.235896e-02
     -1.412567e-01
     -1.565329e+00
     -6.288480e+00
     -1.788527e+01
     -4.118596e+01
     -8.136703e+01
     -1.425329e+02
     -2.262657e+02
     -3.306882e+02
     -4.503792e+02
     -5.771148e+02
     -7.010846e+02
     -8.121246e+02
     -9.006484e+02
     -9.582429e+02
     -9.781230e+02
     -9.556784e+02
     -8.891609e+02
     -7.803037e+02
     -6.345012e+02
     -4.602511e+02
     -2.678520e+02
     -6.769411e+01
      1.313053e+02
      3.226286e+02
      5.022480e+02
      6.680525e+02
      8.190221e+02
      9.545581e+02
      1.074147e+03
      1.177256e+03
      1.263206e+03
      1.330830e+03
      1.377981e+03
      1.401170e+03
      1.395724e+03
      1.356619e+03
      1.279874e+03
      1.164024e+03
      1.011137e+03
      8.269916e+02
      6.204181e+02
      4.021000e+02
      1.833179e+02
     -2.503240e+01
     -2.130758e+02
     -3.724277e+02
     -4.967354e+02
     -5.823700e+02
     -6.290844e+02
     -6.402747e+02
     -6.225278e+02
     -5.844051e+02
     -5.347699e+02
     -4.811939e+02
     -4.289588e+02
     -3.808900e+02
     -3.378879e+02
     -2.997622e+02
     -2.659529e+02
     -2.359225e+02
     -2.092482e+02
     -1.855791e+02
     -1.645911e+02
     -1.459805e+02
     -1.294744e+02
     -1.148335e+02
     -1.018479e+02
     -9.033089e+01
     -8.011637e+01
     -7.105687e+01
     -6.302178e+01
     -5.589530e+01
     -4.957468e+01
     -4.396880e+01
     -3.899682e+01
     -3.458708e+01
     -3.067598e+01
     -2.720716e+01
     -2.413058e+01
     -2.140191e+01
     -1.898179e+01
     -1.683533e+01
     -1.493160e+01
     -1.324314e+01
     -1.174561e+01
     -1.041742e+01
     -9.239426e+00
     -8.194635e+00
     -7.267989e+00
     -6.446128e+00
     -5.717202e+00
     -5.070704e+00
     -4.497310e+00
     -3.988756e+00
     -3.537709e+00
     -3.137667e+00
     -2.782861e+00
     -2.468176e+00
     -2.189076e+00
     -1.941536e+00
     -1.721988e+00
     -1.527266e+00
     -1.354563e+00
     -1.201390e+00
      1.354564e+00
      1.527266e+00
      1.721988e+00
      1.941536e+00
      2.189076e+00
      2.468176e+00
      2.782861e+00
      3.137667e+00
      3.537710e+00
      3.988757e+00
      4.497311e+00
      5.070704e+00
      5.717203e+00
      6.446129e+00
      7.267990e+00
      8.194637e+00
      9.239427e+00
      1.041743e+01
      1.174562e+01
      1.324314e+01
      1.493160e+01
      1.683534e+01
      1.898179e+01
      2.140191e+01
      2.413059e+01
      2.720716e+01
      3.067599e+01
      3.458708e+01
      3.899683e+01
      4.396880e+01
      4.957469e+01
      5.589531e+01
      6.302179e+01
      7.105687e+01
      8.011640e+01
      9.033098e+01
      1.018479e+02
      1.148332e+02
      1.294741e+02
      1.459816e+02
      1.645936e+02
      1.855787e+02
      2.092401e+02
      2.359182e+02
      2.659939e+02
      2.998943e+02
      3.381050e+02
      3.811801e+02
      4.297242e+02
      4.843061e+02
      5.452776e+02
      6.125058e+02
      6.850813e+02
      7.610964e+02
      8.375817e+02
      9.106443e+02
      9.757831e+02
      1.028306e+03
      1.063760e+03
      1.078293e+03
      1.068950e+03
      1.033873e+03
      9.724587e+02
      8.854412e+02
      7.748834e+02
      6.440308e+02
      4.970142e+02
      3.384381e+02
      1.729378e+02
      4.809888e+00
     -1.622037e+02
     -3.249542e+02
     -4.807888e+02
     -6.273920e+02
     -7.626434e+02
     -8.845285e+02
     -9.911022e+02
     -1.080481e+03
     -1.150844e+03
     -1.200465e+03
     -1.227798e+03
     -1.231658e+03
     -1.211492e+03
     -1.167676e+03
     -1.101758e+03
     -1.016541e+03
     -9.159739e+02
     -8.048470e+02
     -6.883818e+02
     -5.717952e+02
     -4.599158e+02
     -3.568817e+02
     -2.659132e+02
     -1.891448e+02
     -1.275185e+02
     -8.076747e+01
     -4.753129e+01
     -2.562134e+01
     -1.240756e+01
     -5.246687e+00
     -1.848002e+00
     -4.918835e-01
     -7.126921e-02
      1.016520e-02
      8.281327e-03
      1.154015e-03
     -5.085296e-04
     -1.917159e-04
      2.459214e-05
      2.032521e-05
     -1.418035e-06
     -1.819937e-06
      2.081359e-07
      1.314644e-07
     -3.427362e-08
     -3.856276e-09
      3.306815e-09
     -5.805700e-10
     -4.521026e-11
      4.977030e-11
     -1.479678e-11
      2.894967e-12
     -4.218600e-13
      4.616442e-14
     -3.342358e-15
      1.868108e-17
      4.320574e-17
     -9.094732e-18
      1.295146e-18
     -1.506925e-19
      1.522768e-20
     -1.375850e-21
      1.130410e-22
     -8.539731e-24
      5.979004e-25
     -3.902883e-26
      2.386498e-27
     -1.372214e-28
      7.443171e-30
     -3.819017e-31
      1.857902e-32
     -8.587438e-34
      3.777988e-35
     -1.584579e-36
      6.345275e-38
     -2.429044e-39
      8.899791e-41
     -3.124265e-42
      1.051872e-43
     -3.399466e-45
      1.055469e-46
     -3.150580e-48
      9.047803e-50
     -2.501356e-51
      6.660960e-53
     -1.709446e-54
      4.229992e-56
     -1.009668e-57
      2.325651e-59
     -5.171200e-61
      1.110342e-62
     -2.302832e-64
      4.614373e-66
     -8.935040e-68
      1.672190e-69
     -3.025061e-71
      5.290279e-73
     -8.944071e-75
      1.461838e-76
     -2.309625e-78
      3.527005e-80
     -5.204817e-82
      7.420183e-84
     -1.021558e-85
      1.357448e-87
     -1.739787e-89
      2.148760e-91
     -2.554331e-93
      2.917866e-95
     -3.195928e-97
      3.346020e-99
    -3.333490e-101
     3.138301e-103
    -2.760203e-105
     2.220941e-107
    -1.562691e-109
     8.427492e-112
    -1.253685e-114
    -5.276643e-116
     1.065793e-117
    -1.456085e-119
     1.686143e-121
    -1.763276e-123
     1.710541e-125
    -1.560828e-127
     1.350445e-129
    -1.113485e-131
     8.778455e-134
      0.000000e+00
      0.000000e+00
