      0.000000e+00
      0.000000e+00
     -8.108629e-17
     -5.374907e-16
     -9.152078e-16
     -8.322785e-16
     -5.500496e-17
      1.277033e-15
      2.663899e-15
      3.516281e-15
      3.470232e-15
      2.482046e-15
      6.943687e-16
     -1.667675e-15
     -4.212343e-15
     -6.315503e-15
     -7.356653e-15
     -7.136580e-15
     -6.054460e-15
     -4.962366e-15
     -5.115449e-15
     -8.350305e-15
     -1.675611e-14
     -3.115104e-14
     -4.929049e-14
     -6.610084e-14
     -7.689136e-14
     -8.096444e-14
     -8.134780e-14
     -7.968465e-14
     -7.127036e-14
     -4.710849e-14
     -3.813950e-15
      4.708244e-14
      8.135416e-14
      7.762830e-14
      3.467967e-14
     -2.505971e-14
     -7.006826e-14
     -8.018235e-14
     -5.557714e-14
     -8.777564e-15
      4.916846e-14
      1.132424e-13
      1.769745e-13
      2.247099e-13
      2.359906e-13
      2.007863e-13
      1.316259e-13
      6.015776e-14
      1.888569e-14
      2.060405e-14
      4.933239e-14
      6.892533e-14
      4.522244e-14
     -3.083785e-14
     -1.344950e-13
     -2.212785e-13
     -2.569322e-13
     -2.424607e-13
     -2.143104e-13
     -2.170124e-13
     -2.675606e-13
     -3.400662e-13
     -3.860572e-13
     -3.768430e-13
     -3.320451e-13
     -3.057110e-13
     -3.379710e-13
     -4.142747e-13
     -4.704219e-13
     -4.406327e-13
     -3.081206e-13
     -1.191501e-13
      4.489292e-14
      1.138442e-13
      6.583917e-14
     -6.202016e-14
     -1.948292e-13
     -2.631327e-13
     -2.410017e-13
     -1.517288e-13
     -4.282126e-14
      3.896186e-14
      5.228263e-14
     -3.576604e-14
     -2.217555e-13
     -4.325944e-13
     -5.441122e-13
     -4.678382e-13
     -2.337734e-13
      2.531087e-14
      1.894567e-13
      2.559394e-13
      3.236078e-13
      4.714153e-13
      6.566061e-13
      7.387859e-13
      6.106609e-13
      3.127530e-13
      2.298214e-14
     -7.637043e-14
      5.697213e-14
      2.933761e-13
      4.394556e-13
      3.913208e-13
      2.013205e-13
      1.242461e-14
     -6.280287e-14
     -5.950224e-15
      1.344524e-13
      2.991965e-13
      4.355316e-13
      4.808104e-13
      3.701734e-13
      9.174081e-14
     -2.610099e-13
     -5.112148e-13
     -5.046517e-13
     -2.241439e-13
      1.869119e-13
      5.221692e-13
      6.548027e-13
      6.040544e-13
      4.749508e-13
      3.427211e-13
      2.011069e-13
      1.371410e-14
     -2.075622e-13
     -3.906916e-13
     -4.623117e-13
     -4.032836e-13
     -2.485480e-13
     -5.109425e-14
      1.453597e-13
      3.133605e-13
      4.401757e-13
      5.176860e-13
      5.220744e-13
      4.099112e-13
      1.608634e-13
     -1.597624e-13
     -3.974823e-13
     -4.015010e-13
     -1.442786e-13
      2.460985e-13
      5.736281e-13
      7.004030e-13
      6.094050e-13
      3.827886e-13
      1.457227e-13
      1.705222e-14
      6.497024e-14
      2.653151e-13
      4.953950e-13
      5.955845e-13
      4.712262e-13
      1.563110e-13
     -2.127304e-13
     -4.845895e-13
     -5.686346e-13
     -4.561403e-13
     -2.014142e-13
      1.057726e-13
      3.658460e-13
      4.962614e-13
      4.551944e-13
      2.547157e-13
     -3.550785e-14
     -2.978503e-13
     -4.105572e-13
     -3.297407e-13
     -1.514336e-13
     -6.736404e-14
     -2.109239e-13
     -5.223672e-13
     -7.810838e-13
     -7.981108e-13
     -5.866519e-13
     -3.368001e-13
     -2.205331e-13
     -2.306927e-13
     -2.171440e-13
     -6.887229e-14
      1.622390e-13
      3.266814e-13
      3.488246e-13
      3.080108e-13
      3.415538e-13
      4.830956e-13
      6.147616e-13
      5.793125e-13
      3.317274e-13
     -1.325462e-14
     -2.655366e-13
     -2.930680e-13
     -1.069838e-13
      1.477026e-13
      2.860590e-13
      2.060834e-13
     -4.295330e-14
     -3.022941e-13
     -4.235774e-13
     -3.650801e-13
     -1.912341e-13
      5.972999e-16
      1.466934e-13
      2.323906e-13
      2.728936e-13
      2.897725e-13
      2.913886e-13
      2.600844e-13
      1.616730e-13
     -1.763660e-14
     -2.376393e-13
     -4.148940e-13
     -4.766811e-13
     -4.081777e-13
     -2.487173e-13
     -4.809649e-14
      1.667069e-13
      3.825401e-13
      5.670576e-13
      6.567801e-13
      5.917410e-13
      3.756907e-13
      1.048501e-13
     -8.176347e-14
     -1.108051e-13
     -4.631257e-14
     -3.408888e-14
     -1.470454e-13
     -2.863416e-13
     -2.666949e-13
     -2.218703e-14
      2.879358e-13
      4.116421e-13
      2.507546e-13
     -4.792253e-14
     -2.640547e-13
     -3.431060e-13
     -4.264048e-13
     -6.441228e-13
     -9.292795e-13
     -1.079952e-12
     -9.854346e-13
     -7.332003e-13
     -4.778817e-13
     -2.623999e-13
     -3.013608e-14
      2.032243e-13
      2.756538e-13
      3.854056e-14
     -4.270930e-13
     -8.132846e-13
     -8.359589e-13
     -4.777293e-13
      1.807603e-14
      3.675410e-13
      4.467547e-13
      3.166350e-13
      1.231522e-13
      4.547006e-15
      4.938270e-14
      2.654628e-13
      5.530583e-13
      7.384227e-13
      6.861228e-13
      4.046533e-13
      3.809679e-14
     -2.541207e-13
     -4.117109e-13
     -4.780609e-13
     -5.121771e-13
     -5.152079e-13
     -4.469137e-13
     -3.010971e-13
     -1.449135e-13
     -6.945377e-14
     -1.011595e-13
     -1.743117e-13
     -2.023329e-13
     -1.732672e-13
     -1.614135e-13
     -2.376522e-13
     -3.752120e-13
     -4.558440e-13
     -3.769680e-13
     -1.582539e-13
      5.411219e-14
      9.523523e-14
     -8.683023e-14
     -3.872396e-13
     -6.273691e-13
     -6.911591e-13
     -5.933526e-13
     -4.312495e-13
     -2.923635e-13
     -2.201656e-13
     -2.453535e-13
     -3.981991e-13
     -6.558065e-13
     -8.965059e-13
     -9.611623e-13
     -7.966736e-13
     -5.278359e-13
     -3.496706e-13
     -3.290519e-13
     -3.295071e-13
     -1.611894e-13
      1.894010e-13
      5.032373e-13
      5.277235e-13
      2.339333e-13
     -1.405659e-13
     -3.141671e-13
     -2.197054e-13
     -3.848177e-14
      6.931739e-15
     -1.259921e-13
     -2.817405e-13
     -2.850764e-13
     -1.208942e-13
      5.634800e-14
      7.789862e-14
     -7.635181e-14
     -2.636034e-13
     -3.266008e-13
     -2.576729e-13
     -2.040019e-13
     -2.980549e-13
     -4.966666e-13
     -6.210990e-13
     -5.650260e-13
     -4.288392e-13
     -4.124248e-13
     -5.818642e-13
     -7.750451e-13
     -7.494518e-13
     -4.109338e-13
      9.867168e-14
      5.092905e-13
      6.086142e-13
      3.688781e-13
     -4.621623e-14
     -3.857533e-13
     -4.713481e-13
     -3.119960e-13
     -7.325987e-14
      7.790606e-14
      5.438697e-14
     -1.841543e-13
     -2.572712e-13
      1.128424e-12
      3.153694e-12
     -3.859054e-12
     -2.553179e-11
     -4.630575e-12
      1.749519e-10
      3.204148e-10
     -6.340318e-10
     -3.441346e-09
     -3.037453e-09
      1.600381e-08
      5.905643e-08
      4.925531e-08
     -2.444601e-07
     -1.026409e-06
     -1.611683e-06
      1.215023e-06
      1.414537e-05
      4.279029e-05
      7.201964e-05
      1.673535e-05
     -3.743596e-04
     -1.679071e-03
     -5.039396e-03
     -1.248396e-02
     -2.733611e-02
     -5.470287e-02
     -1.020346e-01
     -1.797406e-01
     -3.018416e-01
     -4.866354e-01
     -7.573482e-01
     -1.142744e+00
     -1.677663e+00
     -2.403453e+00
     -3.368275e+00
     -4.627256e+00
     -6.242456e+00
     -8.282652e+00
     -1.082291e+01
     -1.394397e+01
     -1.773136e+01
     -2.227443e+01
     -2.766509e+01
     -3.399645e+01
     -4.136132e+01
     -4.985059e+01
     -5.955163e+01
     -7.054653e+01
     -8.291051e+01
     -9.671028e+01
     -1.120026e+02
     -1.288327e+02
     -1.472336e+02
     -1.672244e+02
     -1.888102e+02
     -2.119812e+02
     -2.367122e+02
     -2.629633e+02
     -2.906791e+02
     -3.197899e+02
     -3.502121e+02
     -3.818489e+02
     -4.145913e+02
     -4.483192e+02
     -4.829028e+02
     -5.182034e+02
     -5.540753e+02
     -5.903663e+02
     -6.269197e+02
     -6.635748e+02
     -7.001686e+02
     -7.365364e+02
     -7.725129e+02
     -8.079329e+02
     -8.426321e+02
     -8.764477e+02
     -9.092190e+02
     -9.407878e+02
     -9.709987e+02
     -9.997001e+02
     -1.026744e+03
     -1.051986e+03
     -1.075288e+03
     -1.096515e+03
     -1.115541e+03
     -1.132242e+03
     -1.146506e+03
     -1.158226e+03
     -1.167304e+03
     -1.173653e+03
     -1.177198e+03
     -1.177871e+03
     -1.175622e+03
     -1.170412e+03
     -1.162214e+03
     -1.151021e+03
     -1.136837e+03
     -1.119683e+03
     -1.099597e+03
     -1.076633e+03
     -1.050857e+03
     -1.022355e+03
     -9.912235e+02
     -9.575740e+02
     -9.215297e+02
     -8.832245e+02
     -8.428013e+02
     -8.004106e+02
     -7.562086e+02
     -7.103554e+02
     -6.630131e+02
     -6.143438e+02
     -5.645086e+02
     -5.136648e+02
     -4.619655e+02
     -4.095576e+02
     -3.565809e+02
     -3.031673e+02
     -2.494398e+02
     -1.955123e+02
     -1.414894e+02
     -8.746598e+01
     -3.352800e+01
      2.024764e+01
      7.379234e+01
      1.270452e+02
      1.799523e+02
      2.324659e+02
      2.845436e+02
      3.361475e+02
      3.872434e+02
      4.378002e+02
      4.877891e+02
      5.371830e+02
      5.859560e+02
      6.340834e+02
      6.815407e+02
      7.283041e+02
      7.743502e+02
      8.196557e+02
      8.641975e+02
      9.079530e+02
      9.508998e+02
      9.930157e+02
      1.034279e+03
      1.074667e+03
      1.114159e+03
      1.152733e+03
      1.190365e+03
      1.227031e+03
      1.262705e+03
      1.297360e+03
      1.330965e+03
      1.363486e+03
      1.394883e+03
      1.425113e+03
      1.454128e+03
      1.481873e+03
      1.508286e+03
      1.533300e+03
      1.556841e+03
      1.578830e+03
      1.599178e+03
      1.617794e+03
      1.634581e+03
      1.649438e+03
      1.662262e+03
      1.672949e+03
      1.681393e+03
      1.687492e+03
      1.691145e+03
      1.692260e+03
      1.690747e+03
      1.686529e+03
      1.679536e+03
      1.669710e+03
      1.657007e+03
      1.641398e+03
      1.622865e+03
      1.601409e+03
      1.577047e+03
      1.549811e+03
      1.519750e+03
      1.486928e+03
      1.451426e+03
      1.413339e+03
      1.372775e+03
      1.329857e+03
      1.284717e+03
      1.237499e+03
      1.188357e+03
      1.137451e+03
      1.084948e+03
      1.031021e+03
      9.758485e+02
      9.196092e+02
      8.624859e+02
      8.046622e+02
      7.463220e+02
      6.876492e+02
      6.288267e+02
      5.700358e+02
      5.114561e+02
      4.532647e+02
      3.956358e+02
      3.387403e+02
      2.827453e+02
      2.278134e+02
      1.741022e+02
      1.217638e+02
      7.094378e+01
      2.178041e+01
     -2.559607e+01
     -7.106446e+01
     -1.145136e+02
     -1.558434e+02
     -1.949657e+02
     -2.318051e+02
     -2.663002e+02
     -2.984040e+02
     -3.280847e+02
     -3.553259e+02
     -3.801274e+02
     -4.025047e+02
     -4.224892e+02
     -4.401274e+02
     -4.554810e+02
     -4.686252e+02
     -4.796482e+02
     -4.886497e+02
     -4.957393e+02
     -5.010352e+02
     -5.046621e+02
     -5.067498e+02
     -5.074310e+02
     -5.068395e+02
     -5.051087e+02
     -5.023695e+02
     -4.987491e+02
     -4.943693e+02
     -4.893453e+02
     -4.837850e+02
     -4.777876e+02
     -4.714436e+02
     -4.648341e+02
     -4.580310e+02
     -4.510966e+02
     -4.440846e+02
     -4.370397e+02
     -4.299989e+02
     -4.229920e+02
     -4.160422e+02
     -4.091671e+02
     -4.023796e+02
     -3.956884e+02
     -3.890991e+02
     -3.826151e+02
     -3.762374e+02
     -3.699663e+02
     -3.638008e+02
     -3.577395e+02
     -3.517808e+02
     -3.459229e+02
     -3.401640e+02
     -3.345023e+02
     -3.289361e+02
     -3.234636e+02
     -3.180833e+02
     -3.127935e+02
     -3.075925e+02
     -3.024789e+02
     -2.974510e+02
     -2.925072e+02
     -2.876463e+02
     -2.828665e+02
     -2.781667e+02
     -2.735452e+02
     -2.690008e+02
     -2.645321e+02
     -2.601377e+02
     -2.558165e+02
     -2.515670e+02
     -2.473880e+02
     -2.432784e+02
     -2.392369e+02
     -2.352622e+02
     -2.313534e+02
     -2.275091e+02
     -2.237283e+02
     -2.200100e+02
     -2.163530e+02
     -2.127562e+02
     -2.092187e+02
     -2.057394e+02
     -2.023173e+02
     -1.989514e+02
     -1.956408e+02
     -1.923845e+02
     -1.891817e+02
     -1.860313e+02
     -1.829325e+02
     -1.798845e+02
     -1.768863e+02
     -1.739371e+02
     -1.710361e+02
     -1.681825e+02
     -1.653755e+02
     -1.626142e+02
     -1.598980e+02
     -1.572260e+02
     -1.545975e+02
     -1.520118e+02
     -1.494682e+02
     -1.469660e+02
     -1.445044e+02
     -1.420828e+02
     -1.397006e+02
     -1.373570e+02
     -1.350515e+02
     -1.327834e+02
     -1.305520e+02
     -1.283568e+02
     -1.261972e+02
     -1.240726e+02
     -1.219824e+02
     -1.199260e+02
     -1.179029e+02
     -1.159126e+02
     -1.139544e+02
     -1.120279e+02
     -1.101326e+02
     -1.082679e+02
     -1.064333e+02
     -1.046284e+02
     -1.028527e+02
     -1.011056e+02
     -9.938680e+01
     -9.769573e+01
     -9.603197e+01
     -9.439507e+01
     -9.278461e+01
     -9.120015e+01
     -8.964128e+01
     -8.810758e+01
     -8.659864e+01
     -8.511406e+01
     -8.365345e+01
     -8.221643e+01
     -8.080262e+01
     -7.941164e+01
     -7.804312e+01
     -7.669671e+01
     -7.537206e+01
     -7.406880e+01
     -7.278661e+01
     -7.152515e+01
     -7.028407e+01
     -6.906307e+01
     -6.786181e+01
     -6.667999e+01
     -6.551729e+01
     -6.437342e+01
     -6.324807e+01
     -6.214094e+01
     -6.105175e+01
     -5.998022e+01
     -5.892607e+01
     -5.788901e+01
     -5.686878e+01
     -5.586512e+01
     -5.487776e+01
     -5.390644e+01
     -5.295092e+01
     -5.201094e+01
     -5.108626e+01
     -5.017664e+01
     -4.928183e+01
     -4.840162e+01
     -4.753577e+01
     -4.668405e+01
     -4.584624e+01
     -4.502212e+01
     -4.421149e+01
     -4.341412e+01
     -4.262982e+01
     -4.185837e+01
     -4.109957e+01
     -4.035324e+01
     -3.961917e+01
     -3.889717e+01
     -3.818705e+01
     -3.748863e+01
     -3.680172e+01
     -3.612616e+01
     -3.546175e+01
     -3.480833e+01
     -3.416572e+01
     -3.353376e+01
     -3.291227e+01
     -3.230111e+01
     -3.170011e+01
     -3.110910e+01
     -3.052794e+01
     -2.995646e+01
     -2.939453e+01
     -2.884199e+01
     -2.829870e+01
     -2.776451e+01
     -2.723928e+01
     -2.672288e+01
     -2.621516e+01
     -2.571599e+01
     -2.522524e+01
     -2.474277e+01
     -2.426847e+01
     -2.380219e+01
     -2.334383e+01
     -2.289325e+01
     -2.245033e+01
     -2.201496e+01
     -2.158701e+01
     -2.116638e+01
     -2.075295e+01
     -2.034660e+01
     -1.994723e+01
     -1.955473e+01
     -1.916900e+01
     -1.878991e+01
     -1.841739e+01
     -1.805131e+01
     -1.769158e+01
     -1.733811e+01
     -1.699079e+01
     -1.664953e+01
     -1.631423e+01
     -1.598481e+01
     -1.566116e+01
     -1.534321e+01
     -1.503085e+01
     -1.472401e+01
     -1.442259e+01
     -1.412652e+01
     -1.383571e+01
     -1.355007e+01
     -1.326952e+01
     -1.299399e+01
     -1.272340e+01
      1.299399e+01
      1.326952e+01
      1.355007e+01
      1.383571e+01
      1.412652e+01
      1.442259e+01
      1.472401e+01
      1.503085e+01
      1.534321e+01
      1.566116e+01
      1.598481e+01
      1.631423e+01
      1.664953e+01
      1.699079e+01
      1.733811e+01
      1.769158e+01
      1.805131e+01
      1.841739e+01
      1.878991e+01
      1.916900e+01
      1.955473e+01
      1.994723e+01
      2.034660e+01
      2.075295e+01
      2.116638e+01
      2.158701e+01
      2.201496e+01
      2.245033e+01
      2.289325e+01
      2.334383e+01
      2.380219e+01
      2.426847e+01
      2.474277e+01
      2.522524e+01
      2.571599e+01
      2.621516e+01
      2.672288e+01
      2.723928e+01
      2.776451e+01
      2.829870e+01
      2.884199e+01
      2.939453e+01
      2.995646e+01
      3.052794e+01
      3.110910e+01
      3.170011e+01
      3.230111e+01
      3.291227e+01
      3.353376e+01
      3.416572e+01
      3.480833e+01
      3.546175e+01
      3.612616e+01
      3.680172e+01
      3.748863e+01
      3.818705e+01
      3.889717e+01
      3.961917e+01
      4.035324e+01
      4.109957e+01
      4.185837e+01
      4.262982e+01
      4.341412e+01
      4.421149e+01
      4.502212e+01
      4.584624e+01
      4.668405e+01
      4.753577e+01
      4.840162e+01
      4.928183e+01
      5.017664e+01
      5.108626e+01
      5.201094e+01
      5.295092e+01
      5.390644e+01
      5.487776e+01
      5.586512e+01
      5.686878e+01
      5.788901e+01
      5.892607e+01
      5.998022e+01
      6.105175e+01
      6.214094e+01
      6.324807e+01
      6.437342e+01
      6.551729e+01
      6.667999e+01
      6.786181e+01
      6.906307e+01
      7.028407e+01
      7.152515e+01
      7.278661e+01
      7.406880e+01
      7.537206e+01
      7.669671e+01
      7.804312e+01
      7.941164e+01
      8.080262e+01
      8.221643e+01
      8.365345e+01
      8.511406e+01
      8.659864e+01
      8.810758e+01
      8.964128e+01
      9.120015e+01
      9.278461e+01
      9.439507e+01
      9.603197e+01
      9.769573e+01
      9.938680e+01
      1.011056e+02
      1.028527e+02
      1.046284e+02
      1.064333e+02
      1.082679e+02
      1.101326e+02
      1.120279e+02
      1.139544e+02
      1.159126e+02
      1.179029e+02
      1.199260e+02
      1.219824e+02
      1.240726e+02
      1.261972e+02
      1.283568e+02
      1.305520e+02
      1.327834e+02
      1.350515e+02
      1.373570e+02
      1.397006e+02
      1.420828e+02
      1.445044e+02
      1.469660e+02
      1.494682e+02
      1.520118e+02
      1.545975e+02
      1.572260e+02
      1.598980e+02
      1.626142e+02
      1.653755e+02
      1.681825e+02
      1.710361e+02
      1.739371e+02
      1.768863e+02
      1.798845e+02
      1.829325e+02
      1.860313e+02
      1.891817e+02
      1.923845e+02
      1.956408e+02
      1.989514e+02
      2.023173e+02
      2.057394e+02
      2.092187e+02
      2.127562e+02
      2.163530e+02
      2.200100e+02
      2.237283e+02
      2.275091e+02
      2.313534e+02
      2.352622e+02
      2.392369e+02
      2.432784e+02
      2.473880e+02
      2.515670e+02
      2.558165e+02
      2.601377e+02
      2.645321e+02
      2.690008e+02
      2.735452e+02
      2.781667e+02
      2.828665e+02
      2.876463e+02
      2.925072e+02
      2.974510e+02
      3.024789e+02
      3.075926e+02
      3.127935e+02
      3.180833e+02
      3.234636e+02
      3.289361e+02
      3.345023e+02
      3.401640e+02
      3.459230e+02
      3.517809e+02
      3.577398e+02
      3.638013e+02
      3.699673e+02
      3.762399e+02
      3.826208e+02
      3.891121e+02
      3.957158e+02
      4.024336e+02
      4.092676e+02
      4.162193e+02
      4.232904e+02
      4.304821e+02
      4.377954e+02
      4.452308e+02
      4.527883e+02
      4.604671e+02
      4.682656e+02
      4.761812e+02
      4.842103e+02
      4.923478e+02
      5.005873e+02
      5.089207e+02
      5.173380e+02
      5.258277e+02
      5.343759e+02
      5.429667e+02
      5.515820e+02
      5.602016e+02
      5.688026e+02
      5.773603e+02
      5.858475e+02
      5.942349e+02
      6.024910e+02
      6.105825e+02
      6.184742e+02
      6.261294e+02
      6.335098e+02
      6.405760e+02
      6.472877e+02
      6.536039e+02
      6.594831e+02
      6.648836e+02
      6.697639e+02
      6.740828e+02
      6.777997e+02
      6.808750e+02
      6.832701e+02
      6.849476e+02
      6.858720e+02
      6.860092e+02
      6.853271e+02
      6.837957e+02
      6.813874e+02
      6.780766e+02
      6.738404e+02
      6.686583e+02
      6.625127e+02
      6.553886e+02
      6.472737e+02
      6.381587e+02
      6.280373e+02
      6.169060e+02
      6.047645e+02
      5.916155e+02
      5.774646e+02
      5.623208e+02
      5.461960e+02
      5.291052e+02
      5.110666e+02
      4.921014e+02
      4.722336e+02
      4.514904e+02
      4.299015e+02
      4.074997e+02
      3.843200e+02
      3.604000e+02
      3.357794e+02
      3.105000e+02
      2.846055e+02
      2.581410e+02
      2.311530e+02
      2.036890e+02
      1.757973e+02
      1.475267e+02
      1.189263e+02
      9.004512e+01
      6.093182e+01
      3.163457e+01
      2.200776e+00
     -2.732317e+01
     -5.689204e+01
     -8.646194e+01
     -1.159904e+02
     -1.454367e+02
     -1.747614e+02
     -2.039272e+02
     -2.328981e+02
     -2.616402e+02
     -2.901208e+02
     -3.183093e+02
     -3.461762e+02
     -3.736938e+02
     -4.008355e+02
     -4.275761e+02
     -4.538914e+02
     -4.797584e+02
     -5.051547e+02
     -5.300590e+02
     -5.544506e+02
     -5.783092e+02
     -6.016154e+02
     -6.243500e+02
     -6.464943e+02
     -6.680298e+02
     -6.889384e+02
     -7.092026e+02
     -7.288046e+02
     -7.477273e+02
     -7.659538e+02
     -7.834672e+02
     -8.002513e+02
     -8.162897e+02
     -8.315666e+02
     -8.460665e+02
     -8.597739e+02
     -8.726737e+02
     -8.847514e+02
     -8.959923e+02
     -9.063823e+02
     -9.159077e+02
     -9.245549e+02
     -9.323109e+02
     -9.391629e+02
     -9.450987e+02
     -9.501067e+02
     -9.541757e+02
     -9.572952e+02
     -9.594558e+02
     -9.606487e+02
     -9.608662e+02
     -9.601021e+02
     -9.583513e+02
     -9.556105e+02
     -9.518778e+02
     -9.471537e+02
     -9.414405e+02
     -9.347428e+02
     -9.270680e+02
     -9.184259e+02
     -9.088290e+02
     -8.982930e+02
     -8.868364e+02
     -8.744808e+02
     -8.612509e+02
     -8.471748e+02
     -8.322832e+02
     -8.166104e+02
     -8.001933e+02
     -7.830715e+02
     -7.652877e+02
     -7.468867e+02
     -7.279156e+02
     -7.084237e+02
     -6.884618e+02
     -6.680824e+02
     -6.473392e+02
     -6.262866e+02
     -6.049798e+02
     -5.834743e+02
     -5.618257e+02
     -5.400894e+02
     -5.183201e+02
     -4.965721e+02
     -4.748985e+02
     -4.533512e+02
     -4.319808e+02
     -4.108363e+02
     -3.899650e+02
     -3.694120e+02
     -3.492207e+02
     -3.294319e+02
     -3.100845e+02
     -2.912146e+02
     -2.728558e+02
     -2.550391e+02
     -2.377927e+02
     -2.211420e+02
     -2.051094e+02
     -1.897143e+02
     -1.749730e+02
     -1.608987e+02
     -1.475015e+02
     -1.347882e+02
     -1.227624e+02
     -1.114244e+02
     -1.007716e+02
     -9.079801e+01
     -8.149468e+01
     -7.284971e+01
     -6.484839e+01
     -5.747332e+01
     -5.070464e+01
     -4.452022e+01
     -3.889589e+01
     -3.380568e+01
     -2.922214e+01
     -2.511658e+01
     -2.145939e+01
     -1.822034e+01
     -1.536890e+01
     -1.287449e+01
     -1.070685e+01
     -8.836233e+00
     -7.233727e+00
     -5.871451e+00
     -4.722780e+00
     -3.762517e+00
     -2.967038e+00
     -2.314406e+00
     -1.784449e+00
     -1.358802e+00
     -1.020922e+00
     -7.560662e-01
     -5.512462e-01
     -3.951546e-01
     -2.780718e-01
     -1.917547e-01
     -1.293121e-01
     -8.507194e-02
     -5.444277e-02
     -3.377540e-02
     -2.022707e-02
     -1.163186e-02
     -6.379967e-03
     -3.307901e-03
     -1.601153e-03
     -7.101396e-04
     -2.797027e-04
     -9.185067e-05
     -2.092008e-05
      4.542958e-08
      3.224199e-06
      1.980184e-06
      6.735929e-07
      7.476678e-08
     -6.391243e-08
     -4.429005e-08
     -1.161612e-08
      1.498737e-09
      2.427721e-09
      7.528965e-10
     -8.381329e-11
     -1.428849e-10
     -3.401042e-11
      1.096857e-11
      8.015440e-12
      4.136291e-13
     -1.060855e-12
     -2.743786e-13
      1.002353e-13
      5.404372e-14
     -6.521815e-15
     -8.111872e-15
      1.320788e-16
      1.091194e-15
      3.787719e-17
     -1.410979e-16
     -6.360483e-18
      1.803284e-17
      2.858026e-19
     -2.256565e-18
      1.147297e-19
      2.639366e-19
     -4.086606e-20
     -2.623818e-20
      8.362640e-21
      1.722854e-21
     -1.238464e-21
      3.762594e-23
      1.285218e-22
     -3.169030e-23
     -6.484712e-24
      4.921440e-24
     -5.862248e-25
     -3.497360e-25
      1.593953e-25
     -1.215220e-26
     -1.218153e-26
      5.184675e-27
     -5.725043e-28
     -2.978061e-28
      1.632713e-28
     -3.383084e-29
     -1.794043e-30
      3.720004e-30
     -1.334618e-30
      2.228414e-31
      2.270405e-32
     -2.956391e-32
      1.140919e-32
     -2.755397e-33
      3.414666e-34
      6.436230e-35
     -5.973935e-35
      2.477276e-35
     -7.887630e-36
      2.149274e-36
     -5.233483e-37
      1.164701e-37
     -2.401260e-38
      4.627222e-39
     -8.385251e-40
      1.435142e-40
     -2.326728e-41
      3.579979e-42
     -5.231949e-43
      7.260557e-44
     -9.551214e-45
      1.186566e-45
     -1.382132e-46
      1.488995e-47
     -1.442327e-48
      1.170879e-49
     -6.053909e-51
     -3.110981e-52
      1.612503e-52
     -3.300385e-53
      5.337924e-54
     -7.648639e-55
      1.012057e-55
     -1.261567e-56
      1.498325e-57
     -1.707556e-58
      1.876318e-59
     -1.994805e-60
      2.057234e-61
     -2.062213e-62
      2.012584e-63
     -1.914806e-64
      1.778003e-65
     -1.612848e-66
      1.430440e-67
     -1.241305e-68
      1.054638e-69
     -8.778056e-71
      7.161328e-72
     -5.729267e-73
      4.496845e-74
     -3.464162e-75
      2.620207e-76
     -1.946588e-77
      1.420884e-78
     -1.019352e-79
      7.189512e-81
     -4.986604e-82
      3.402163e-83
     -2.283806e-84
      1.508761e-85
     -9.811558e-87
      6.282117e-88
     -3.961093e-89
      2.460094e-90
     -1.505217e-91
      9.074800e-93
     -5.391910e-94
      3.157838e-95
     -1.823266e-96
      1.037988e-97
     -5.827510e-99
     3.226910e-100
    -1.762650e-101
     9.499065e-103
    -5.051146e-104
     2.650635e-105
    -1.372827e-106
     7.018452e-108
    -3.542241e-109
     1.765130e-110
    -8.685330e-112
     4.220410e-113
    -2.025481e-114
     9.601786e-116
    -4.496458e-117
     2.080304e-118
    -9.509602e-120
     4.295546e-121
    -1.917497e-122
     8.459607e-124
    -3.688951e-125
     1.590120e-126
    -6.775910e-128
     2.854640e-129
    -1.189092e-130
     4.897723e-132
    -1.994897e-133
     8.035753e-135
    -3.201431e-136
     1.261549e-137
    -4.917417e-139
     1.896148e-140
    -7.233338e-142
     2.730015e-143
    -1.019481e-144
     3.767105e-146
    -1.377456e-147
     4.984430e-149
    -1.785033e-150
     6.326963e-152
    -2.219663e-153
     7.708067e-155
    -2.649685e-156
     9.016885e-158
    -3.037770e-159
     1.013238e-160
    -3.346170e-162
     1.094173e-163
    -3.542795e-165
     1.135923e-166
    -3.606738e-168
     1.134130e-169
    -3.531938e-171
     1.089392e-172
    -3.328086e-174
     1.007077e-175
    -3.018606e-177
     8.962790e-179
    -2.636273e-180
     7.681834e-182
    -2.217600e-183
     6.342517e-185
    -1.797282e-186
     5.046175e-188
    -1.403834e-189
     3.869823e-191
    -1.057070e-192
     2.861328e-194
    -7.675336e-196
     2.040361e-197
    -5.375390e-199
     1.403524e-200
    -3.632036e-202
     9.315658e-204
    -2.368224e-205
     5.967475e-207
    -1.490490e-208
     3.690203e-210
    -9.056618e-212
     2.203373e-213
    -5.314073e-215
     1.270562e-216
    -3.011644e-218
     7.077207e-220
    -1.648850e-221
     3.808656e-223
    -8.722556e-225
     1.980647e-226
    -4.459352e-228
     9.955131e-230
    -2.203649e-231
     4.836898e-233
    -1.052761e-234
     2.272164e-236
    -4.863013e-238
     1.032132e-239
    -2.172389e-241
     4.534406e-243
    -9.386241e-245
     1.926901e-246
    -3.923112e-248
     7.921608e-250
    -1.586406e-251
     3.150947e-253
    -6.207264e-255
     1.212826e-256
    -2.350404e-258
     4.517923e-260
    -8.613774e-262
     1.628968e-263
    -3.055639e-265
     5.685487e-267
    -1.049337e-268
     1.921098e-270
    -3.488801e-272
     6.284928e-274
    -1.123122e-275
     1.990950e-277
    -3.501108e-279
     6.107547e-281
    -1.056935e-282
     1.814488e-284
    -3.090211e-286
     5.221005e-288
    -8.750955e-290
     1.455109e-291
    -2.400368e-293
     3.928303e-295
    -6.377931e-297
     1.027318e-298
    -1.641659e-300
     2.602652e-302
    -4.093606e-304
     6.387852e-306
    -9.889267e-308
     1.518921e-309
    -2.314564e-311
     3.499244e-313
    -5.220877e-315
     5.524403e-317
    -2.640287e-319
     3.853712e-322
     -0.000000e+00
     -0.000000e+00
     -0.000000e+00
     -0.000000e+00
     -0.000000e+00
     -0.000000e+00
     -0.000000e+00
     -0.000000e+00
     -0.000000e+00
     -0.000000e+00
     -0.000000e+00
     -0.000000e+00
     -0.000000e+00
     -0.000000e+00
     -0.000000e+00
     -0.000000e+00
     -0.000000e+00
     -0.000000e+00
     -0.000000e+00
     -0.000000e+00
     -0.000000e+00
     -0.000000e+00
     -0.000000e+00
     -0.000000e+00
     -0.000000e+00
     -0.000000e+00
     -0.000000e+00
     -0.000000e+00
     -0.000000e+00
     -0.000000e+00
     -0.000000e+00
     -0.000000e+00
     -0.000000e+00
     -0.000000e+00
     -0.000000e+00
     -0.000000e+00
     -0.000000e+00
     -0.000000e+00
     -0.000000e+00
     -0.000000e+00
     -0.000000e+00
     -0.000000e+00
     -0.000000e+00
     -0.000000e+00
     -0.000000e+00
     -0.000000e+00
     -0.000000e+00
     -0.000000e+00
     -0.000000e+00
     -0.000000e+00
     -0.000000e+00
     -0.000000e+00
     -0.000000e+00
     -0.000000e+00
     -0.000000e+00
     -0.000000e+00
     -0.000000e+00
     -0.000000e+00
     -0.000000e+00
     -0.000000e+00
     -0.000000e+00
     -0.000000e+00
     -0.000000e+00
     -0.000000e+00
     -0.000000e+00
     -0.000000e+00
     -0.000000e+00
     -0.000000e+00
     -0.000000e+00
     -0.000000e+00
     -0.000000e+00
     -0.000000e+00
     -0.000000e+00
     -0.000000e+00
     -0.000000e+00
     -0.000000e+00
     -0.000000e+00
     -0.000000e+00
     -0.000000e+00
     -0.000000e+00
     -0.000000e+00
     -0.000000e+00
     -0.000000e+00
     -0.000000e+00
     -0.000000e+00
     -0.000000e+00
     -0.000000e+00
     -0.000000e+00
     -0.000000e+00
     -0.000000e+00
     -0.000000e+00
     -0.000000e+00
     -0.000000e+00
     -0.000000e+00
     -0.000000e+00
     -0.000000e+00
     -0.000000e+00
     -0.000000e+00
     -0.000000e+00
     -0.000000e+00
     -0.000000e+00
     -0.000000e+00
     -0.000000e+00
      0.000000e+00
      0.000000e+00
