      0.000000e+00
      0.000000e+00
     -4.418133e-16
      1.830544e-18
     -1.766966e-16
     -2.504733e-15
     -3.110256e-15
      3.030999e-15
      4.502418e-15
     -2.659148e-14
     -9.521958e-14
     -1.530844e-13
     -1.416697e-13
     -6.982837e-14
     -1.532509e-14
     -3.587497e-14
     -1.013430e-13
     -1.240477e-13
     -4.277851e-14
      1.178566e-13
      2.510667e-13
      2.459724e-13
      1.005849e-13
     -5.567756e-14
     -1.002659e-13
     -6.197407e-14
     -6.978291e-14
     -1.746095e-13
     -2.855719e-13
     -2.862918e-13
     -1.716483e-13
     -4.720038e-14
     -6.893933e-15
     -4.991556e-14
     -1.271390e-13
     -2.077260e-13
     -2.597050e-13
     -2.317850e-13
     -1.174008e-13
      1.482824e-14
      1.003104e-13
      1.242885e-13
      6.499178e-14
     -1.074955e-13
     -3.374861e-13
     -4.838589e-13
     -4.484387e-13
     -2.437856e-13
      4.643805e-14
      2.981434e-13
      3.845231e-13
      2.880763e-13
      1.511246e-13
      1.332035e-13
      2.349742e-13
      3.064768e-13
      2.136056e-13
     -1.501592e-14
     -2.112357e-13
     -2.517282e-13
     -1.733032e-13
     -7.247800e-14
      1.342825e-14
      7.800978e-14
      1.152674e-13
      1.527265e-13
      2.053261e-13
      2.026914e-13
      7.836293e-14
     -9.838304e-14
     -2.094981e-13
     -2.717805e-13
     -3.605815e-13
     -3.729771e-13
     -1.292634e-13
      2.739081e-13
      4.660201e-13
     -3.278368e-13
      6.836708e-12
     -5.491600e-11
      3.216083e-10
     -1.287302e-09
      2.277892e-09
      9.795269e-09
     -8.161723e-08
      1.546416e-07
      7.282048e-07
     -3.647871e-06
     -4.920844e-06
      5.015681e-05
      7.066786e-05
     -5.712994e-04
     -1.758540e-03
      3.259003e-03
      3.089586e-02
      6.589820e-02
     -1.102558e-01
     -1.300990e+00
     -5.443067e+00
     -1.607027e+01
     -3.831177e+01
     -7.815921e+01
     -1.410770e+02
     -2.303850e+02
     -3.459828e+02
     -4.838306e+02
     -6.362584e+02
     -7.928408e+02
     -9.414230e+02
     -1.068974e+03
     -1.162204e+03
     -1.208104e+03
     -1.194643e+03
     -1.111673e+03
     -9.518767e+02
     -7.114331e+02
     -3.903152e+02
      7.367545e+00
      4.712619e+02
      9.756050e+02
      1.458424e+03
      1.807251e+03
      1.897268e+03
      1.689933e+03
      1.300796e+03
      9.358230e+02
      7.420572e+02
      7.277675e+02
      8.144910e+02
      9.294833e+02
      1.040434e+03
      1.136093e+03
      1.205351e+03
      1.235420e+03
      1.217070e+03
      1.146530e+03
      1.024722e+03
      8.563731e+02
      6.491653e+02
      4.126648e+02
      1.572965e+02
     -1.063979e+02
     -3.683352e+02
     -6.194975e+02
     -8.525144e+02
     -1.061716e+03
     -1.241641e+03
     -1.382196e+03
     -1.459275e+03
     -1.430135e+03
     -1.256622e+03
     -9.549462e+02
     -6.142466e+02
     -3.400350e+02
     -1.776345e+02
     -1.017317e+02
     -6.653849e+01
     -4.555915e+01
     -3.169161e+01
     -2.323505e+01
     -1.813988e+01
     -1.475830e+01
     -1.237415e+01
     -1.069182e+01
     -9.501707e+00
     -8.654683e+00
     -8.062145e+00
     -7.670150e+00
     -7.443311e+00
     -7.359241e+00
     -7.404684e+00
     -7.571591e+00
     -7.852549e+00
     -8.233239e+00
     -8.677788e+00
     -9.100323e+00
     -9.316996e+00
     -9.012340e+00
     -7.868935e+00
     -5.930934e+00
     -3.780315e+00
     -2.103102e+00
     -1.130289e+00
     -6.552207e-01
     -4.147605e-01
     -2.768224e-01
     -1.945755e-01
     -1.447346e-01
     -1.129084e-01
     -9.157714e-02
     -7.686246e-02
     -6.649585e-02
     -5.909980e-02
     -5.382903e-02
     -5.014828e-02
     -4.771301e-02
     -4.630280e-02
     -4.578018e-02
     -4.606279e-02
     -4.710019e-02
     -4.884566e-02
      4.709908e-02
      4.606252e-02
      4.578042e-02
      4.630348e-02
      4.771456e-02
      5.015200e-02
      5.383655e-02
      5.911021e-02
      6.650338e-02
      7.686706e-02
      9.163081e-02
      1.132253e-01
      1.456308e-01
      1.953037e-01
      2.740081e-01
      4.069656e-01
      6.534119e-01
      1.147898e+00
      2.122776e+00
      3.768407e+00
      5.900766e+00
      7.862949e+00
      9.028423e+00
      9.327650e+00
      9.101339e+00
      8.676487e+00
      8.232327e+00
      7.852102e+00
      7.571411e+00
      7.404645e+00
      7.359279e+00
      7.443421e+00
      7.670385e+00
      8.062582e+00
      8.655897e+00
      9.505255e+00
      1.069521e+01
      1.236413e+01
      1.474447e+01
      1.822435e+01
      2.349224e+01
      3.175592e+01
      4.475477e+01
      6.530388e+01
      1.022061e+02
      1.806500e+02
      3.423601e+02
      6.125824e+02
      9.519110e+02
      1.258709e+03
      1.442593e+03
      1.489158e+03
      1.445089e+03
      1.362223e+03
      1.270039e+03
      1.180715e+03
      1.098515e+03
      1.024203e+03
      9.570792e+02
      8.959657e+02
      8.396077e+02
      7.868142e+02
      7.365023e+02
      6.876975e+02
      6.395017e+02
      5.910528e+02
      5.414395e+02
      4.892982e+02
      4.320749e+02
      3.661966e+02
      2.885085e+02
      1.925801e+02
      5.156570e+01
     -1.976336e+02
     -6.254176e+02
     -1.225180e+03
     -1.856046e+03
     -2.309742e+03
     -2.460267e+03
     -2.339566e+03
     -2.072508e+03
     -1.769900e+03
     -1.486256e+03
     -1.237469e+03
     -1.024778e+03
     -8.449477e+02
     -6.934531e+02
     -5.658778e+02
     -4.583973e+02
     -3.678311e+02
     -2.915863e+02
     -2.275782e+02
     -1.741503e+02
     -1.299945e+02
     -9.406272e+01
     -6.547298e+01
     -4.341727e+01
     -2.708611e+01
     -1.562462e+01
     -8.126787e+00
     -3.663213e+00
     -1.332712e+00
     -3.300779e-01
     -1.804260e-02
      2.422557e-02
      7.973774e-03
     -1.077270e-03
     -1.074423e-03
      1.768044e-05
      1.197559e-04
     -2.447519e-06
     -1.160899e-05
      1.445168e-06
      7.618856e-07
     -2.581923e-07
      4.635803e-09
      1.537544e-08
     -4.532648e-09
      5.349927e-10
      4.526305e-11
     -3.516251e-11
      9.027994e-12
     -1.601324e-12
      2.218440e-13
     -2.490608e-14
      2.255006e-15
     -1.537136e-16
      5.377561e-18
      4.649048e-19
     -1.233626e-19
      1.648765e-20
     -1.718109e-21
      1.535659e-22
     -1.223703e-23
      8.872187e-25
     -5.926265e-26
      3.677967e-27
     -2.133992e-28
      1.163034e-29
     -5.976490e-31
      2.904691e-32
     -1.338700e-33
      5.863569e-35
     -2.445535e-36
      9.728664e-38
     -3.697010e-39
      1.343837e-40
     -4.678018e-42
      1.561230e-43
     -5.000201e-45
      1.538194e-46
     -4.548739e-48
      1.294045e-49
     -3.543897e-51
      9.348801e-53
     -2.376953e-54
      5.827746e-56
     -1.378484e-57
      3.147107e-59
     -6.937443e-61
      1.477131e-62
     -3.038835e-64
      6.042068e-66
     -1.161344e-67
      2.158360e-69
     -3.879280e-71
      6.743770e-73
     -1.134027e-74
      1.844765e-76
     -2.903122e-78
      4.419637e-80
     -6.508397e-82
      9.269842e-84
     -1.276728e-85
      1.699953e-87
     -2.187424e-89
      2.718842e-91
     -3.262325e-93
      3.775921e-95
     -4.211421e-97
      4.520263e-99
    -4.660700e-101
     4.604987e-103
    -4.345046e-105
     3.895274e-107
    -3.291637e-109
     2.587008e-111
    -1.843582e-113
     1.123847e-115
    -4.819336e-118
    -4.299655e-121
     4.302398e-122
    -6.775816e-124
     7.983422e-126
    -8.164685e-128
     7.609428e-130
    -6.606775e-132
     5.407114e-134
      0.000000e+00
      0.000000e+00
