      0.000000e+00
      0.000000e+00
     -7.247998e-15
     -3.572545e-14
     -7.982276e-14
     -8.436593e-14
     -4.193750e-14
      4.612976e-14
      1.213236e-13
      2.028778e-14
     -8.896367e-14
      4.479313e-14
      2.576198e-13
     -5.784024e-12
      1.896222e-10
     -5.245379e-09
      1.171860e-07
     -1.995143e-06
      2.216125e-05
     -4.775150e-05
     -3.702443e-03
      7.838023e-02
     -7.604636e-01
      2.676504e+00
      1.188559e+01
     -6.457245e+01
     -3.856859e+02
     -8.790033e+02
     -1.120011e+03
     -7.683471e+02
      3.024345e+01
      8.731893e+02
      1.480566e+03
      1.659564e+03
      1.256192e+03
      4.361309e+02
     -2.814089e+02
     -5.367550e+02
     -4.475442e+02
     -3.049543e+02
     -2.262455e+02
     -1.814793e+02
     -1.411870e+02
     -1.064581e+02
     -8.043812e+01
     -6.094032e+01
     -4.580750e+01
     -3.411254e+01
     -2.518041e+01
     -1.838594e+01
     -1.324601e+01
      1.838670e+01
      2.518495e+01
      3.411031e+01
      4.577028e+01
      6.096061e+01
      8.071804e+01
      1.063783e+02
      1.395918e+02
      1.821362e+02
      2.363369e+02
      3.084898e+02
      4.113493e+02
      5.467693e+02
      6.641852e+02
      6.522333e+02
      4.216655e+02
      6.239643e+00
     -4.516654e+02
     -8.035557e+02
     -9.520998e+02
     -8.598112e+02
     -5.816465e+02
     -2.692132e+02
     -6.679754e+01
      7.418572e-01
      3.149073e+00
     -7.151021e-01
     -1.936678e-01
      7.888283e-02
     -1.119638e-02
      8.128729e-04
     -1.932286e-05
     -2.456273e-06
      3.524078e-07
     -2.635792e-08
      1.425096e-09
     -6.098454e-11
      2.154052e-12
     -6.433765e-14
      1.650722e-15
     -3.678121e-17
      7.173669e-19
     -1.231746e-20
      1.869743e-22
     -2.516476e-24
      3.008580e-26
     -3.198001e-28
      3.022293e-30
      0.000000e+00
      0.000000e+00
