      0.000000e+00
      0.000000e+00
     -8.374658e-16
     -3.347932e-15
     -4.498206e-15
     -2.233531e-15
      1.694508e-15
      8.786949e-16
     -1.027236e-14
     -2.853396e-14
     -4.073376e-14
     -3.423743e-14
     -1.096780e-14
      1.043632e-14
      9.904722e-15
     -1.585500e-14
     -5.275238e-14
     -8.570990e-14
     -1.080025e-13
     -1.104032e-13
     -7.240602e-14
      1.713953e-14
      1.270065e-13
      1.891361e-13
      1.562295e-13
      5.307519e-14
     -4.279241e-14
     -7.452859e-14
     -5.125222e-14
     -2.106110e-14
     -1.607950e-14
     -3.520107e-14
     -6.963136e-14
     -1.243873e-13
     -2.051038e-13
     -2.916652e-13
     -3.422372e-13
     -3.324545e-13
     -2.777797e-13
     -1.999223e-13
     -8.482897e-14
      9.043264e-14
      2.863114e-13
      3.993638e-13
      3.629247e-13
      2.289855e-13
      1.166083e-13
      8.109863e-14
      6.198882e-14
     -2.608702e-14
     -1.676540e-13
     -2.408618e-13
     -1.503563e-13
      5.333205e-14
      2.133112e-13
      2.194071e-13
      9.793729e-14
     -3.799834e-14
     -8.230518e-14
      1.765806e-14
      2.356947e-13
      4.425235e-13
      4.646844e-13
      2.537343e-13
     -8.596543e-15
     -5.673707e-14
      1.657354e-13
      4.046644e-13
      3.451783e-13
     -3.798341e-14
     -4.243415e-13
     -4.687258e-13
     -1.611465e-13
      1.649701e-13
      1.812549e-13
     -1.122162e-13
     -4.155163e-13
     -4.322825e-13
     -1.185895e-13
      3.112467e-13
      5.538710e-13
      4.213080e-13
     -2.053240e-14
     -4.801737e-13
     -6.671651e-13
     -5.382346e-13
     -3.008258e-13
     -1.673705e-13
     -1.530808e-13
     -1.313920e-13
     -1.922778e-14
      1.557910e-13
      3.329653e-13
      4.776881e-13
      5.520069e-13
      4.986535e-13
      3.112056e-13
      9.547895e-14
     -2.953396e-15
      4.858198e-14
      1.331734e-13
      1.330741e-13
      7.503523e-14
      7.022720e-14
      1.426781e-13
      2.139961e-13
      2.619793e-13
      3.716900e-13
      5.621428e-13
      6.673892e-13
      5.109053e-13
      1.538761e-13
     -1.483755e-13
     -2.305614e-13
     -1.591321e-13
     -8.946529e-14
     -8.800094e-14
     -1.300345e-13
     -1.780413e-13
     -1.911108e-13
     -1.180103e-13
      2.918027e-14
      1.172723e-13
      6.787580e-15
     -2.512296e-13
     -4.190723e-13
     -3.325524e-13
     -9.682065e-14
      5.084568e-14
      2.819751e-14
     -2.925071e-14
      3.155221e-14
      2.098745e-13
      3.840030e-13
      4.424412e-13
      3.687236e-13
      2.494080e-13
      2.079753e-13
      2.810667e-13
      3.467849e-13
      2.274214e-13
     -1.039894e-13
     -4.540234e-13
     -5.828289e-13
     -4.307909e-13
     -1.502277e-13
      5.625445e-14
      9.493016e-14
      1.586897e-14
     -5.590464e-14
     -4.012748e-14
      6.013863e-15
     -5.762238e-14
     -2.606724e-13
     -4.301978e-13
     -3.750109e-13
     -1.310696e-13
      8.333223e-14
      1.518150e-13
      1.772545e-13
      2.812755e-13
      4.079208e-13
      4.195307e-13
      3.020014e-13
      1.687983e-13
      1.704551e-13
      1.247139e-13
     -4.266390e-13
      1.058481e-12
      2.576453e-12
     -1.810435e-11
     -1.838415e-12
      1.893924e-10
     -1.604791e-10
     -1.836311e-09
      2.048587e-09
      1.812656e-08
     -1.205890e-08
     -1.795662e-07
     -8.105642e-08
      1.517862e-06
      3.332522e-06
     -6.558022e-06
     -4.437136e-05
     -6.262453e-05
      1.881781e-04
      1.148180e-03
      2.595810e-03
      7.146729e-04
     -1.840908e-02
     -8.994586e-02
     -2.861337e-01
     -7.352952e-01
     -1.641319e+00
     -3.300095e+00
     -6.109249e+00
     -1.056805e+01
     -1.726531e+01
     -2.685465e+01
     -4.001796e+01
     -5.741981e+01
     -7.965658e+01
     -1.072053e+02
     -1.403773e+02
     -1.792810e+02
     -2.237981e+02
     -2.735742e+02
     -3.280258e+02
     -3.863605e+02
     -4.476091e+02
     -5.106643e+02
     -5.743233e+02
     -6.373290e+02
     -6.984070e+02
     -7.562968e+02
     -8.097759e+02
     -8.576778e+02
     -8.989063e+02
     -9.324471e+02
     -9.573814e+02
     -9.729010e+02
     -9.783286e+02
     -9.731404e+02
     -9.569916e+02
     -9.297415e+02
     -8.914742e+02
     -8.425119e+02
     -7.834168e+02
     -7.149808e+02
     -6.382001e+02
     -5.542369e+02
     -4.643701e+02
     -3.699393e+02
     -2.722862e+02
     -1.726992e+02
     -7.236564e+01
      2.766397e+01
      1.264982e+02
      2.234121e+02
      3.178405e+02
      4.093611e+02
      4.976699e+02
      5.825526e+02
      6.638579e+02
      7.414738e+02
      8.153100e+02
      8.852867e+02
      9.513298e+02
      1.013369e+03
      1.071337e+03
      1.125171e+03
      1.174803e+03
      1.220155e+03
      1.261122e+03
      1.297552e+03
      1.329230e+03
      1.355860e+03
      1.377053e+03
      1.392324e+03
      1.401105e+03
      1.402762e+03
      1.396635e+03
      1.382077e+03
      1.358508e+03
      1.325462e+03
      1.282642e+03
      1.229950e+03
      1.167525e+03
      1.095746e+03
      1.015234e+03
      9.268315e+02
      8.315756e+02
      7.306576e+02
      6.253818e+02
      5.171234e+02
      4.072898e+02
      2.972880e+02
      1.884988e+02
      8.225653e+01
     -2.016513e+01
     -1.175665e+02
     -2.088345e+02
     -2.929583e+02
     -3.690481e+02
     -4.363583e+02
     -4.943130e+02
     -5.425313e+02
     -5.808506e+02
     -6.093416e+02
     -6.283138e+02
     -6.383086e+02
     -6.400772e+02
     -6.345464e+02
     -6.227710e+02
     -6.058801e+02
     -5.850187e+02
     -5.612918e+02
     -5.357152e+02
     -5.091769e+02
     -4.824126e+02
     -4.559953e+02
     -4.303396e+02
     -4.057168e+02
     -3.822792e+02
     -3.600878e+02
     -3.391409e+02
     -3.193986e+02
     -3.008023e+02
     -2.832878e+02
     -2.667921e+02
     -2.512559e+02
     -2.366239e+02
     -2.228438e+02
     -2.098664e+02
     -1.976447e+02
     -1.861349e+02
     -1.752952e+02
     -1.650868e+02
     -1.554729e+02
     -1.464189e+02
     -1.378921e+02
     -1.298619e+02
     -1.222993e+02
     -1.151772e+02
     -1.084698e+02
     -1.021530e+02
     -9.620404e+01
     -9.060156e+01
     -8.532533e+01
     -8.035637e+01
     -7.567678e+01
     -7.126971e+01
     -6.711928e+01
     -6.321056e+01
     -5.952946e+01
     -5.606274e+01
     -5.279790e+01
     -4.972319e+01
     -4.682754e+01
     -4.410051e+01
     -4.153230e+01
     -3.911365e+01
     -3.683584e+01
     -3.469069e+01
     -3.267046e+01
     -3.076788e+01
     -2.897610e+01
     -2.728866e+01
     -2.569950e+01
     -2.420287e+01
     -2.279341e+01
     -2.146602e+01
     -2.021594e+01
     -1.903865e+01
     -1.792993e+01
     -1.688577e+01
     -1.590242e+01
     -1.497634e+01
     -1.410418e+01
     -1.328282e+01
     -1.250929e+01
     -1.178080e+01
     -1.109474e+01
     -1.044864e+01
     -9.840154e+00
     -9.267108e+00
     -8.727434e+00
     -8.219188e+00
     -7.740539e+00
     -7.289765e+00
     -6.865243e+00
     -6.465442e+00
     -6.088924e+00
     -5.734333e+00
     -5.400391e+00
     -5.085897e+00
     -4.789717e+00
     -4.510786e+00
     -4.248098e+00
     -4.000708e+00
     -3.767725e+00
     -3.548310e+00
     -3.341672e+00
     -3.147068e+00
     -2.963797e+00
     -2.791199e+00
     -2.628653e+00
     -2.475572e+00
     -2.331406e+00
     -2.195635e+00
     -2.067771e+00
     -1.947354e+00
     -1.833949e+00
     -1.727148e+00
     -1.626567e+00
     -1.531843e+00
     -1.442635e+00
     -1.358623e+00
     -1.279503e+00
     -1.204990e+00
     -1.134817e+00
      1.204990e+00
      1.279503e+00
      1.358623e+00
      1.442635e+00
      1.531843e+00
      1.626567e+00
      1.727148e+00
      1.833949e+00
      1.947354e+00
      2.067771e+00
      2.195635e+00
      2.331406e+00
      2.475572e+00
      2.628653e+00
      2.791199e+00
      2.963797e+00
      3.147068e+00
      3.341672e+00
      3.548310e+00
      3.767725e+00
      4.000708e+00
      4.248098e+00
      4.510786e+00
      4.789717e+00
      5.085897e+00
      5.400391e+00
      5.734333e+00
      6.088924e+00
      6.465442e+00
      6.865243e+00
      7.289765e+00
      7.740539e+00
      8.219188e+00
      8.727434e+00
      9.267108e+00
      9.840154e+00
      1.044864e+01
      1.109474e+01
      1.178080e+01
      1.250929e+01
      1.328282e+01
      1.410418e+01
      1.497634e+01
      1.590242e+01
      1.688577e+01
      1.792993e+01
      1.903865e+01
      2.021594e+01
      2.146602e+01
      2.279341e+01
      2.420287e+01
      2.569950e+01
      2.728866e+01
      2.897610e+01
      3.076788e+01
      3.267046e+01
      3.469069e+01
      3.683584e+01
      3.911365e+01
      4.153230e+01
      4.410051e+01
      4.682754e+01
      4.972319e+01
      5.279790e+01
      5.606274e+01
      5.952946e+01
      6.321056e+01
      6.711928e+01
      7.126971e+01
      7.567678e+01
      8.035637e+01
      8.532533e+01
      9.060156e+01
      9.620404e+01
      1.021530e+02
      1.084698e+02
      1.151772e+02
      1.222993e+02
      1.298619e+02
      1.378921e+02
      1.464189e+02
      1.554729e+02
      1.650868e+02
      1.752952e+02
      1.861348e+02
      1.976448e+02
      2.098665e+02
      2.228439e+02
      2.366238e+02
      2.512558e+02
      2.667926e+02
      2.832900e+02
      3.008074e+02
      3.194079e+02
      3.391581e+02
      3.601288e+02
      3.823935e+02
      4.060273e+02
      4.311033e+02
      4.576888e+02
      4.858381e+02
      5.155854e+02
      5.469351e+02
      5.798522e+02
      6.142533e+02
      6.499973e+02
      6.868796e+02
      7.246276e+02
      7.629002e+02
      8.012907e+02
      8.393326e+02
      8.765086e+02
      9.122629e+02
      9.460139e+02
      9.771685e+02
      1.005137e+03
      1.029344e+03
      1.049247e+03
      1.064338e+03
      1.074164e+03
      1.078324e+03
      1.076483e+03
      1.068376e+03
      1.053812e+03
      1.032678e+03
      1.004941e+03
      9.706541e+02
      9.299545e+02
      8.830624e+02
      8.302788e+02
      7.719798e+02
      7.086087e+02
      6.406651e+02
      5.686930e+02
      4.932660e+02
      4.149736e+02
      3.344063e+02
      2.521424e+02
      1.687374e+02
      8.471485e+01
      5.615589e-01
     -8.327533e+01
     -1.663876e+02
     -2.484034e+02
     -3.289822e+02
     -4.078101e+02
     -4.845935e+02
     -5.590541e+02
     -6.309244e+02
     -6.999448e+02
     -7.658609e+02
     -8.284226e+02
     -8.873837e+02
     -9.425021e+02
     -9.935395e+02
     -1.040262e+03
     -1.082441e+03
     -1.119851e+03
     -1.152276e+03
     -1.179503e+03
     -1.201335e+03
     -1.217586e+03
     -1.228094e+03
     -1.232727e+03
     -1.231390e+03
     -1.224037e+03
     -1.210681e+03
     -1.191401e+03
     -1.166352e+03
     -1.135768e+03
     -1.099962e+03
     -1.059328e+03
     -1.014331e+03
     -9.655045e+02
     -9.134327e+02
     -8.587417e+02
     -8.020843e+02
     -7.441250e+02
     -6.855268e+02
     -6.269380e+02
     -5.689806e+02
     -5.122406e+02
     -4.572592e+02
     -4.045257e+02
     -3.544714e+02
     -3.074642e+02
     -2.638041e+02
     -2.237192e+02
     -1.873632e+02
     -1.548136e+02
     -1.260715e+02
     -1.010643e+02
     -7.964983e+01
     -6.162339e+01
     -4.672722e+01
     -3.466220e+01
     -2.510097e+01
     -1.770202e+01
     -1.212363e+01
     -8.036801e+00
     -5.136417e+00
     -3.149804e+00
     -1.842373e+00
     -1.020176e+00
     -5.295336e-01
     -2.541953e-01
     -1.106452e-01
     -4.230421e-02
     -1.337326e-02
     -2.979990e-03
     -1.273330e-04
      2.625225e-04
      1.336487e-04
      2.649940e-05
     -5.157901e-06
     -4.899150e-06
     -9.375955e-07
      3.179326e-07
      1.894033e-07
      2.247840e-09
     -2.189698e-08
     -3.367543e-09
      2.157297e-09
      5.426140e-10
     -2.181348e-10
     -6.148846e-11
      2.482367e-11
      5.160482e-12
     -2.992558e-12
     -1.846046e-13
      3.220594e-13
     -3.652580e-14
     -2.331970e-14
      8.552033e-15
     -6.264017e-18
     -7.530430e-16
      2.227685e-16
     -7.506148e-18
     -1.570054e-17
      6.255975e-18
     -1.159347e-18
     -9.225620e-21
      8.848435e-20
     -3.753640e-20
      1.070773e-20
     -2.449444e-21
      4.769490e-22
     -8.123221e-23
      1.225515e-23
     -1.642080e-24
      1.937521e-25
     -1.955264e-26
      1.543031e-27
     -5.986063e-29
     -8.898505e-30
      2.823934e-30
     -5.004392e-31
      7.168625e-32
     -9.045440e-33
      1.041086e-33
     -1.112950e-34
      1.117198e-35
     -1.060704e-36
      9.574379e-38
     -8.248377e-39
      6.802886e-40
     -5.384672e-41
      4.098838e-42
     -3.005782e-43
      2.126701e-44
     -1.453728e-45
      9.611672e-47
     -6.153347e-48
      3.817985e-49
     -2.297967e-50
      1.342719e-51
     -7.622109e-53
      4.206373e-54
     -2.258164e-55
      1.179974e-56
     -6.004771e-58
      2.977488e-59
     -1.439271e-60
      6.785344e-62
     -3.121217e-63
      1.401443e-64
     -6.144593e-66
      2.631696e-67
     -1.101423e-68
      4.506002e-70
     -1.802538e-71
      7.052834e-73
     -2.699935e-74
      1.011515e-75
     -3.709665e-77
      1.332137e-78
     -4.685105e-80
      1.614157e-81
     -5.449094e-83
      1.802796e-84
     -5.846565e-86
      1.858967e-87
     -5.796163e-89
      1.772498e-90
     -5.317187e-92
      1.564954e-93
     -4.519748e-95
      1.281109e-96
     -3.564363e-98
     9.735604e-100
    -2.610889e-101
     6.875680e-103
    -1.778276e-104
     4.517431e-106
    -1.127310e-107
     2.763779e-109
    -6.657601e-111
     1.575910e-112
    -3.665953e-114
     8.381570e-116
    -1.883588e-117
     4.161081e-119
    -9.036947e-121
     1.929597e-122
    -4.051103e-124
     8.363202e-126
    -1.697827e-127
     3.389719e-129
    -6.655936e-131
     1.285447e-132
    -2.441863e-134
     4.562805e-136
    -8.386978e-138
     1.516561e-139
    -2.697810e-141
     4.721439e-143
    -8.129463e-145
     1.377161e-146
    -2.295368e-148
     3.764193e-150
    -6.073635e-152
     9.642422e-154
    -1.506209e-155
     2.314968e-157
    -3.500753e-159
     5.208690e-161
    -7.624950e-163
     1.098183e-164
    -1.556061e-166
     2.169066e-168
    -2.974339e-170
     4.011916e-172
    -5.322603e-174
     6.944939e-176
    -8.911277e-178
     1.124310e-179
    -1.394586e-181
     1.700380e-183
    -2.037535e-185
     2.398968e-187
    -2.774528e-189
     3.151105e-191
    -3.513045e-193
     3.842884e-195
    -4.122377e-197
     4.333773e-199
    -4.461220e-201
     4.492174e-203
    -4.418669e-205
     4.238282e-207
    -3.954678e-209
     3.577636e-211
    -3.122543e-213
     2.609361e-215
    -2.061185e-217
     1.502527e-219
    -9.574939e-222
     4.480717e-224
     7.342472e-228
    -3.950023e-228
     7.063994e-230
    -9.383496e-232
     1.092616e-233
    -1.175158e-235
     1.195115e-237
    -1.163676e-239
     1.092945e-241
    -9.949264e-244
     8.806945e-246
    -7.598108e-248
     6.399808e-250
    -5.269414e-252
     4.245368e-254
    -3.349317e-256
     2.589080e-258
    -1.961962e-260
     1.458001e-262
    -1.062873e-264
      0.000000e+00
      0.000000e+00
