      0.000000e+00
      0.000000e+00
     -7.247998e-15
     -3.572545e-14
     -7.982276e-14
     -8.436593e-14
     -4.193750e-14
      4.612976e-14
      1.213236e-13
      2.028805e-14
     -8.897821e-14
      4.546007e-14
      2.310932e-13
     -4.879370e-12
      1.636194e-10
     -4.632800e-09
      1.059613e-07
     -1.854760e-06
      2.159399e-05
     -6.933605e-05
     -3.114739e-03
      7.090439e-02
     -7.133369e-01
      2.655103e+00
      1.060564e+01
     -6.388651e+01
     -3.582676e+02
     -7.749927e+02
     -9.064711e+02
     -4.847882e+02
      2.749458e+02
      9.643113e+02
      1.354487e+03
      1.327164e+03
      8.100068e+02
      2.262325e+01
     -5.429313e+02
     -6.234191e+02
     -4.163410e+02
     -2.234257e+02
     -1.325417e+02
     -9.003184e+01
     -5.807258e+01
     -3.488854e+01
     -2.122240e+01
     -1.327648e+01
     -8.257177e+00
     -5.089078e+00
     -3.144766e+00
     -1.947573e+00
     -1.205008e+00
      1.949931e+00
      3.152209e+00
      5.089911e+00
      8.216895e+00
      1.328900e+01
      2.154740e+01
      3.497172e+01
      5.651376e+01
      9.004256e+01
      1.416256e+02
      2.274088e+02
      3.825608e+02
      6.347613e+02
      9.237618e+02
      1.063389e+03
      8.679278e+02
      3.393551e+02
     -3.257800e+02
     -8.939314e+02
     -1.194865e+03
     -1.143225e+03
     -7.973220e+02
     -3.744606e+02
     -9.334147e+01
      9.900559e-01
      4.348788e+00
     -9.603604e-01
     -2.521253e-01
      1.033544e-01
     -1.477581e-02
      1.096041e-03
     -3.010460e-05
     -2.721578e-06
      4.234848e-07
     -3.222419e-08
      1.753776e-09
     -7.526918e-11
      2.661900e-12
     -7.953300e-14
      2.040182e-15
     -4.543417e-17
      8.854330e-19
     -1.518862e-20
      2.303056e-22
     -3.095973e-24
      3.696691e-26
     -3.924204e-28
      3.703504e-30
      0.000000e+00
      0.000000e+00
