      0.000000e+00
      0.000000e+00
     -7.418330e-15
     -7.565615e-15
     -6.366989e-16
     -2.066074e-14
     -7.125822e-14
     -9.499918e-14
     -9.554307e-14
     -1.329427e-13
     -1.583289e-13
     -9.958549e-14
     -3.404611e-14
     -5.162388e-14
     -1.016299e-13
     -9.487712e-14
     -3.220453e-14
      3.080188e-14
      8.215887e-14
      1.131701e-13
      3.610239e-14
     -1.737420e-13
     -3.413253e-13
     -3.070345e-13
     -1.697097e-13
     -1.279749e-13
     -1.505194e-13
     -8.310734e-14
      5.011909e-15
     -3.079863e-14
     -1.262162e-13
     -2.250454e-13
     -3.671367e-13
     -3.628279e-13
     -4.761482e-13
      1.991840e-12
      1.019610e-11
     -3.020255e-10
      8.307958e-10
      6.830656e-08
     -1.586447e-06
      1.865343e-05
     -1.184998e-04
      1.409458e-04
      3.684047e-03
     -2.049704e-02
     -4.496461e-02
      4.640641e-01
      1.423201e+00
     -4.505117e+00
     -4.124179e+01
     -1.466942e+02
     -3.485849e+02
     -6.337018e+02
     -9.370947e+02
     -1.158520e+03
     -1.190496e+03
     -9.551869e+02
     -3.774005e+02
      5.338322e+02
      1.407506e+03
      1.672897e+03
      1.276368e+03
      8.123523e+02
      7.535710e+02
      9.932022e+02
      1.201818e+03
      1.214535e+03
      1.019544e+03
      6.481204e+02
      1.578922e+02
     -3.680495e+02
     -8.592893e+02
     -1.269228e+03
     -1.434256e+03
     -1.166184e+03
     -6.163722e+02
     -1.856225e+02
     -3.332931e+01
     -2.052398e+01
     -1.841762e+01
     -1.036286e+01
     -6.675390e+00
     -5.954493e+00
     -5.562995e+00
     -5.455214e+00
     -5.780512e+00
     -6.482390e+00
     -6.724786e+00
     -5.276874e+00
     -2.680131e+00
     -8.118069e-01
     -2.277650e-01
     -1.181215e-01
     -6.264547e-02
     -3.878236e-02
     -3.095837e-02
     -2.617845e-02
     -2.391013e-02
     -2.374991e-02
     -2.519302e-02
      2.390632e-02
      2.478419e-02
      2.750837e-02
      3.014161e-02
      3.166247e-02
      5.149400e-02
      1.546022e-01
      4.045171e-01
      9.681162e-01
      2.605259e+00
      5.509487e+00
      7.232075e+00
      6.588921e+00
      5.692211e+00
      5.448060e+00
      5.712318e+00
      6.569398e+00
      7.092450e+00
      7.464770e+00
      1.352184e+01
      3.037577e+01
      6.670176e+01
      2.101513e+02
      6.209706e+02
      1.210238e+03
      1.532899e+03
      1.413146e+03
      1.179262e+03
      1.025782e+03
      8.994851e+02
      7.905047e+02
      6.954110e+02
      5.958307e+02
      4.783261e+02
      3.581482e+02
      1.864415e+02
     -2.905079e+02
     -1.248508e+03
     -2.221989e+03
     -2.431485e+03
     -1.865624e+03
     -1.220159e+03
     -8.321052e+02
     -5.699359e+02
     -3.666329e+02
     -2.274540e+02
     -1.301266e+02
     -6.585052e+01
     -2.731033e+01
     -7.922604e+00
     -8.331840e-01
      3.758220e-01
      7.683347e-02
     -6.201984e-02
     -1.450150e-02
      7.867275e-03
      6.297697e-04
     -8.666885e-04
      2.186234e-04
     -2.724595e-05
      9.728650e-07
      3.152647e-07
     -7.930498e-08
      1.115736e-08
     -1.171521e-09
      9.998112e-11
     -7.223682e-12
      4.526671e-13
     -2.500552e-14
      1.232107e-15
     -5.464175e-17
      2.196621e-18
     -8.050970e-20
      2.703185e-21
     -8.347815e-23
      2.379057e-24
     -6.275038e-26
      1.535556e-27
     -3.493418e-29
      7.401622e-31
     -1.462586e-32
      2.698610e-34
     -4.653415e-36
      7.503911e-38
     -1.131974e-39
      1.597464e-41
     -2.108291e-43
      2.600186e-45
     -2.992814e-47
      3.208146e-49
     -3.192601e-51
      2.935078e-53
     -2.473300e-55
      1.885033e-57
     -1.266897e-59
      7.086114e-62
     -2.720507e-64
     -1.830161e-67
      0.000000e+00
      0.000000e+00
