      0.000000e+00
      0.000000e+00
     -7.418330e-15
     -7.565615e-15
     -6.366989e-16
     -2.066074e-14
     -7.125822e-14
     -9.499918e-14
     -9.554307e-14
     -1.329427e-13
     -1.583289e-13
     -9.958549e-14
     -3.404611e-14
     -5.162388e-14
     -1.016299e-13
     -9.487712e-14
     -3.220453e-14
      3.080188e-14
      8.215887e-14
      1.131701e-13
      3.610239e-14
     -1.737420e-13
     -3.413253e-13
     -3.070345e-13
     -1.697097e-13
     -1.279749e-13
     -1.505194e-13
     -8.310734e-14
      5.011988e-15
     -3.080078e-14
     -1.261626e-13
     -2.262607e-13
     -3.423372e-13
     -8.142106e-13
      6.763408e-12
     -9.862423e-11
      1.192021e-09
     -1.154542e-08
      7.993128e-08
     -2.287875e-07
     -2.849269e-06
      4.838815e-05
     -3.453915e-04
      9.376626e-04
      4.067583e-03
     -3.268324e-02
     -3.521649e-02
      6.028259e-01
      1.448564e+00
     -5.765217e+00
     -4.458762e+01
     -1.476862e+02
     -3.318349e+02
     -5.731784e+02
     -8.073412e+02
     -9.549200e+02
     -9.532678e+02
     -7.804575e+02
     -4.650154e+02
     -7.367508e+01
      3.209564e+02
      6.705111e+02
      9.570749e+02
      1.178778e+03
      1.332030e+03
      1.399945e+03
      1.351816e+03
      1.160086e+03
      8.284376e+02
      4.070058e+02
     -2.084399e+01
     -3.694767e+02
     -5.806486e+02
     -6.424059e+02
     -5.903949e+02
     -4.856538e+02
     -3.802046e+02
     -2.967468e+02
     -2.343697e+02
     -1.856371e+02
     -1.462763e+02
     -1.148785e+02
     -9.029199e+01
     -7.105616e+01
     -5.591367e+01
     -4.397956e+01
     -3.459183e+01
     -2.721125e+01
     -2.140568e+01
     -1.683819e+01
     -1.324525e+01
     -1.041906e+01
     -8.195911e+00
     -6.447110e+00
     -5.071458e+00
     -3.989338e+00
     -3.138115e+00
     -2.468521e+00
     -1.941801e+00
     -1.527470e+00
     -1.201546e+00
      1.527488e+00
      1.941824e+00
      2.468550e+00
      3.138151e+00
      3.989385e+00
      5.071518e+00
      6.447184e+00
      8.196004e+00
      1.041920e+01
      1.324543e+01
      1.683829e+01
      2.140574e+01
      2.721216e+01
      3.459358e+01
      4.397720e+01
      5.590578e+01
      7.106834e+01
      9.034312e+01
      1.148583e+02
      1.460454e+02
      1.856384e+02
      2.357121e+02
      2.990773e+02
      3.799981e+02
      4.838432e+02
      6.135432e+02
      7.630665e+02
      9.123847e+02
      1.029234e+03
      1.078230e+03
      1.032665e+03
      8.835734e+02
      6.427490e+02
      3.384359e+02
      5.476948e+00
     -3.245036e+02
     -6.274133e+02
     -8.850776e+02
     -1.081604e+03
     -1.201509e+03
     -1.231488e+03
     -1.166077e+03
     -1.014527e+03
     -8.033978e+02
     -5.712296e+02
     -3.573864e+02
     -1.906942e+02
     -8.245414e+01
     -2.625454e+01
     -4.752810e+00
      1.843741e-01
      2.657787e-01
     -1.084218e-02
     -2.480486e-02
      1.128484e-03
      1.791749e-03
     -2.826691e-04
     -5.455176e-05
      2.625566e-05
     -4.545009e-06
      3.949138e-07
      1.381845e-09
     -6.147134e-09
      1.120571e-09
     -1.329849e-10
      1.230311e-11
     -9.463483e-13
      6.255227e-14
     -3.625668e-15
      1.868485e-16
     -8.648327e-18
      3.622969e-19
     -1.382053e-20
      4.824285e-22
     -1.547088e-23
      4.572814e-25
     -1.249085e-26
      3.159885e-28
     -7.415694e-30
      1.616497e-31
     -3.275613e-33
      6.172431e-35
     -1.081400e-36
      1.760032e-38
     -2.656550e-40
      3.707600e-42
     -4.761075e-44
      5.578790e-46
     -5.876616e-48
      5.401407e-50
     -4.024610e-52
      1.816691e-54
      9.345496e-57
     -3.780349e-58
      6.229027e-60
     -7.883627e-62
      8.546672e-64
     -8.254214e-66
      0.000000e+00
      0.000000e+00
