      0.000000e+00
      0.000000e+00
     -8.108629e-17
     -5.374907e-16
     -9.152078e-16
     -8.322785e-16
     -5.500496e-17
      1.277033e-15
      2.663899e-15
      3.516281e-15
      3.470232e-15
      2.482046e-15
      6.943687e-16
     -1.667675e-15
     -4.212343e-15
     -6.315503e-15
     -7.356653e-15
     -7.136580e-15
     -6.054460e-15
     -4.962366e-15
     -5.115449e-15
     -8.350305e-15
     -1.675611e-14
     -3.115104e-14
     -4.929049e-14
     -6.610084e-14
     -7.689136e-14
     -8.096444e-14
     -8.134780e-14
     -7.968465e-14
     -7.127036e-14
     -4.710849e-14
     -3.813950e-15
      4.708244e-14
      8.135416e-14
      7.762830e-14
      3.467967e-14
     -2.505971e-14
     -7.006826e-14
     -8.018235e-14
     -5.557714e-14
     -8.777564e-15
      4.916846e-14
      1.132424e-13
      1.769745e-13
      2.247099e-13
      2.359906e-13
      2.007863e-13
      1.316259e-13
      6.015776e-14
      1.888569e-14
      2.060405e-14
      4.933239e-14
      6.892533e-14
      4.522244e-14
     -3.083785e-14
     -1.344950e-13
     -2.212785e-13
     -2.569322e-13
     -2.424607e-13
     -2.143104e-13
     -2.170124e-13
     -2.675606e-13
     -3.400662e-13
     -3.860572e-13
     -3.768430e-13
     -3.320451e-13
     -3.057110e-13
     -3.379710e-13
     -4.142747e-13
     -4.704219e-13
     -4.406327e-13
     -3.081206e-13
     -1.191501e-13
      4.489292e-14
      1.138442e-13
      6.583917e-14
     -6.202016e-14
     -1.948292e-13
     -2.631327e-13
     -2.410017e-13
     -1.517288e-13
     -4.282126e-14
      3.896186e-14
      5.228263e-14
     -3.576604e-14
     -2.217555e-13
     -4.325944e-13
     -5.441122e-13
     -4.678382e-13
     -2.337734e-13
      2.531087e-14
      1.894567e-13
      2.559394e-13
      3.236078e-13
      4.714153e-13
      6.566061e-13
      7.387859e-13
      6.106609e-13
      3.127530e-13
      2.298214e-14
     -7.637043e-14
      5.697213e-14
      2.933761e-13
      4.394556e-13
      3.913208e-13
      2.013205e-13
      1.242461e-14
     -6.280287e-14
     -5.950224e-15
      1.344524e-13
      2.991965e-13
      4.355316e-13
      4.808104e-13
      3.701734e-13
      9.174081e-14
     -2.610099e-13
     -5.112148e-13
     -5.046517e-13
     -2.241439e-13
      1.869119e-13
      5.221692e-13
      6.548027e-13
      6.040544e-13
      4.749508e-13
      3.427211e-13
      2.011069e-13
      1.371410e-14
     -2.075622e-13
     -3.906916e-13
     -4.623117e-13
     -4.032836e-13
     -2.485480e-13
     -5.109425e-14
      1.453597e-13
      3.133605e-13
      4.401757e-13
      5.176860e-13
      5.220744e-13
      4.099112e-13
      1.608634e-13
     -1.597624e-13
     -3.974823e-13
     -4.015010e-13
     -1.442786e-13
      2.460985e-13
      5.736281e-13
      7.004030e-13
      6.094050e-13
      3.827886e-13
      1.457227e-13
      1.705222e-14
      6.497024e-14
      2.653151e-13
      4.953950e-13
      5.955845e-13
      4.712262e-13
      1.563110e-13
     -2.127304e-13
     -4.845895e-13
     -5.686346e-13
     -4.561403e-13
     -2.014142e-13
      1.057726e-13
      3.658460e-13
      4.962614e-13
      4.551944e-13
      2.547157e-13
     -3.550785e-14
     -2.978503e-13
     -4.105572e-13
     -3.297407e-13
     -1.514336e-13
     -6.736404e-14
     -2.109239e-13
     -5.223672e-13
     -7.810838e-13
     -7.981108e-13
     -5.866519e-13
     -3.368001e-13
     -2.205331e-13
     -2.306927e-13
     -2.171440e-13
     -6.887229e-14
      1.622390e-13
      3.266814e-13
      3.488246e-13
      3.080108e-13
      3.415538e-13
      4.830956e-13
      6.147616e-13
      5.793125e-13
      3.317274e-13
     -1.325462e-14
     -2.655366e-13
     -2.930680e-13
     -1.069838e-13
      1.477026e-13
      2.860590e-13
      2.060834e-13
     -4.295330e-14
     -3.022941e-13
     -4.235774e-13
     -3.650801e-13
     -1.912341e-13
      5.972999e-16
      1.466934e-13
      2.323906e-13
      2.728936e-13
      2.897725e-13
      2.913886e-13
      2.600844e-13
      1.616730e-13
     -1.763660e-14
     -2.376393e-13
     -4.148940e-13
     -4.766811e-13
     -4.081777e-13
     -2.487173e-13
     -4.809649e-14
      1.667069e-13
      3.825401e-13
      5.670576e-13
      6.567801e-13
      5.917410e-13
      3.756907e-13
      1.048501e-13
     -8.176347e-14
     -1.108051e-13
     -4.631257e-14
     -3.408888e-14
     -1.470454e-13
     -2.863416e-13
     -2.666949e-13
     -2.218703e-14
      2.879358e-13
      4.116421e-13
      2.507546e-13
     -4.792253e-14
     -2.640547e-13
     -3.431060e-13
     -4.264048e-13
     -6.441228e-13
     -9.292795e-13
     -1.079952e-12
     -9.854346e-13
     -7.332003e-13
     -4.778817e-13
     -2.623999e-13
     -3.013608e-14
      2.032243e-13
      2.756538e-13
      3.854056e-14
     -4.270930e-13
     -8.132846e-13
     -8.359589e-13
     -4.777293e-13
      1.807603e-14
      3.675410e-13
      4.467547e-13
      3.166350e-13
      1.231522e-13
      4.547006e-15
      4.938270e-14
      2.654628e-13
      5.530583e-13
      7.384227e-13
      6.861228e-13
      4.046533e-13
      3.809679e-14
     -2.541207e-13
     -4.117109e-13
     -4.780609e-13
     -5.121771e-13
     -5.152079e-13
     -4.469137e-13
     -3.010971e-13
     -1.449135e-13
     -6.945377e-14
     -1.011595e-13
     -1.743117e-13
     -2.023329e-13
     -1.732672e-13
     -1.614135e-13
     -2.376522e-13
     -3.752120e-13
     -4.558440e-13
     -3.769680e-13
     -1.582539e-13
      5.411219e-14
      9.523523e-14
     -8.683023e-14
     -3.872396e-13
     -6.273691e-13
     -6.911591e-13
     -5.933526e-13
     -4.312495e-13
     -2.923635e-13
     -2.201656e-13
     -2.453535e-13
     -3.981991e-13
     -6.558065e-13
     -8.965059e-13
     -9.611623e-13
     -7.966736e-13
     -5.278359e-13
     -3.496706e-13
     -3.290519e-13
     -3.295071e-13
     -1.611894e-13
      1.894010e-13
      5.032373e-13
      5.277235e-13
      2.339333e-13
     -1.405659e-13
     -3.141671e-13
     -2.197054e-13
     -3.848177e-14
      6.931739e-15
     -1.259921e-13
     -2.817405e-13
     -2.850764e-13
     -1.208942e-13
      5.634800e-14
      7.789862e-14
     -7.635181e-14
     -2.636034e-13
     -3.266008e-13
     -2.576729e-13
     -2.040019e-13
     -2.980549e-13
     -4.966666e-13
     -6.210990e-13
     -5.650260e-13
     -4.288392e-13
     -4.124248e-13
     -5.818642e-13
     -7.750451e-13
     -7.494518e-13
     -4.109338e-13
      9.867168e-14
      5.092905e-13
      6.086141e-13
      3.688781e-13
     -4.621577e-14
     -3.857534e-13
     -4.713520e-13
     -3.119939e-13
     -7.322792e-14
      7.789045e-14
      5.413060e-14
     -1.841306e-13
     -2.553111e-13
      1.129555e-12
      3.140193e-12
     -3.879725e-12
     -2.545582e-11
     -4.390718e-12
      1.747205e-10
      3.182982e-10
     -6.359929e-10
     -3.429556e-09
     -2.997587e-09
      1.601387e-08
      5.880673e-08
      4.853608e-08
     -2.447610e-07
     -1.022475e-06
     -1.597582e-06
      1.234732e-06
      1.411992e-05
      4.257130e-05
      7.137124e-05
      1.564122e-05
     -3.745771e-04
     -1.672887e-03
     -5.011007e-03
     -1.239587e-02
     -2.710961e-02
     -5.418689e-02
     -1.009588e-01
     -1.776481e-01
     -2.979960e-01
     -4.798967e-01
     -7.460124e-01
     -1.124341e+00
     -1.648706e+00
     -2.359138e+00
     -3.302129e+00
     -4.530720e+00
     -6.104418e+00
     -8.088920e+00
     -1.055563e+01
     -1.358099e+01
     -1.724556e+01
     -2.163302e+01
     -2.682884e+01
     -3.291895e+01
     -3.998824e+01
     -4.811892e+01
     -5.738895e+01
     -6.787035e+01
     -7.962763e+01
     -9.271625e+01
     -1.071812e+02
     -1.230558e+02
     -1.403604e+02
     -1.591020e+02
     -1.792729e+02
     -2.008510e+02
     -2.237992e+02
     -2.480657e+02
     -2.735841e+02
     -3.002743e+02
     -3.280430e+02
     -3.567848e+02
     -3.863829e+02
     -4.167111e+02
     -4.476341e+02
     -4.790097e+02
     -5.106894e+02
     -5.425204e+02
     -5.743464e+02
     -6.060089e+02
     -6.373486e+02
     -6.682059e+02
     -6.984225e+02
     -7.278414e+02
     -7.563084e+02
     -7.836721e+02
     -8.097846e+02
     -8.345021e+02
     -8.576850e+02
     -8.791987e+02
     -8.989135e+02
     -9.167052e+02
     -9.324557e+02
     -9.460530e+02
     -9.573922e+02
     -9.663757e+02
     -9.729142e+02
     -9.769272e+02
     -9.783435e+02
     -9.771028e+02
     -9.731555e+02
     -9.664645e+02
     -9.570050e+02
     -9.447662e+02
     -9.297511e+02
     -9.119774e+02
     -8.914778e+02
     -8.683003e+02
     -8.425079e+02
     -8.141785e+02
     -7.834044e+02
     -7.502920e+02
     -7.149602e+02
     -6.775400e+02
     -6.381725e+02
     -5.970080e+02
     -5.542042e+02
     -5.099243e+02
     -4.643352e+02
     -4.176059e+02
     -3.699053e+02
     -3.214007e+02
     -2.722560e+02
     -2.226301e+02
     -1.726754e+02
     -1.225366e+02
     -7.234991e+01
     -2.224190e+01
      2.767089e+01
      7.728231e+01
      1.264967e+02
      1.752288e+02
      2.234034e+02
      2.709549e+02
      3.178266e+02
      3.639702e+02
      4.093446e+02
      4.539152e+02
      4.976531e+02
      5.405341e+02
      5.825377e+02
      6.236467e+02
      6.638463e+02
      7.031233e+02
      7.414661e+02
      7.788637e+02
      8.153059e+02
      8.507830e+02
      8.852855e+02
      9.188040e+02
      9.513298e+02
      9.828541e+02
      1.013368e+03
      1.042865e+03
      1.071335e+03
      1.098771e+03
      1.125166e+03
      1.150510e+03
      1.174795e+03
      1.198011e+03
      1.220145e+03
      1.241184e+03
      1.261110e+03
      1.279904e+03
      1.297541e+03
      1.313991e+03
      1.329222e+03
      1.343192e+03
      1.355857e+03
      1.367164e+03
      1.377056e+03
      1.385470e+03
      1.392335e+03
      1.397579e+03
      1.401123e+03
      1.402887e+03
      1.402787e+03
      1.400740e+03
      1.396664e+03
      1.390479e+03
      1.382108e+03
      1.371482e+03
      1.358537e+03
      1.343221e+03
      1.325488e+03
      1.305307e+03
      1.282660e+03
      1.257541e+03
      1.229961e+03
      1.199942e+03
      1.167526e+03
      1.132768e+03
      1.095738e+03
      1.056522e+03
      1.015218e+03
      9.719392e+02
      9.268099e+02
      8.799654e+02
      8.315508e+02
      7.817196e+02
      7.306322e+02
      6.784548e+02
      6.253580e+02
      5.715154e+02
      5.171028e+02
      4.622965e+02
      4.072732e+02
      3.522082e+02
      2.972754e+02
      2.426462e+02
      1.884893e+02
      1.349697e+02
      8.224892e+01
      3.048401e+01
     -2.017244e+01
     -6.957282e+01
     -1.175749e+02
     -1.640424e+02
     -2.088451e+02
     -2.518599e+02
     -2.929713e+02
     -3.320718e+02
     -3.690630e+02
     -4.038564e+02
     -4.363739e+02
     -4.665489e+02
     -4.943273e+02
     -5.196676e+02
     -5.425423e+02
     -5.629380e+02
     -5.808560e+02
     -5.963128e+02
     -6.093397e+02
     -6.199830e+02
     -6.283036e+02
     -6.343766e+02
     -6.382900e+02
     -6.401444e+02
     -6.400513e+02
     -6.381317e+02
     -6.345149e+02
     -6.293365e+02
     -6.227367e+02
     -6.148585e+02
     -6.058459e+02
     -5.958421e+02
     -5.849877e+02
     -5.734190e+02
     -5.612667e+02
     -5.486545e+02
     -5.356979e+02
     -5.225035e+02
     -5.091683e+02
     -4.957791e+02
     -4.824126e+02
     -4.691350e+02
     -4.560028e+02
     -4.430628e+02
     -4.303527e+02
     -4.179021e+02
     -4.057332e+02
     -3.938613e+02
     -3.822963e+02
     -3.710434e+02
     -3.601036e+02
     -3.494751e+02
     -3.391536e+02
     -3.291334e+02
     -3.194074e+02
     -3.099681e+02
     -3.008073e+02
     -2.919173e+02
     -2.832899e+02
     -2.749174e+02
     -2.667924e+02
     -2.589075e+02
     -2.512556e+02
     -2.438299e+02
     -2.366236e+02
     -2.296304e+02
     -2.228438e+02
     -2.162577e+02
     -2.098663e+02
     -2.036639e+02
     -1.976447e+02
     -1.918034e+02
     -1.861348e+02
     -1.806336e+02
     -1.752951e+02
     -1.701144e+02
     -1.650867e+02
     -1.602077e+02
     -1.554728e+02
     -1.508779e+02
     -1.464188e+02
     -1.420915e+02
     -1.378920e+02
     -1.338167e+02
     -1.298618e+02
     -1.260238e+02
     -1.222992e+02
     -1.186848e+02
     -1.151771e+02
     -1.117731e+02
     -1.084697e+02
     -1.052639e+02
     -1.021529e+02
     -9.913384e+01
     -9.620400e+01
     -9.336074e+01
     -9.060151e+01
     -8.792383e+01
     -8.532529e+01
     -8.280355e+01
     -8.035633e+01
     -7.798144e+01
     -7.567674e+01
     -7.344016e+01
     -7.126967e+01
     -6.916334e+01
     -6.711925e+01
     -6.513558e+01
     -6.321053e+01
     -6.134238e+01
     -5.952943e+01
     -5.777007e+01
     -5.606271e+01
     -5.440581e+01
     -5.279787e+01
     -5.123746e+01
     -4.972316e+01
     -4.825362e+01
     -4.682751e+01
     -4.544355e+01
     -4.410049e+01
     -4.279712e+01
     -4.153228e+01
     -4.030481e+01
     -3.911363e+01
     -3.795764e+01
     -3.683583e+01
     -3.574716e+01
     -3.469067e+01
     -3.366541e+01
     -3.267045e+01
     -3.170489e+01
     -3.076787e+01
     -2.985854e+01
     -2.897609e+01
     -2.811971e+01
     -2.728865e+01
     -2.648215e+01
     -2.569948e+01
     -2.493995e+01
     -2.420286e+01
     -2.348756e+01
     -2.279340e+01
     -2.211975e+01
     -2.146601e+01
     -2.083160e+01
     -2.021593e+01
     -1.961846e+01
     -1.903865e+01
     -1.847597e+01
     -1.792992e+01
     -1.740001e+01
     -1.688576e+01
     -1.638671e+01
     -1.590241e+01
     -1.543243e+01
     -1.497633e+01
     -1.453371e+01
     -1.410418e+01
     -1.368733e+01
     -1.328281e+01
     -1.289025e+01
     -1.250928e+01
     -1.213958e+01
     -1.178080e+01
     -1.143262e+01
     -1.109474e+01
     -1.076684e+01
     -1.044863e+01
     -1.013983e+01
     -9.840149e+00
     -9.549329e+00
     -9.267104e+00
     -8.993219e+00
     -8.727430e+00
     -8.469495e+00
     -8.219184e+00
     -7.976270e+00
     -7.740536e+00
     -7.511768e+00
     -7.289762e+00
     -7.074317e+00
     -6.865239e+00
     -6.662341e+00
     -6.465439e+00
     -6.274356e+00
     -6.088921e+00
     -5.908966e+00
     -5.734330e+00
     -5.564855e+00
     -5.400388e+00
     -5.240783e+00
     -5.085894e+00
     -4.935583e+00
     -4.789715e+00
     -4.648157e+00
     -4.510784e+00
     -4.377470e+00
     -4.248096e+00
     -4.122546e+00
     -4.000706e+00
     -3.882467e+00
     -3.767723e+00
     -3.656370e+00
     -3.548308e+00
     -3.443440e+00
     -3.341671e+00
     -3.242909e+00
     -3.147067e+00
     -3.054057e+00
     -2.963796e+00
     -2.876203e+00
     -2.791198e+00
     -2.708706e+00
     -2.628651e+00
     -2.550963e+00
     -2.475571e+00
     -2.402406e+00
     -2.331405e+00
     -2.262501e+00
     -2.195634e+00
     -2.130743e+00
     -2.067770e+00
     -2.006658e+00
     -1.947353e+00
     -1.889800e+00
     -1.833948e+00
     -1.779746e+00
     -1.727147e+00
     -1.676102e+00
     -1.626566e+00
     -1.578493e+00
     -1.531842e+00
     -1.486569e+00
     -1.442634e+00
     -1.399998e+00
     -1.358622e+00
     -1.318469e+00
     -1.279502e+00
     -1.241687e+00
     -1.204990e+00
     -1.169377e+00
     -1.134816e+00
      1.169377e+00
      1.204990e+00
      1.241687e+00
      1.279502e+00
      1.318469e+00
      1.358622e+00
      1.399998e+00
      1.442634e+00
      1.486569e+00
      1.531842e+00
      1.578493e+00
      1.626566e+00
      1.676102e+00
      1.727147e+00
      1.779746e+00
      1.833948e+00
      1.889800e+00
      1.947353e+00
      2.006658e+00
      2.067770e+00
      2.130743e+00
      2.195634e+00
      2.262501e+00
      2.331405e+00
      2.402406e+00
      2.475571e+00
      2.550963e+00
      2.628651e+00
      2.708706e+00
      2.791198e+00
      2.876203e+00
      2.963796e+00
      3.054057e+00
      3.147067e+00
      3.242909e+00
      3.341671e+00
      3.443440e+00
      3.548308e+00
      3.656370e+00
      3.767723e+00
      3.882467e+00
      4.000706e+00
      4.122546e+00
      4.248096e+00
      4.377470e+00
      4.510784e+00
      4.648157e+00
      4.789715e+00
      4.935583e+00
      5.085894e+00
      5.240783e+00
      5.400388e+00
      5.564855e+00
      5.734330e+00
      5.908966e+00
      6.088921e+00
      6.274356e+00
      6.465439e+00
      6.662341e+00
      6.865239e+00
      7.074317e+00
      7.289762e+00
      7.511768e+00
      7.740536e+00
      7.976270e+00
      8.219184e+00
      8.469495e+00
      8.727430e+00
      8.993219e+00
      9.267104e+00
      9.549329e+00
      9.840149e+00
      1.013983e+01
      1.044863e+01
      1.076684e+01
      1.109474e+01
      1.143262e+01
      1.178080e+01
      1.213958e+01
      1.250928e+01
      1.289025e+01
      1.328281e+01
      1.368733e+01
      1.410418e+01
      1.453371e+01
      1.497633e+01
      1.543243e+01
      1.590241e+01
      1.638671e+01
      1.688576e+01
      1.740001e+01
      1.792992e+01
      1.847597e+01
      1.903865e+01
      1.961846e+01
      2.021593e+01
      2.083160e+01
      2.146601e+01
      2.211975e+01
      2.279340e+01
      2.348756e+01
      2.420286e+01
      2.493995e+01
      2.569948e+01
      2.648215e+01
      2.728865e+01
      2.811971e+01
      2.897609e+01
      2.985854e+01
      3.076787e+01
      3.170489e+01
      3.267045e+01
      3.366541e+01
      3.469067e+01
      3.574716e+01
      3.683583e+01
      3.795764e+01
      3.911363e+01
      4.030481e+01
      4.153228e+01
      4.279712e+01
      4.410049e+01
      4.544355e+01
      4.682751e+01
      4.825362e+01
      4.972316e+01
      5.123746e+01
      5.279787e+01
      5.440581e+01
      5.606271e+01
      5.777007e+01
      5.952943e+01
      6.134238e+01
      6.321053e+01
      6.513558e+01
      6.711925e+01
      6.916334e+01
      7.126967e+01
      7.344016e+01
      7.567674e+01
      7.798144e+01
      8.035633e+01
      8.280355e+01
      8.532529e+01
      8.792383e+01
      9.060151e+01
      9.336074e+01
      9.620400e+01
      9.913384e+01
      1.021529e+02
      1.052639e+02
      1.084697e+02
      1.117731e+02
      1.151771e+02
      1.186848e+02
      1.222992e+02
      1.260238e+02
      1.298618e+02
      1.338167e+02
      1.378920e+02
      1.420915e+02
      1.464188e+02
      1.508779e+02
      1.554728e+02
      1.602077e+02
      1.650867e+02
      1.701144e+02
      1.752951e+02
      1.806336e+02
      1.861348e+02
      1.918034e+02
      1.976447e+02
      2.036639e+02
      2.098663e+02
      2.162577e+02
      2.228438e+02
      2.296304e+02
      2.366236e+02
      2.438299e+02
      2.512556e+02
      2.589075e+02
      2.667924e+02
      2.749175e+02
      2.832899e+02
      2.919174e+02
      3.008076e+02
      3.099685e+02
      3.194085e+02
      3.291359e+02
      3.391594e+02
      3.494881e+02
      3.601310e+02
      3.710974e+02
      3.823967e+02
      3.940383e+02
      4.060315e+02
      4.183853e+02
      4.311084e+02
      4.442090e+02
      4.576945e+02
      4.715711e+02
      4.858440e+02
      5.005168e+02
      5.155910e+02
      5.310663e+02
      5.469398e+02
      5.632058e+02
      5.798557e+02
      5.968772e+02
      6.142550e+02
      6.319694e+02
      6.499970e+02
      6.683102e+02
      6.868772e+02
      7.056616e+02
      7.246231e+02
      7.437169e+02
      7.628941e+02
      7.821017e+02
      8.012832e+02
      8.203785e+02
      8.393242e+02
      8.580543e+02
      8.765000e+02
      8.945908e+02
      9.122545e+02
      9.294175e+02
      9.460060e+02
      9.619453e+02
      9.771613e+02
      9.915805e+02
      1.005130e+03
      1.017740e+03
      1.029339e+03
      1.039861e+03
      1.049242e+03
      1.057420e+03
      1.064335e+03
      1.069932e+03
      1.074161e+03
      1.076971e+03
      1.078321e+03
      1.078169e+03
      1.076481e+03
      1.073225e+03
      1.068375e+03
      1.061909e+03
      1.053811e+03
      1.044069e+03
      1.032677e+03
      1.019633e+03
      1.004942e+03
      9.886113e+02
      9.706565e+02
      9.510972e+02
      9.299584e+02
      9.072702e+02
      8.830678e+02
      8.573913e+02
      8.302856e+02
      8.017999e+02
      7.719877e+02
      7.409066e+02
      7.086173e+02
      6.751841e+02
      6.406740e+02
      6.051560e+02
      5.687014e+02
      5.313827e+02
      4.932735e+02
      4.544479e+02
      4.149798e+02
      3.749431e+02
      3.344107e+02
      2.934546e+02
      2.521450e+02
      2.105506e+02
      1.687381e+02
      1.267718e+02
      8.471396e+01
      4.262409e+01
      5.593789e-01
     -4.142550e+01
     -8.327837e+01
     -1.249494e+02
     -1.663911e+02
     -2.075580e+02
     -2.484068e+02
     -2.888958e+02
     -3.289853e+02
     -3.686365e+02
     -4.078125e+02
     -4.464771e+02
     -4.845952e+02
     -5.221324e+02
     -5.590551e+02
     -5.953301e+02
     -6.309249e+02
     -6.658072e+02
     -6.999449e+02
     -7.333066e+02
     -7.658608e+02
     -7.975764e+02
     -8.284224e+02
     -8.583683e+02
     -8.873836e+02
     -9.154381e+02
     -9.425019e+02
     -9.685454e+02
     -9.935391e+02
     -1.017454e+03
     -1.040261e+03
     -1.061933e+03
     -1.082439e+03
     -1.101754e+03
     -1.119849e+03
     -1.136697e+03
     -1.152272e+03
     -1.166548e+03
     -1.179499e+03
     -1.191101e+03
     -1.201330e+03
     -1.210163e+03
     -1.217580e+03
     -1.223561e+03
     -1.228088e+03
     -1.231146e+03
     -1.232721e+03
     -1.232803e+03
     -1.231385e+03
     -1.228461e+03
     -1.224033e+03
     -1.218103e+03
     -1.210678e+03
     -1.201772e+03
     -1.191401e+03
     -1.179586e+03
     -1.166354e+03
     -1.151737e+03
     -1.135772e+03
     -1.118500e+03
     -1.099968e+03
     -1.080227e+03
     -1.059335e+03
     -1.037351e+03
     -1.014339e+03
     -9.903697e+02
     -9.655132e+02
     -9.398446e+02
     -9.134413e+02
     -8.863827e+02
     -8.587499e+02
     -8.306253e+02
     -8.020917e+02
     -7.732328e+02
     -7.441316e+02
     -7.148709e+02
     -6.855325e+02
     -6.561968e+02
     -6.269428e+02
     -5.978472e+02
     -5.689847e+02
     -5.404273e+02
     -5.122441e+02
     -4.845015e+02
     -4.572622e+02
     -4.305859e+02
     -4.045283e+02
     -3.791415e+02
     -3.544735e+02
     -3.305683e+02
     -3.074657e+02
     -2.852009e+02
     -2.638047e+02
     -2.433035e+02
     -2.237188e+02
     -2.050674e+02
     -1.873615e+02
     -1.706083e+02
     -1.548103e+02
     -1.399654e+02
     -1.260667e+02
     -1.131028e+02
     -1.010581e+02
     -8.991253e+01
     -7.964241e+01
     -7.022021e+01
     -6.161516e+01
     -5.379344e+01
     -4.671869e+01
     -4.035230e+01
     -3.465392e+01
     -2.958185e+01
     -2.509350e+01
     -2.114585e+01
     -1.769585e+01
     -1.470088e+01
     -1.211911e+01
     -9.909902e+00
     -8.034125e+00
     -6.454448e+00
     -5.135593e+00
     -4.044537e+00
     -3.150663e+00
     -2.425863e+00
     -1.844598e+00
     -1.383901e+00
     -1.023348e+00
     -7.449786e-01
     -5.331925e-01
     -3.746078e-01
     -2.579008e-01
     -1.736267e-01
     -1.140296e-01
     -7.284643e-02
     -4.511143e-02
     -2.696600e-02
     -1.547771e-02
     -8.472681e-03
     -4.383920e-03
     -2.117374e-03
     -9.368658e-04
     -3.679921e-04
     -1.204049e-04
     -2.722766e-05
      1.779945e-07
      4.266523e-06
      2.600806e-06
      8.799658e-07
      9.578956e-08
     -8.442849e-08
     -5.805883e-08
     -1.514418e-08
      1.998492e-09
      3.184820e-09
      9.831072e-10
     -1.117793e-10
     -1.874370e-10
     -4.429733e-11
      1.450865e-11
      1.049619e-11
      5.134904e-13
     -1.396087e-12
     -3.553557e-13
      1.332541e-13
      7.032163e-14
     -8.953969e-15
     -1.057491e-14
      2.476524e-16
      1.422278e-15
      3.720070e-17
     -1.832714e-16
     -6.458789e-18
      2.323119e-17
      1.356330e-19
     -2.869970e-18
      1.713528e-19
      3.307089e-19
     -5.360949e-20
     -3.245797e-20
      1.056777e-20
      2.117445e-21
     -1.546619e-21
      4.634270e-23
      1.611895e-22
     -3.942929e-23
     -8.325465e-24
      6.208406e-24
     -7.238459e-25
     -4.468620e-25
      2.015264e-25
     -1.502093e-26
     -1.544407e-26
      6.504298e-27
     -6.927870e-28
     -3.835258e-28
      2.050994e-28
     -4.087966e-29
     -3.219096e-30
      5.029474e-30
     -1.769899e-30
      2.955970e-31
      2.848219e-32
     -3.832716e-32
      1.489878e-32
     -3.644153e-33
      4.762322e-34
      7.065686e-35
     -7.323702e-35
      3.088199e-35
     -9.897903e-36
      2.706427e-36
     -6.604184e-37
      1.471872e-37
     -3.037798e-38
      5.858845e-39
     -1.062506e-39
      1.819764e-40
     -2.952415e-41
      4.546256e-42
     -6.650206e-43
      9.239147e-44
     -1.217179e-44
      1.515130e-45
     -1.769903e-46
      1.915262e-47
     -1.869788e-48
      1.543875e-49
     -8.502838e-51
     -2.829021e-52
      1.898772e-52
     -3.999872e-53
      6.540613e-54
     -9.425625e-55
      1.251497e-55
     -1.563591e-56
      1.859973e-57
     -2.122132e-58
      2.333840e-59
     -2.482793e-60
      2.561719e-61
     -2.568844e-62
      2.507696e-63
     -2.386330e-64
      2.216142e-65
     -2.010467e-66
      1.783173e-67
     -1.547421e-68
      1.314699e-69
     -1.094217e-70
      8.926297e-72
     -7.140706e-73
      5.604114e-74
     -4.316660e-75
      3.264599e-76
     -2.424979e-77
      1.769813e-78
     -1.269475e-79
      8.952131e-81
     -6.208059e-82
      4.234745e-83
     -2.842169e-84
      1.877274e-85
     -1.220561e-86
      7.813410e-88
     -4.925623e-89
      3.058498e-90
     -1.870963e-91
      1.127748e-92
     -6.699248e-94
      3.922667e-95
     -2.264382e-96
      1.288844e-97
     -7.234351e-99
     4.005090e-100
    -2.187262e-101
     1.178490e-102
    -6.265355e-104
     3.287133e-105
    -1.702142e-106
     8.700311e-108
    -4.390218e-109
     2.187259e-110
    -1.076035e-111
     5.227721e-113
    -2.508445e-114
     1.188908e-115
    -5.566569e-117
     2.574930e-118
    -1.176857e-119
     5.315000e-121
    -2.372159e-122
     1.046368e-123
    -4.562078e-125
     1.966147e-126
    -8.376837e-128
     3.528504e-129
    -1.469542e-130
     6.051845e-132
    -2.464570e-133
     9.926002e-135
    -3.953837e-136
     1.557777e-137
    -6.071055e-139
     2.340587e-140
    -8.927218e-142
     3.368732e-143
    -1.257777e-144
     4.646805e-146
    -1.698813e-147
     6.146154e-149
    -2.200660e-150
     7.798653e-152
    -2.735442e-153
     9.497315e-155
    -3.264097e-156
     1.110548e-157
    -3.740642e-159
     1.247417e-160
    -4.118660e-162
     1.346480e-163
    -4.358776e-165
     1.397238e-166
    -4.435452e-168
     1.394397e-169
    -4.341456e-171
     1.338764e-172
    -4.088939e-174
     1.237012e-175
    -3.706906e-177
     1.100377e-178
    -3.235791e-180
     9.426404e-182
    -2.720537e-183
     7.778979e-185
    -2.203769e-186
     6.185870e-188
    -1.720451e-189
     4.741388e-191
    -1.294809e-192
     3.503945e-194
    -9.396686e-196
     2.497308e-197
    -6.577536e-199
     1.716966e-200
    -4.442025e-202
     1.139027e-203
    -2.894901e-205
     7.292772e-207
    -1.821056e-208
     4.507519e-210
    -1.105981e-211
     2.690079e-213
    -6.486364e-215
     1.550486e-216
    -3.674306e-218
     8.632465e-220
    -2.010745e-221
     4.643570e-223
    -1.063238e-224
     2.413803e-226
    -5.433458e-228
     1.212728e-229
    -2.683939e-231
     5.889969e-233
    -1.281722e-234
     2.765817e-236
    -5.918493e-238
     1.255929e-239
    -2.642977e-241
     5.515747e-243
    -1.141579e-244
     2.343182e-246
    -4.769928e-248
     9.630104e-250
    -1.928282e-251
     3.829463e-253
    -7.542922e-255
     1.473610e-256
    -2.855440e-258
     5.488045e-260
    -1.046219e-261
     1.978307e-263
    -3.710538e-265
     6.903320e-267
    -1.273980e-268
     2.332145e-270
    -4.234895e-272
     7.628313e-274
    -1.363070e-275
     2.416107e-277
    -4.248418e-279
     7.410635e-281
    -1.282346e-282
     2.201305e-284
    -3.748732e-286
     6.333177e-288
    -1.061439e-289
     1.764852e-291
    -2.911147e-293
     4.763932e-295
    -7.734200e-297
     1.245708e-298
    -1.990537e-300
     3.155585e-302
    -4.963029e-304
     7.744136e-306
    -1.198836e-307
     1.841233e-309
    -2.805572e-311
     4.241107e-313
    -6.340402e-315
     7.736695e-317
    -5.103352e-319
     9.288434e-322
     -0.000000e+00
     -0.000000e+00
     -0.000000e+00
     -0.000000e+00
     -0.000000e+00
     -0.000000e+00
     -0.000000e+00
     -0.000000e+00
     -0.000000e+00
     -0.000000e+00
     -0.000000e+00
     -0.000000e+00
     -0.000000e+00
     -0.000000e+00
     -0.000000e+00
     -0.000000e+00
     -0.000000e+00
     -0.000000e+00
     -0.000000e+00
     -0.000000e+00
     -0.000000e+00
     -0.000000e+00
     -0.000000e+00
     -0.000000e+00
     -0.000000e+00
     -0.000000e+00
     -0.000000e+00
     -0.000000e+00
     -0.000000e+00
     -0.000000e+00
     -0.000000e+00
     -0.000000e+00
     -0.000000e+00
     -0.000000e+00
     -0.000000e+00
     -0.000000e+00
     -0.000000e+00
     -0.000000e+00
     -0.000000e+00
     -0.000000e+00
     -0.000000e+00
     -0.000000e+00
     -0.000000e+00
     -0.000000e+00
     -0.000000e+00
     -0.000000e+00
     -0.000000e+00
     -0.000000e+00
     -0.000000e+00
     -0.000000e+00
     -0.000000e+00
     -0.000000e+00
     -0.000000e+00
     -0.000000e+00
     -0.000000e+00
     -0.000000e+00
     -0.000000e+00
     -0.000000e+00
     -0.000000e+00
     -0.000000e+00
     -0.000000e+00
     -0.000000e+00
     -0.000000e+00
     -0.000000e+00
     -0.000000e+00
     -0.000000e+00
     -0.000000e+00
     -0.000000e+00
     -0.000000e+00
     -0.000000e+00
     -0.000000e+00
     -0.000000e+00
     -0.000000e+00
     -0.000000e+00
     -0.000000e+00
     -0.000000e+00
     -0.000000e+00
     -0.000000e+00
     -0.000000e+00
     -0.000000e+00
     -0.000000e+00
     -0.000000e+00
     -0.000000e+00
     -0.000000e+00
     -0.000000e+00
     -0.000000e+00
     -0.000000e+00
     -0.000000e+00
     -0.000000e+00
     -0.000000e+00
     -0.000000e+00
     -0.000000e+00
     -0.000000e+00
     -0.000000e+00
     -0.000000e+00
     -0.000000e+00
     -0.000000e+00
     -0.000000e+00
     -0.000000e+00
     -0.000000e+00
     -0.000000e+00
     -0.000000e+00
     -0.000000e+00
      0.000000e+00
      0.000000e+00
