      0.000000e+00
      0.000000e+00
     -7.247998e-15
     -3.572545e-14
     -7.982276e-14
     -8.436593e-14
     -4.193750e-14
      4.612976e-14
      1.213237e-13
      2.027970e-14
     -8.859541e-14
      3.015712e-14
      7.612561e-13
     -2.064831e-11
      5.612337e-10
     -1.298513e-08
      2.485076e-07
     -3.757167e-06
      4.022105e-05
     -1.880244e-04
     -2.717720e-03
      6.891101e-02
     -6.623768e-01
      2.091880e+00
      1.245722e+01
     -5.726525e+01
     -3.865741e+02
     -9.161120e+02
     -1.136562e+03
     -2.596672e+02
      8.114449e+02
      7.726669e+02
      7.304230e+02
      1.448487e+03
      1.652863e+03
      7.588008e+02
     -3.794010e+02
     -9.280632e+02
     -6.746532e+02
     -1.926231e+02
     -1.831596e+01
     -4.204988e+01
     -5.699309e+01
     -5.423266e+01
     -5.511446e+01
     -3.025747e+01
     -4.462318e+00
     -2.107373e+00
     -4.179731e+00
     -3.247322e+00
     -2.890136e+00
      3.546872e+00
      5.973513e-01
     -6.635215e+00
     -7.593091e+00
      2.118523e+01
      5.865192e+01
      5.752975e+01
      5.088092e+01
      2.147277e+01
     -3.276096e+01
      8.909981e+00
      2.913670e+02
      5.884766e+02
      4.961060e+02
      2.533587e+02
      8.102358e+02
      2.333620e+03
      2.300200e+03
     -9.225828e+02
     -3.402952e+03
     -2.027900e+03
     -4.025376e+02
     -2.514564e+02
     -6.634289e+01
     -7.184154e+00
      3.953848e+00
      2.950697e-01
     -5.839623e-01
      1.824211e-01
     -3.267981e-02
      4.103337e-03
     -3.932454e-04
      3.012170e-05
     -1.897063e-06
      1.001343e-07
     -4.492100e-09
      1.731251e-10
     -5.781614e-12
      1.684797e-13
     -4.308478e-15
      9.713450e-17
     -1.937659e-18
      3.429597e-20
     -5.396759e-22
      7.559301e-24
     -9.429817e-26
      1.047348e-27
     -1.034677e-29
      0.000000e+00
      0.000000e+00
