      0.000000e+00
      0.000000e+00
      2.872770e-16
      9.144396e-16
      1.424242e-15
      1.235180e-15
     -6.819035e-17
     -2.401324e-15
     -5.126694e-15
     -7.364192e-15
     -8.467904e-15
     -8.312925e-15
     -7.169338e-15
     -5.297042e-15
     -2.680562e-15
      7.444617e-16
      4.452222e-15
      6.838702e-15
      5.558542e-15
     -1.136996e-15
     -1.277808e-14
     -2.610396e-14
     -3.648687e-14
     -4.084798e-14
     -4.004373e-14
     -3.855071e-14
     -4.102635e-14
     -4.786030e-14
     -5.316406e-14
     -4.750692e-14
     -2.453303e-14
      1.270286e-14
      5.085896e-14
      7.325169e-14
      7.120399e-14
      5.154242e-14
      3.293382e-14
      3.171393e-14
      4.753093e-14
      6.165293e-14
      5.176052e-14
      1.240828e-14
     -3.687502e-14
     -6.510653e-14
     -5.518826e-14
     -1.901158e-14
      1.213741e-14
      1.413455e-14
     -1.032969e-14
     -3.655813e-14
     -4.141430e-14
     -2.276330e-14
      2.165117e-15
      1.438474e-14
      7.014247e-15
     -1.679262e-14
     -5.418608e-14
     -1.045125e-13
     -1.583754e-13
     -1.891066e-13
     -1.648969e-13
     -7.901017e-14
      2.939940e-14
      9.176171e-14
      6.045023e-14
     -4.709377e-14
     -1.543044e-13
     -1.842882e-13
     -1.221500e-13
     -2.128290e-14
      5.566605e-14
      1.032865e-13
      1.755504e-13
      3.142590e-13
      4.753328e-13
      5.372663e-13
      3.986246e-13
      7.814827e-14
     -2.801811e-13
     -5.073128e-13
     -5.253090e-13
     -3.795879e-13
     -1.739676e-13
      1.272358e-14
      1.470301e-13
      2.003837e-13
      1.231968e-13
     -1.123426e-13
     -4.401241e-13
     -6.950367e-13
     -7.166578e-13
     -4.846801e-13
     -1.541971e-13
      6.102594e-14
      6.396952e-14
     -4.999327e-14
     -8.915260e-14
      5.406604e-14
      3.041517e-13
      4.732210e-13
      4.310798e-13
      2.169936e-13
     -1.820852e-15
     -7.534899e-14
      1.529025e-14
      1.640827e-13
      2.395427e-13
      1.814339e-13
      2.626073e-14
     -1.351555e-13
     -2.230984e-13
     -2.178066e-13
     -1.713409e-13
     -1.744420e-13
     -2.887309e-13
     -4.847661e-13
     -6.390363e-13
     -6.077643e-13
     -3.313896e-13
      1.099038e-13
      5.359284e-13
      7.750927e-13
      7.656474e-13
      5.830268e-13
      3.806989e-13
      2.876254e-13
      3.293380e-13
      4.223804e-13
      4.445354e-13
      3.317261e-13
      1.300378e-13
     -3.979308e-14
     -8.037337e-14
      2.821777e-15
      1.120711e-13
      1.523239e-13
      1.234015e-13
      1.183890e-13
      2.239624e-13
      4.167830e-13
      5.601818e-13
      5.119149e-13
      2.475836e-13
     -1.102562e-13
     -3.798418e-13
     -4.467666e-13
     -3.289710e-13
     -1.424616e-13
     -9.610032e-15
      1.724845e-14
     -2.896813e-14
     -7.265074e-14
     -5.769467e-14
      1.363334e-14
      8.701242e-14
      9.776926e-14
      1.616953e-14
     -1.339139e-13
     -2.915776e-13
     -3.957956e-13
     -4.181664e-13
     -3.733820e-13
     -3.038498e-13
     -2.495640e-13
     -2.228212e-13
     -2.040412e-13
     -1.597801e-13
     -6.794953e-14
      6.751218e-14
      2.183213e-13
      3.431823e-13
      4.013373e-13
      3.671670e-13
      2.446837e-13
      7.351415e-14
     -8.293931e-14
     -1.639491e-13
     -1.363524e-13
     -5.048280e-15
      1.885513e-13
      3.724275e-13
      4.585036e-13
      3.779234e-13
      1.302434e-13
     -1.917728e-13
     -4.407565e-13
     -5.063572e-13
     -3.911623e-13
     -2.013457e-13
     -5.456564e-14
      1.275554e-14
      5.364785e-14
      1.325268e-13
      2.455375e-13
      3.225813e-13
      3.055112e-13
      2.152498e-13
      1.332642e-13
      1.156882e-13
      1.312231e-13
      8.952308e-14
     -6.673828e-14
     -2.952374e-13
     -4.716089e-13
     -4.683991e-13
     -2.292218e-13
      2.002945e-13
      6.786472e-13
      1.003693e-12
      9.910875e-13
      5.900368e-13
     -3.651907e-14
     -5.653945e-13
     -7.089223e-13
     -4.190609e-13
      7.521490e-14
      4.419889e-13
      4.891660e-13
      2.745798e-13
      9.074291e-15
     -1.395826e-13
     -1.678403e-13
     -1.982201e-13
     -3.385728e-13
     -5.652343e-13
     -7.216530e-13
     -6.328940e-13
     -2.536436e-13
      2.626771e-13
      6.416845e-13
      6.754256e-13
      3.828990e-13
      4.471640e-15
     -1.857661e-13
     -1.042960e-13
      7.727702e-14
      9.653973e-14
     -1.441066e-13
     -4.636075e-13
     -5.462390e-13
     -2.261936e-13
      3.406201e-13
      7.792210e-13
      7.922581e-13
      3.960071e-13
     -1.061002e-13
     -3.801599e-13
     -3.157761e-13
     -6.255552e-14
      1.511801e-13
      2.204589e-13
      2.009871e-13
      1.878875e-13
      1.993784e-13
      1.901031e-13
      1.495370e-13
      1.457255e-13
      2.542638e-13
      4.572308e-13
      6.322895e-13
      6.472216e-13
      4.628347e-13
      1.522714e-13
     -1.581968e-13
     -3.562215e-13
     -3.751015e-13
     -2.064305e-13
      8.394405e-14
      3.569777e-13
      4.542977e-13
      2.928249e-13
     -6.903053e-14
     -4.561196e-13
     -6.832702e-13
     -6.673228e-13
     -4.645137e-13
     -2.123133e-13
     -2.627089e-14
      6.734641e-14
      1.164293e-13
      1.720888e-13
      2.366469e-13
      2.773505e-13
      2.749550e-13
      2.392892e-13
      1.768205e-13
      7.107110e-14
     -7.396030e-14
     -1.749610e-13
     -9.661610e-14
      2.195097e-13
      6.495197e-13
      9.428332e-13
      9.171707e-13
      6.112042e-13
      2.430246e-13
      1.735346e-14
     -3.010390e-14
     -1.794789e-14
     -7.886432e-14
     -2.424688e-13
     -4.322276e-13
     -5.438042e-13
     -5.191219e-13
     -3.717956e-13
     -1.747037e-13
     -2.798334e-14
     -9.747809e-15
     -1.223014e-13
     -2.753456e-13
     -3.392516e-13
     -2.402064e-13
     -1.694771e-14
      2.154063e-13
      3.619878e-13
      4.163625e-13
      4.450513e-13
      5.155114e-13
      6.372500e-13
      7.568562e-13
      7.950803e-13
      6.924260e-13
      4.405749e-13
      9.012098e-14
     -2.694517e-13
     -5.501685e-13
     -7.012694e-13
     -7.150697e-13
     -6.074071e-13
     -4.073658e-13
     -1.786068e-13
     -4.121770e-14
     -1.319195e-13
     -4.914061e-13
     -9.686041e-13
     -1.265105e-12
     -1.134724e-12
     -5.879695e-13
      8.995742e-14
      5.440930e-13
      6.063239e-13
      3.860128e-13
      1.372524e-13
      4.181762e-14
      9.111641e-14
      1.332695e-13
      1.503863e-14
     -2.946032e-13
     -6.731149e-13
     -9.196584e-13
     -8.939396e-13
     -6.239034e-13
     -2.869217e-13
     -6.316080e-14
      1.170626e-14
      4.776560e-14
      1.519795e-13
      2.889570e-13
      3.054890e-13
      9.365797e-14
     -2.831716e-13
     -6.308492e-13
     -7.817043e-13
     -7.121021e-13
     -5.276842e-13
     -3.595227e-13
     -2.739282e-13
     -2.522240e-13
     -2.270598e-13
     -1.380818e-13
      1.886221e-14
      1.695823e-13
      1.899231e-13
     -1.296566e-14
     -4.137896e-13
     -8.529208e-13
     -1.124191e-12
     -1.107667e-12
     -8.387714e-13
     -4.605204e-13
     -1.146338e-13
      1.273833e-13
      2.546047e-13
      2.779253e-13
      2.217429e-13
      1.422629e-13
      1.245884e-13
      2.378483e-13
      4.802357e-13
      7.600804e-13
      9.329868e-13
      8.827893e-13
      6.068143e-13
      2.447884e-13
      6.192231e-15
      2.624702e-14
      2.617514e-13
      5.254244e-13
      6.363824e-13
      5.521636e-13
      3.682263e-13
      2.046404e-13
      1.034917e-13
      3.129248e-14
     -3.765776e-14
     -6.072999e-14
      3.926011e-14
      2.769882e-13
      5.460029e-13
      6.721962e-13
      5.486919e-13
      2.346883e-13
     -8.151535e-14
     -2.360824e-13
     -2.255241e-13
     -1.959170e-13
     -2.897348e-13
     -4.930619e-13
     -6.316224e-13
     -5.251085e-13
     -1.580534e-13
      2.906632e-13
      5.828045e-13
      5.905341e-13
      3.509580e-13
     -1.649517e-14
     -4.146297e-13
     -7.818812e-13
     -1.033817e-12
     -1.051175e-12
     -7.713559e-13
     -2.891255e-13
      1.737052e-13
      4.336639e-13
      4.842278e-13
      4.576030e-13
      4.521258e-13
      4.211134e-13
      2.489261e-13
     -7.498571e-14
     -3.811379e-13
     -4.332322e-13
     -1.651457e-13
      9.919129e-14
     -1.704583e-13
     -5.153623e-13
      1.601351e-12
      6.366447e-12
     -8.592251e-13
     -4.530540e-11
     -8.543583e-11
      1.115822e-10
      7.906659e-10
      1.129850e-09
     -2.185010e-09
     -1.244773e-08
     -1.960972e-08
      1.950288e-08
      1.682723e-07
      3.918421e-07
      2.939398e-07
     -1.185258e-06
     -5.738345e-06
     -1.431660e-05
     -2.166292e-05
     -1.109204e-06
      1.264646e-04
      5.358692e-04
      1.526674e-03
      3.494744e-03
      6.832681e-03
      1.184548e-02
      1.888220e-02
      2.887759e-02
      4.427077e-02
      6.991927e-02
      1.134572e-01
      1.848090e-01
      2.951632e-01
      4.561569e-01
      6.799023e-01
      9.798308e-01
      1.371708e+00
      1.874089e+00
      2.507943e+00
      3.295734e+00
      4.260350e+00
      5.424017e+00
      6.806883e+00
      8.424669e+00
      1.028476e+01
      1.238070e+01
      1.468554e+01
      1.714244e+01
      1.964285e+01
      2.197461e+01
      2.373746e+01
      2.428407e+01
      2.282534e+01
      1.883792e+01
      1.272302e+01
      6.340339e+00
      2.860273e+00
      5.658256e+00
      1.667996e+01
      3.530344e+01
      5.858355e+01
      8.282850e+01
      1.054532e+02
      1.258726e+02
      1.450120e+02
      1.640772e+02
      1.836135e+02
      2.033808e+02
      2.227939e+02
      2.413399e+02
      2.586410e+02
      2.742511e+02
      2.874434e+02
      2.971219e+02
      3.018061e+02
      2.995543e+02
      2.876655e+02
      2.620580e+02
      2.166187e+02
      1.436787e+02
      3.740791e+01
     -9.919525e+01
     -2.466237e+02
     -3.672153e+02
     -4.156600e+02
     -3.601697e+02
     -2.025245e+02
      1.814585e+01
      2.435226e+02
      4.254749e+02
      5.467701e+02
      6.202616e+02
      6.708630e+02
      7.164371e+02
      7.607023e+02
      7.985827e+02
      8.249833e+02
      8.388435e+02
      8.414775e+02
      8.332969e+02
      8.124229e+02
      7.753344e+02
      7.177994e+02
      6.348595e+02
      5.197935e+02
      3.625167e+02
      1.486287e+02
     -1.377622e+02
     -5.031660e+02
     -9.255538e+02
     -1.337064e+03
     -1.627664e+03
     -1.683063e+03
     -1.445510e+03
     -9.593966e+02
     -3.627505e+02
      1.791194e+02
      5.558410e+02
      7.537031e+02
      8.331987e+02
      8.692560e+02
      9.036976e+02
      9.381779e+02
      9.570801e+02
      9.509367e+02
      9.223092e+02
      8.779584e+02
      8.207002e+02
      7.481404e+02
      6.558367e+02
      5.396625e+02
      3.954794e+02
      2.174116e+02
     -3.733669e+00
     -2.806594e+02
     -6.256044e+02
     -1.038284e+03
     -1.486440e+03
     -1.890922e+03
     -2.135483e+03
     -2.112323e+03
     -1.785976e+03
     -1.231983e+03
     -6.129729e+02
     -9.847136e+01
      2.185907e+02
      3.507648e+02
      3.770182e+02
      3.754347e+02
      3.808698e+02
      3.882567e+02
      3.812254e+02
      3.538019e+02
      3.117451e+02
      2.626584e+02
      2.091119e+02
      1.493603e+02
      8.110488e+01
      3.301212e+00
     -8.457029e+01
     -1.837402e+02
     -2.965445e+02
     -4.257782e+02
     -5.724911e+02
     -7.313045e+02
     -8.843204e+02
     -9.987584e+02
     -1.035064e+03
     -9.665243e+02
     -8.002059e+02
     -5.824269e+02
     -3.797440e+02
     -2.453506e+02
     -1.942293e+02
     -2.042379e+02
     -2.391185e+02
     -2.731008e+02
     -2.997463e+02
     -3.243763e+02
     -3.522093e+02
     -3.830048e+02
     -4.131796e+02
     -4.397386e+02
     -4.615670e+02
     -4.782054e+02
     -4.884410e+02
     -4.899733e+02
     -4.796998e+02
     -4.537004e+02
     -4.064923e+02
     -3.299131e+02
     -2.132548e+02
     -4.763865e+01
      1.634032e+02
      3.909993e+02
      5.771362e+02
      6.515903e+02
      5.674646e+02
      3.337079e+02
      1.760919e+01
     -2.899017e+02
     -5.227928e+02
     -6.669443e+02
     -7.495906e+02
     -8.068023e+02
     -8.581719e+02
     -9.039454e+02
     -9.371171e+02
     -9.541710e+02
     -9.565010e+02
     -9.461801e+02
     -9.228060e+02
     -8.836472e+02
     -8.250242e+02
     -7.427701e+02
     -6.316389e+02
     -4.844074e+02
     -2.907813e+02
     -3.635276e+01
      2.954435e+02
      7.123975e+02
      1.190990e+03
      1.653388e+03
      1.969750e+03
      2.006035e+03
      1.702317e+03
      1.127538e+03
      4.584405e+02
     -1.139264e+02
     -4.836652e+02
     -6.626233e+02
     -7.327353e+02
     -7.705860e+02
     -8.062316e+02
     -8.327364e+02
     -8.369006e+02
     -8.169689e+02
     -7.796660e+02
     -7.303749e+02
     -6.691736e+02
     -5.932280e+02
     -4.997180e+02
     -3.861471e+02
     -2.491729e+02
     -8.376349e+01
      1.172154e+02
      3.632284e+02
      6.639115e+02
      1.019777e+03
      1.404318e+03
      1.747882e+03
      1.944865e+03
      1.898101e+03
      1.582536e+03
      1.080154e+03
      5.477792e+02
      1.321719e+02
     -1.047813e+02
     -1.958192e+02
     -2.164061e+02
     -2.238605e+02
     -2.342249e+02
     -2.386370e+02
     -2.286341e+02
     -2.058763e+02
     -1.766631e+02
     -1.446827e+02
     -1.098113e+02
     -7.078204e+01
     -2.701256e+01
      2.164445e+01
      7.571325e+01
      1.363258e+02
      2.050653e+02
      2.838011e+02
      3.739103e+02
      4.735201e+02
      5.726384e+02
      6.496390e+02
      6.753192e+02
      6.273002e+02
      5.075046e+02
      3.479952e+02
      1.964664e+02
      8.993912e+01
      3.688111e+01
      2.068204e+01
      1.814487e+01
      1.546645e+01
      1.089787e+01
      7.714469e+00
      7.561699e+00
      9.325241e+00
      1.135841e+01
      1.307145e+01
      1.470230e+01
      1.650892e+01
      1.848608e+01
      2.055071e+01
      2.271039e+01
      2.504848e+01
      2.765489e+01
      3.060014e+01
      3.390342e+01
      3.739752e+01
      4.049650e+01
      4.207299e+01
      4.075996e+01
      3.574794e+01
      2.760084e+01
      1.831678e+01
      1.034160e+01
      5.199155e+00
      2.830317e+00
      2.090378e+00
      1.805425e+00
      1.441228e+00
      1.030191e+00
      7.407217e-01
      6.064857e-01
      5.489131e-01
      5.000230e-01
      4.489133e-01
      4.097556e-01
      3.879273e-01
      3.778587e-01
      3.742670e-01
      3.764530e-01
      3.855174e-01
      4.019194e-01
      4.255524e-01
      4.559751e-01
      4.907860e-01
      5.224720e-01
      5.366043e-01
      5.155596e-01
      4.488692e-01
      3.438977e-01
      2.263992e-01
      1.272000e-01
      6.442115e-02
      3.585958e-02
      2.651564e-02
      2.224083e-02
      1.725766e-02
      1.226427e-02
      9.000984e-03
      7.495312e-03
      6.737295e-03
      6.059483e-03
      5.426289e-03
      4.978798e-03
      4.728297e-03
      4.600236e-03
      4.549440e-03
      4.575941e-03
      4.688590e-03
      4.888538e-03
      5.174550e-03
      5.542846e-03
      5.966163e-03
      6.355295e-03
      6.533920e-03
      6.281309e-03
      5.463556e-03
      4.173206e-03
      2.736177e-03
      1.536267e-03
      7.876607e-04
      4.489585e-04
      3.313525e-04
      2.700077e-04
      2.047591e-04
      1.460014e-04
      1.098184e-04
      9.252027e-05
      8.232778e-05
      7.328832e-05
      6.567819e-05
      6.057714e-05
      5.761412e-05
      5.596547e-05
      5.529603e-05
      5.563580e-05
      5.702656e-05
      5.945590e-05
      6.291934e-05
      6.738014e-05
      7.252436e-05
      7.730061e-05
      7.956187e-05
      7.653835e-05
      6.650640e-05
      5.063067e-05
      3.305215e-05
      1.855530e-05
      9.647321e-06
      5.625920e-06
      4.128966e-06
      3.265044e-06
      2.427046e-06
      1.745391e-06
      1.344386e-06
      1.139325e-06
      1.002592e-06
      8.862479e-07
      7.964200e-07
      7.375806e-07
      7.015806e-07
      6.805378e-07
      6.721770e-07
      6.765711e-07
      6.936005e-07
      7.230779e-07
      7.650700e-07
      8.191142e-07
      8.815664e-07
      9.401481e-07
      9.688266e-07
      9.327770e-07
      8.096410e-07
      6.140982e-07
      3.990253e-07
      2.241506e-07
      1.184079e-07
      7.054462e-08
      5.126882e-08
      3.931766e-08
      2.877243e-08
      2.097386e-08
      1.649416e-08
      1.398287e-08
      1.217540e-08
      1.072589e-08
      9.675276e-09
      8.983141e-09
      8.538362e-09
      8.273786e-09
      8.171894e-09
      8.227382e-09
      8.434934e-09
      8.792958e-09
      9.302537e-09
      9.957203e-09
      1.071473e-08
      1.143283e-08
      1.179735e-08
      1.136972e-08
      9.857281e-09
      7.445277e-09
      4.813177e-09
      2.707761e-09
      1.455761e-09
      8.835652e-10
      6.328818e-10
      4.711830e-10
      3.419024e-10
      2.538696e-10
      2.027187e-10
      1.708179e-10
      1.470193e-10
      1.290646e-10
      1.168038e-10
      1.090744e-10
      1.043267e-10
      1.014760e-10
      1.001068e-10
      1.003308e-10
      1.024745e-10
      1.067740e-10
      1.132014e-10
      1.214294e-10
      1.307627e-10
      1.395519e-10
      1.441025e-10
      1.388740e-10
      1.199736e-10
      8.985947e-11
      5.750940e-11
      3.230860e-11
      1.771047e-11
      1.100560e-11
      7.888624e-12
      5.968223e-12
      4.696518e-12
      3.863494e-12
      3.055644e-12
      2.083288e-12
      1.220329e-12
      8.361731e-13
      9.647632e-13
      1.338449e-12
      1.710746e-12
      1.987761e-12
      2.126797e-12
      2.100537e-12
      1.953539e-12
      1.762796e-12
      1.563181e-12
      1.395288e-12
      1.353850e-12
      1.478845e-12
      1.636218e-12
      1.596994e-12
      1.252841e-12
      7.445117e-13
      3.648820e-13
      2.737502e-13
      2.900150e-13
      9.216157e-14
     -3.202928e-13
     -5.641747e-13
     -3.900093e-13
     -4.063194e-14
      6.522052e-14
     -1.932214e-13
     -6.128560e-13
     -9.068326e-13
     -8.656015e-13
     -4.982026e-13
     -1.110165e-13
     -4.309507e-14
     -2.505913e-13
     -3.435870e-13
     -7.573952e-14
      4.001097e-13
      7.942009e-13
      9.831393e-13
      9.875176e-13
      8.591325e-13
      7.398320e-13
      8.783054e-13
      1.332207e-12
      1.701496e-12
      1.479717e-12
      7.170067e-13
      3.520327e-14
     -8.285954e-14
      2.327156e-13
      5.465058e-13
      6.587042e-13
      6.721944e-13
      6.758956e-13
      5.921505e-13
      3.270088e-13
     -7.531176e-14
     -4.439647e-13
     -5.894270e-13
     -4.512218e-13
     -1.994783e-13
     -1.062022e-13
     -2.322261e-13
     -3.178603e-13
     -7.007983e-14
      4.884182e-13
      9.740190e-14
     -4.893630e-13
     -1.307519e-12
     -1.995180e-12
     -2.046302e-12
     -1.306143e-12
     -1.682361e-13
      8.079268e-13
      1.344023e-12
      1.421116e-12
      1.046659e-12
      3.236192e-13
     -3.216243e-13
     -3.132538e-13
      4.698088e-13
      1.373252e-12
      1.507133e-12
      6.855275e-13
     -3.539012e-13
     -7.755341e-13
     -4.867636e-13
      2.025825e-15
      2.788849e-13
      2.942047e-13
      1.630101e-13
      4.241941e-14
      8.497176e-14
      2.832035e-13
      3.929011e-13
      1.602879e-13
     -3.671639e-13
     -8.748942e-13
     -1.086656e-12
     -8.890670e-13
     -2.744970e-13
      5.500277e-13
      1.067162e-12
      8.445995e-13
      1.018664e-13
     -4.269749e-13
     -3.048711e-13
      1.785820e-13
      4.611859e-13
      3.230869e-13
     -6.970486e-14
     -4.837946e-13
     -7.586557e-13
     -7.169808e-13
     -1.506132e-13
      9.661354e-13
      2.228932e-12
      2.911565e-12
      2.567152e-12
      1.580575e-12
      8.805208e-13
      9.446888e-13
      1.316029e-12
      1.314730e-12
      9.899673e-13
      1.022901e-12
      1.745436e-12
      2.600510e-12
      2.782884e-12
      2.238951e-12
      1.665096e-12
      1.548420e-12
      1.710219e-12
      1.920844e-12
      2.404465e-12
      3.454925e-12
      5.027498e-12
      7.131563e-12
      1.069253e-11
      1.824216e-11
      3.349832e-11
      5.859939e-11
      9.028557e-11
      1.197752e-10
      1.384152e-10
      1.437385e-10
      1.395290e-10
      1.311216e-10
      1.219569e-10
      1.136475e-10
      1.071085e-10
      1.027398e-10
      1.002576e-10
      9.927437e-11
      1.001003e-10
      1.034328e-10
      1.093454e-10
      1.174915e-10
      1.286277e-10
      1.450281e-10
      1.690760e-10
      2.037832e-10
      2.571837e-10
      3.421518e-10
      4.646688e-10
      6.267615e-10
      8.912462e-10
      1.476910e-09
      2.721389e-09
      4.802167e-09
      7.421053e-09
      9.845957e-09
      1.137901e-08
      1.181220e-08
      1.143950e-08
      1.071417e-08
      9.955805e-09
      9.302460e-09
      8.793530e-09
      8.436225e-09
      8.229435e-09
      8.172781e-09
      8.271355e-09
      8.535989e-09
      8.989343e-09
      9.685179e-09
      1.070855e-08
      1.212341e-08
      1.398942e-08
      1.667240e-08
      2.118410e-08
      2.858922e-08
      3.861355e-08
      5.076951e-08
      7.120092e-08
      1.199635e-07
      2.250011e-07
      3.980826e-07
      6.122750e-07
      8.087660e-07
      9.334289e-07
      9.700039e-07
      9.407877e-07
      8.815675e-07
      8.189195e-07
      7.649500e-07
      7.230433e-07
      6.936312e-07
      6.766278e-07
      6.720896e-07
      6.802673e-07
      7.017174e-07
      7.387359e-07
      7.971841e-07
      8.835274e-07
      9.978298e-07
      1.142705e-06
      1.362363e-06
      1.759678e-06
      2.403794e-06
      3.206084e-06
      4.099316e-06
      5.688947e-06
      9.766976e-06
      1.861005e-05
      3.297412e-05
      5.049415e-05
      6.644158e-05
      7.658553e-05
      7.965121e-05
      7.735387e-05
      7.252841e-05
      6.736473e-05
      6.290762e-05
      5.945352e-05
      5.703245e-05
      5.563917e-05
      5.527768e-05
      5.593966e-05
      5.765475e-05
      6.070378e-05
      6.568979e-05
      7.294711e-05
      8.195710e-05
      9.306278e-05
      1.114700e-04
      1.468364e-04
      2.022909e-04
      2.652554e-04
      3.297724e-04
      4.546346e-04
      7.968232e-04
      1.539783e-03
      2.729802e-03
      4.162887e-03
      5.458713e-03
      6.284790e-03
      6.540754e-03
      6.359675e-03
      5.966743e-03
      5.541615e-03
      5.173500e-03
      4.888503e-03
      4.689317e-03
      4.575762e-03
      4.546894e-03
      4.598617e-03
      4.734766e-03
      4.990460e-03
      5.420831e-03
      6.023251e-03
      6.713394e-03
      7.561625e-03
      9.143071e-03
      1.230109e-02
      1.701851e-02
      2.186761e-02
      2.644862e-02
      3.635237e-02
      6.512132e-02
      1.274237e-01
      2.258818e-01
      3.431115e-01
      4.485040e-01
      5.158203e-01
      5.371313e-01
      5.228295e-01
      4.908473e-01
      4.558763e-01
      4.254685e-01
      4.019380e-01
      3.855813e-01
      3.763710e-01
      3.739928e-01
      3.778519e-01
      3.887350e-01
      4.106791e-01
      4.478864e-01
      4.967550e-01
      5.481093e-01
      6.140007e-01
      7.532185e-01
      1.032863e+00
      1.425035e+00
      1.788260e+00
      2.110259e+00
      2.907878e+00
      5.313032e+00
      1.045562e+01
      1.843505e+01
      2.778715e+01
      3.608789e+01
      4.131419e+01
      4.287502e+01
      4.158980e+01
      3.886648e+01
      3.587404e+01
      3.322568e+01
      3.110825e+01
      2.952560e+01
      2.844010e+01
      2.780749e+01
      2.759534e+01
      2.783183e+01
      2.861589e+01
      2.999322e+01
      3.182177e+01
      3.400341e+01
      3.713693e+01
      4.270446e+01
      5.173150e+01
      6.286948e+01
      7.339918e+01
      8.528059e+01
      1.118125e+02
      1.754670e+02
      2.928208e+02
      4.562637e+02
      6.296748e+02
      7.654000e+02
      8.306464e+02
      8.228599e+02
      7.644584e+02
      6.851175e+02
      6.068122e+02
      5.395393e+02
      4.850047e+02
      4.417116e+02
      4.077778e+02
      3.816582e+02
      3.622204e+02
      3.488373e+02
      3.412155e+02
      3.387789e+02
      3.404924e+02
      3.463552e+02
      3.596063e+02
      3.857120e+02
      4.261375e+02
      4.735280e+02
      5.204234e+02
      5.825916e+02
      7.149823e+02
      9.908503e+02
      1.443459e+03
      2.013837e+03
      2.557418e+03
      2.916546e+03
      3.006440e+03
      2.850256e+03
      2.545521e+03
      2.199345e+03
      1.882273e+03
      1.620588e+03
      1.413109e+03
      1.249776e+03
      1.121062e+03
      1.019889e+03
      9.411672e+02
      8.813494e+02
      8.377551e+02
      8.076443e+02
      7.884609e+02
      7.802430e+02
      7.876301e+02
      8.164644e+02
      8.652019e+02
      9.222296e+02
      9.819232e+02
      1.073348e+03
      1.270145e+03
      1.652331e+03
      2.233222e+03
      2.910496e+03
      3.495097e+03
      3.808762e+03
      3.779325e+03
      3.464989e+03
      3.000659e+03
      2.518079e+03
      2.096111e+03
      1.758031e+03
      1.495375e+03
      1.291239e+03
      1.131290e+03
      1.005418e+03
      9.064826e+02
      8.292274e+02
      7.695275e+02
      7.238838e+02
      6.897656e+02
      6.667419e+02
      6.565905e+02
      6.605435e+02
      6.755200e+02
      6.953710e+02
      7.207352e+02
      7.705078e+02
      8.795618e+02
      1.074806e+03
      1.343267e+03
      1.620529e+03
      1.816194e+03
      1.862023e+03
      1.747738e+03
      1.519812e+03
      1.249123e+03
      9.945818e+02
      7.854498e+02
      6.251039e+02
      5.043874e+02
      4.124872e+02
      3.412929e+02
      2.854013e+02
      2.409579e+02
      2.049340e+02
      1.750832e+02
      1.501521e+02
      1.295674e+02
      1.122071e+02
      9.531903e+01
      7.564295e+01
      5.293309e+01
      3.192083e+01
      1.741217e+01
      3.101034e+00
     -3.593092e+01
     -1.351528e+02
     -3.168262e+02
     -5.669297e+02
     -8.331201e+02
     -1.048772e+03
     -1.166739e+03
     -1.179202e+03
     -1.112781e+03
     -1.007451e+03
     -8.963947e+02
     -7.975821e+02
     -7.162205e+02
     -6.511021e+02
     -5.994081e+02
     -5.588271e+02
     -5.280603e+02
     -5.064420e+02
     -4.929117e+02
     -4.854187e+02
     -4.824778e+02
     -4.864382e+02
     -5.041386e+02
     -5.407935e+02
     -5.910015e+02
     -6.398446e+02
     -6.830315e+02
     -7.542456e+02
     -9.291992e+02
     -1.285617e+03
     -1.837365e+03
     -2.494198e+03
     -3.088023e+03
     -3.455106e+03
     -3.517496e+03
     -3.309152e+03
     -2.938202e+03
     -2.522180e+03
     -2.141104e+03
     -1.827175e+03
     -1.580125e+03
     -1.387296e+03
     -1.235883e+03
     -1.116705e+03
     -1.023796e+03
     -9.528653e+02
     -8.998014e+02
     -8.603922e+02
     -8.323629e+02
     -8.181410e+02
     -8.237484e+02
     -8.514714e+02
     -8.926445e+02
     -9.329541e+02
     -9.743772e+02
     -1.057316e+03
     -1.254659e+03
     -1.626329e+03
     -2.160295e+03
     -2.748624e+03
     -3.226932e+03
     -3.455896e+03
     -3.389027e+03
     -3.083078e+03
     -2.652987e+03
     -2.210116e+03
     -1.823152e+03
     -1.514115e+03
     -1.276100e+03
     -1.092970e+03
     -9.503607e+02
     -8.383382e+02
     -7.502921e+02
     -6.813447e+02
     -6.273998e+02
     -5.851193e+02
     -5.527193e+02
     -5.305284e+02
     -5.197370e+02
     -5.194088e+02
     -5.249172e+02
     -5.316713e+02
     -5.434117e+02
     -5.774893e+02
     -6.583084e+02
     -7.988562e+02
     -9.827163e+02
     -1.162601e+03
     -1.280372e+03
     -1.296389e+03
     -1.208260e+03
     -1.047645e+03
     -8.602539e+02
     -6.842818e+02
     -5.395302e+02
     -4.290044e+02
     -3.467777e+02
     -2.851504e+02
     -2.380732e+02
     -2.015636e+02
     -1.730044e+02
     -1.505156e+02
     -1.326692e+02
     -1.184148e+02
     -1.070583e+02
     -9.817305e+01
     -9.140217e+01
     -8.626758e+01
     -8.222364e+01
     -7.904632e+01
     -7.725498e+01
     -7.800631e+01
     -8.219573e+01
     -8.924989e+01
     -9.661248e+01
     -1.005884e+02
     -9.817364e+01
     -8.865552e+01
     -7.390282e+01
     -5.725024e+01
     -4.184864e+01
     -2.952940e+01
     -2.064159e+01
     -1.459311e+01
     -1.052512e+01
     -7.728192e+00
     -5.746463e+00
     -4.314118e+00
     -3.268651e+00
     -2.499647e+00
     -1.928443e+00
     -1.499608e+00
     -1.174553e+00
     -9.260771e-01
     -7.345740e-01
     -5.857942e-01
     -4.694804e-01
     -3.782774e-01
     -3.066266e-01
     -2.497555e-01
     -2.031568e-01
     -1.628391e-01
     -1.261195e-01
     -9.225393e-02
     -6.225441e-02
     -3.784823e-02
     -2.019707e-02
     -9.144604e-03
     -3.325123e-03
     -8.615367e-04
     -9.761811e-05
      2.929716e-05
      1.271349e-05
     -9.541200e-07
     -8.123635e-07
      1.209181e-06
      1.146594e-06
      3.279243e-07
     -8.229163e-08
     -9.442511e-08
     -2.287469e-08
      5.501820e-09
      4.477687e-09
      6.206177e-10
     -2.245975e-10
     -7.966842e-11
     -1.689465e-11
     -1.191083e-11
      1.435574e-13
      4.415091e-12
      1.187391e-12
     -6.489957e-13
     -3.279049e-13
      5.287680e-14
      5.520207e-14
     -3.035794e-17
     -6.957833e-15
     -8.970986e-16
      6.808627e-16
      2.153598e-16
     -4.783183e-17
     -3.875748e-17
      1.430171e-18
      6.283838e-18
      1.588057e-19
     -9.494781e-19
     -1.742568e-20
      1.324170e-19
     -3.260574e-21
     -1.688946e-20
      1.448621e-21
      1.985810e-21
     -3.295532e-22
     -2.156153e-22
      6.202534e-23
      1.973624e-23
     -1.033363e-23
     -9.014873e-25
      1.421887e-24
     -1.510866e-25
     -1.399583e-25
      4.708285e-26
      5.812947e-27
     -6.740389e-27
      9.774911e-28
      5.116298e-28
     -2.462474e-28
      1.180110e-29
      2.381005e-29
     -8.549538e-30
      1.196486e-31
      8.793976e-31
     -3.100985e-31
      1.542472e-32
      2.690062e-32
     -1.157290e-32
      1.646308e-33
      5.349057e-34
     -3.814856e-34
      1.037126e-34
     -5.930279e-36
     -7.640850e-36
      3.955421e-36
     -1.048032e-36
      1.045389e-37
      5.024265e-38
     -3.392716e-38
      1.190566e-38
     -2.797358e-39
      3.297475e-40
      8.306436e-41
     -7.303101e-41
      3.150735e-41
     -1.062504e-41
      3.095660e-42
     -8.114227e-43
      1.954123e-43
     -4.378483e-44
      9.202066e-45
     -1.823882e-45
      3.421584e-46
     -6.088812e-47
      1.028770e-47
     -1.649694e-48
      2.505350e-49
     -3.586766e-50
      4.797676e-51
     -5.891941e-52
      6.394275e-53
     -5.510199e-54
      2.036736e-55
      5.708894e-56
     -1.992102e-56
      4.327474e-57
     -7.881276e-58
      1.297383e-58
     -1.991154e-59
      2.894957e-60
     -4.025070e-61
      5.384537e-62
     -6.959899e-63
      8.719213e-64
     -1.061186e-64
      1.257036e-65
     -1.451431e-66
      1.635593e-67
     -1.800690e-68
      1.938558e-69
     -2.042374e-70
      2.107215e-71
     -2.130435e-72
      2.111810e-73
     -2.053470e-74
      1.959609e-75
     -1.836043e-76
      1.689661e-77
     -1.527843e-78
      1.357903e-79
     -1.186614e-80
      1.019841e-81
     -8.623047e-83
      7.174846e-84
     -5.876237e-85
      4.738350e-86
     -3.762680e-87
      2.943112e-88
     -2.268027e-89
      1.722308e-90
     -1.289080e-91
      9.511248e-93
     -6.919318e-94
      4.964021e-95
     -3.512547e-96
      2.451887e-97
     -1.688641e-98
      1.147625e-99
    -7.697563e-101
     5.096357e-102
    -3.331048e-103
     2.149690e-104
    -1.369943e-105
     8.622173e-107
    -5.360107e-108
     3.291743e-109
    -1.997220e-110
     1.197358e-111
    -7.093654e-113
     4.153475e-114
    -2.403788e-115
     1.375211e-116
    -7.778153e-118
     4.349719e-119
    -2.405285e-120
     1.315330e-121
    -7.113880e-123
     3.805594e-124
    -2.013826e-125
     1.054250e-126
    -5.460407e-128
     2.798360e-129
    -1.419108e-130
     7.121911e-132
    -3.537379e-133
     1.739021e-134
    -8.462525e-136
     4.076618e-137
    -1.944184e-138
     9.180021e-140
    -4.291907e-141
     1.986954e-142
    -9.109328e-144
     4.135951e-145
    -1.859876e-146
     8.284008e-148
    -3.654880e-149
     1.597384e-150
    -6.916334e-152
     2.966878e-153
    -1.260976e-154
     5.310341e-156
    -2.216012e-157
     9.163905e-159
    -3.755538e-160
     1.525354e-161
    -6.140441e-163
     2.450090e-164
    -9.690379e-166
     3.799251e-167
    -1.476644e-168
     5.689778e-170
    -2.173593e-171
     8.232749e-173
    -3.091833e-174
     1.151361e-175
    -4.251589e-177
     1.556878e-178
    -5.653801e-180
     2.036235e-181
    -7.273356e-183
     2.576794e-184
    -9.054825e-186
     3.156119e-187
    -1.091231e-188
     3.742719e-190
    -1.273448e-191
     4.298477e-193
    -1.439474e-194
     4.782602e-196
    -1.576563e-197
     5.156562e-199
    -1.673500e-200
     5.389174e-202
    -1.722123e-203
     5.460918e-205
    -1.718464e-206
     5.366632e-208
    -1.663272e-209
     5.116087e-211
    -1.561847e-212
     4.732356e-214
    -1.423204e-215
     4.248346e-217
    -1.258773e-218
     3.702214e-220
    -1.080870e-221
     3.132527e-223
    -9.012315e-225
     2.574003e-226
    -7.298330e-228
     2.054425e-229
    -5.741421e-231
     1.593020e-232
    -4.388393e-234
     1.200279e-235
    -3.259570e-237
     8.789208e-239
    -2.353204e-240
     6.256028e-242
    -1.651491e-243
     4.329129e-245
    -1.126887e-246
     2.912892e-248
    -7.477225e-250
     1.906062e-251
    -4.825271e-253
     1.213117e-254
    -3.028916e-256
     7.510750e-258
    -1.849687e-259
     4.524172e-261
    -1.099039e-262
     2.651720e-264
    -6.354616e-266
     1.512533e-267
    -3.575865e-269
     8.397007e-271
    -1.958581e-272
     4.537729e-274
    -1.044291e-275
     2.387245e-277
    -5.420890e-279
     1.222780e-280
    -2.739907e-282
     6.098725e-284
    -1.348538e-285
     2.962198e-287
    -6.463935e-289
     1.401254e-290
    -3.017723e-292
     6.456383e-294
    -1.372308e-295
     2.897819e-297
    -6.079292e-299
     1.267073e-300
    -2.623744e-302
     5.397806e-304
    -1.103299e-305
     2.240548e-307
    -4.520681e-309
     9.062467e-311
    -1.805095e-312
     3.573463e-314
    -6.826684e-316
     7.041038e-318
    -2.306793e-320
     7.410985e-323
     -0.000000e+00
     -0.000000e+00
     -0.000000e+00
     -0.000000e+00
     -0.000000e+00
     -0.000000e+00
     -0.000000e+00
     -0.000000e+00
     -0.000000e+00
     -0.000000e+00
     -0.000000e+00
     -0.000000e+00
     -0.000000e+00
     -0.000000e+00
     -0.000000e+00
     -0.000000e+00
     -0.000000e+00
     -0.000000e+00
     -0.000000e+00
     -0.000000e+00
     -0.000000e+00
     -0.000000e+00
     -0.000000e+00
     -0.000000e+00
     -0.000000e+00
     -0.000000e+00
     -0.000000e+00
     -0.000000e+00
     -0.000000e+00
     -0.000000e+00
     -0.000000e+00
     -0.000000e+00
     -0.000000e+00
     -0.000000e+00
     -0.000000e+00
     -0.000000e+00
     -0.000000e+00
     -0.000000e+00
     -0.000000e+00
     -0.000000e+00
     -0.000000e+00
     -0.000000e+00
     -0.000000e+00
     -0.000000e+00
     -0.000000e+00
     -0.000000e+00
     -0.000000e+00
     -0.000000e+00
     -0.000000e+00
     -0.000000e+00
     -0.000000e+00
     -0.000000e+00
     -0.000000e+00
     -0.000000e+00
     -0.000000e+00
     -0.000000e+00
     -0.000000e+00
     -0.000000e+00
     -0.000000e+00
     -0.000000e+00
     -0.000000e+00
     -0.000000e+00
     -0.000000e+00
     -0.000000e+00
     -0.000000e+00
     -0.000000e+00
     -0.000000e+00
     -0.000000e+00
     -0.000000e+00
     -0.000000e+00
     -0.000000e+00
     -0.000000e+00
     -0.000000e+00
     -0.000000e+00
     -0.000000e+00
     -0.000000e+00
     -0.000000e+00
     -0.000000e+00
     -0.000000e+00
     -0.000000e+00
     -0.000000e+00
     -0.000000e+00
     -0.000000e+00
     -0.000000e+00
     -0.000000e+00
     -0.000000e+00
     -0.000000e+00
     -0.000000e+00
     -0.000000e+00
     -0.000000e+00
     -0.000000e+00
     -0.000000e+00
     -0.000000e+00
     -0.000000e+00
     -0.000000e+00
     -0.000000e+00
     -0.000000e+00
     -0.000000e+00
     -0.000000e+00
     -0.000000e+00
     -0.000000e+00
     -0.000000e+00
     -0.000000e+00
     -0.000000e+00
     -0.000000e+00
     -0.000000e+00
     -0.000000e+00
     -0.000000e+00
     -0.000000e+00
     -0.000000e+00
     -0.000000e+00
     -0.000000e+00
     -0.000000e+00
     -0.000000e+00
     -0.000000e+00
     -0.000000e+00
     -0.000000e+00
     -0.000000e+00
     -0.000000e+00
     -0.000000e+00
     -0.000000e+00
     -0.000000e+00
     -0.000000e+00
     -0.000000e+00
     -0.000000e+00
     -0.000000e+00
     -0.000000e+00
     -0.000000e+00
     -0.000000e+00
     -0.000000e+00
     -0.000000e+00
     -0.000000e+00
     -0.000000e+00
     -0.000000e+00
     -0.000000e+00
     -0.000000e+00
     -0.000000e+00
     -0.000000e+00
     -0.000000e+00
     -0.000000e+00
     -0.000000e+00
     -0.000000e+00
     -0.000000e+00
     -0.000000e+00
     -0.000000e+00
     -0.000000e+00
     -0.000000e+00
     -0.000000e+00
     -0.000000e+00
     -0.000000e+00
     -0.000000e+00
     -0.000000e+00
     -0.000000e+00
     -0.000000e+00
     -0.000000e+00
     -0.000000e+00
     -0.000000e+00
     -0.000000e+00
     -0.000000e+00
     -0.000000e+00
     -0.000000e+00
     -0.000000e+00
     -0.000000e+00
     -0.000000e+00
     -0.000000e+00
     -0.000000e+00
     -0.000000e+00
     -0.000000e+00
     -0.000000e+00
     -0.000000e+00
     -0.000000e+00
     -0.000000e+00
      0.000000e+00
      0.000000e+00
