      0.000000e+00
      0.000000e+00
     -8.108629e-17
     -5.374907e-16
     -9.152078e-16
     -8.322785e-16
     -5.500496e-17
      1.277033e-15
      2.663899e-15
      3.516281e-15
      3.470232e-15
      2.482046e-15
      6.943687e-16
     -1.667675e-15
     -4.212343e-15
     -6.315503e-15
     -7.356653e-15
     -7.136580e-15
     -6.054460e-15
     -4.962366e-15
     -5.115449e-15
     -8.350305e-15
     -1.675611e-14
     -3.115104e-14
     -4.929049e-14
     -6.610084e-14
     -7.689136e-14
     -8.096444e-14
     -8.134780e-14
     -7.968465e-14
     -7.127036e-14
     -4.710849e-14
     -3.813950e-15
      4.708244e-14
      8.135416e-14
      7.762830e-14
      3.467967e-14
     -2.505971e-14
     -7.006826e-14
     -8.018235e-14
     -5.557714e-14
     -8.777564e-15
      4.916846e-14
      1.132424e-13
      1.769745e-13
      2.247099e-13
      2.359906e-13
      2.007863e-13
      1.316259e-13
      6.015776e-14
      1.888569e-14
      2.060405e-14
      4.933239e-14
      6.892533e-14
      4.522244e-14
     -3.083785e-14
     -1.344950e-13
     -2.212785e-13
     -2.569322e-13
     -2.424607e-13
     -2.143104e-13
     -2.170124e-13
     -2.675606e-13
     -3.400662e-13
     -3.860572e-13
     -3.768430e-13
     -3.320451e-13
     -3.057110e-13
     -3.379710e-13
     -4.142747e-13
     -4.704219e-13
     -4.406327e-13
     -3.081206e-13
     -1.191501e-13
      4.489292e-14
      1.138442e-13
      6.583917e-14
     -6.202016e-14
     -1.948292e-13
     -2.631327e-13
     -2.410017e-13
     -1.517288e-13
     -4.282126e-14
      3.896186e-14
      5.228263e-14
     -3.576604e-14
     -2.217555e-13
     -4.325944e-13
     -5.441122e-13
     -4.678382e-13
     -2.337734e-13
      2.531087e-14
      1.894567e-13
      2.559394e-13
      3.236078e-13
      4.714153e-13
      6.566061e-13
      7.387859e-13
      6.106609e-13
      3.127530e-13
      2.298214e-14
     -7.637043e-14
      5.697213e-14
      2.933761e-13
      4.394556e-13
      3.913208e-13
      2.013205e-13
      1.242461e-14
     -6.280287e-14
     -5.950224e-15
      1.344524e-13
      2.991965e-13
      4.355316e-13
      4.808104e-13
      3.701734e-13
      9.174081e-14
     -2.610099e-13
     -5.112148e-13
     -5.046517e-13
     -2.241439e-13
      1.869119e-13
      5.221692e-13
      6.548027e-13
      6.040544e-13
      4.749508e-13
      3.427211e-13
      2.011069e-13
      1.371410e-14
     -2.075622e-13
     -3.906916e-13
     -4.623117e-13
     -4.032836e-13
     -2.485480e-13
     -5.109425e-14
      1.453597e-13
      3.133605e-13
      4.401757e-13
      5.176860e-13
      5.220744e-13
      4.099112e-13
      1.608634e-13
     -1.597624e-13
     -3.974823e-13
     -4.015010e-13
     -1.442786e-13
      2.460985e-13
      5.736281e-13
      7.004030e-13
      6.094050e-13
      3.827886e-13
      1.457227e-13
      1.705222e-14
      6.497024e-14
      2.653151e-13
      4.953950e-13
      5.955845e-13
      4.712262e-13
      1.563110e-13
     -2.127304e-13
     -4.845895e-13
     -5.686346e-13
     -4.561403e-13
     -2.014142e-13
      1.057726e-13
      3.658460e-13
      4.962614e-13
      4.551944e-13
      2.547157e-13
     -3.550785e-14
     -2.978503e-13
     -4.105572e-13
     -3.297407e-13
     -1.514336e-13
     -6.736404e-14
     -2.109239e-13
     -5.223672e-13
     -7.810838e-13
     -7.981108e-13
     -5.866519e-13
     -3.368001e-13
     -2.205331e-13
     -2.306927e-13
     -2.171440e-13
     -6.887229e-14
      1.622390e-13
      3.266814e-13
      3.488246e-13
      3.080108e-13
      3.415538e-13
      4.830956e-13
      6.147616e-13
      5.793125e-13
      3.317274e-13
     -1.325462e-14
     -2.655366e-13
     -2.930680e-13
     -1.069838e-13
      1.477026e-13
      2.860590e-13
      2.060834e-13
     -4.295330e-14
     -3.022941e-13
     -4.235774e-13
     -3.650801e-13
     -1.912341e-13
      5.972999e-16
      1.466934e-13
      2.323906e-13
      2.728936e-13
      2.897725e-13
      2.913886e-13
      2.600844e-13
      1.616730e-13
     -1.763660e-14
     -2.376393e-13
     -4.148940e-13
     -4.766811e-13
     -4.081777e-13
     -2.487173e-13
     -4.809649e-14
      1.667069e-13
      3.825401e-13
      5.670576e-13
      6.567801e-13
      5.917410e-13
      3.756907e-13
      1.048501e-13
     -8.176347e-14
     -1.108051e-13
     -4.631257e-14
     -3.408888e-14
     -1.470454e-13
     -2.863416e-13
     -2.666949e-13
     -2.218703e-14
      2.879358e-13
      4.116421e-13
      2.507546e-13
     -4.792253e-14
     -2.640547e-13
     -3.431060e-13
     -4.264048e-13
     -6.441228e-13
     -9.292795e-13
     -1.079952e-12
     -9.854346e-13
     -7.332003e-13
     -4.778817e-13
     -2.623999e-13
     -3.013608e-14
      2.032243e-13
      2.756538e-13
      3.854056e-14
     -4.270930e-13
     -8.132846e-13
     -8.359589e-13
     -4.777293e-13
      1.807603e-14
      3.675410e-13
      4.467547e-13
      3.166350e-13
      1.231522e-13
      4.547006e-15
      4.938270e-14
      2.654628e-13
      5.530583e-13
      7.384227e-13
      6.861228e-13
      4.046533e-13
      3.809679e-14
     -2.541207e-13
     -4.117109e-13
     -4.780609e-13
     -5.121771e-13
     -5.152079e-13
     -4.469137e-13
     -3.010971e-13
     -1.449135e-13
     -6.945377e-14
     -1.011595e-13
     -1.743117e-13
     -2.023329e-13
     -1.732672e-13
     -1.614135e-13
     -2.376522e-13
     -3.752120e-13
     -4.558440e-13
     -3.769680e-13
     -1.582539e-13
      5.411219e-14
      9.523523e-14
     -8.683023e-14
     -3.872396e-13
     -6.273691e-13
     -6.911591e-13
     -5.933526e-13
     -4.312495e-13
     -2.923635e-13
     -2.201656e-13
     -2.453535e-13
     -3.981991e-13
     -6.558065e-13
     -8.965059e-13
     -9.611623e-13
     -7.966736e-13
     -5.278359e-13
     -3.496706e-13
     -3.290519e-13
     -3.295071e-13
     -1.611894e-13
      1.894010e-13
      5.032373e-13
      5.277235e-13
      2.339333e-13
     -1.405659e-13
     -3.141671e-13
     -2.197054e-13
     -3.848177e-14
      6.931739e-15
     -1.259921e-13
     -2.817405e-13
     -2.850764e-13
     -1.208942e-13
      5.634800e-14
      7.789862e-14
     -7.635181e-14
     -2.636034e-13
     -3.266008e-13
     -2.576729e-13
     -2.040019e-13
     -2.980549e-13
     -4.966666e-13
     -6.210990e-13
     -5.650260e-13
     -4.288392e-13
     -4.124248e-13
     -5.818642e-13
     -7.750451e-13
     -7.494518e-13
     -4.109338e-13
      9.867175e-14
      5.092906e-13
      6.086136e-13
      3.688775e-13
     -4.621234e-14
     -3.857498e-13
     -4.713744e-13
     -3.120150e-13
     -7.308490e-14
      7.797008e-14
      5.305962e-14
     -1.842578e-13
     -2.449629e-13
      1.135890e-12
      3.045977e-12
     -4.062717e-12
     -2.493972e-11
     -2.087481e-12
      1.748653e-10
      3.022827e-10
     -6.646691e-10
     -3.365633e-09
     -2.647050e-09
      1.636063e-08
      5.713829e-08
      4.167520e-08
     -2.520874e-07
     -9.959800e-07
     -1.464532e-06
      1.485473e-06
      1.406517e-05
      4.067061e-05
      6.466047e-05
      2.385219e-06
     -3.831263e-04
     -1.620260e-03
     -4.725551e-03
     -1.146132e-02
     -2.465431e-02
     -4.857646e-02
     -8.939145e-02
     -1.556722e-01
     -2.589909e-01
     -4.145760e-01
     -6.420163e-01
     -9.659811e-01
     -1.416915e+00
     -2.031661e+00
     -2.853965e+00
     -3.934832e+00
     -5.332695e+00
     -7.113383e+00
     -9.349873e+00
     -1.212182e+01
     -1.551488e+01
     -1.961979e+01
     -2.453126e+01
     -3.034670e+01
     -3.716478e+01
     -4.508382e+01
     -5.420014e+01
     -6.460635e+01
     -7.638958e+01
     -8.962978e+01
     -1.043981e+02
     -1.207552e+02
     -1.387500e+02
     -1.584185e+02
     -1.797824e+02
     -2.028487e+02
     -2.276088e+02
     -2.540382e+02
     -2.820966e+02
     -3.117274e+02
     -3.428589e+02
     -3.754040e+02
     -4.092614e+02
     -4.443159e+02
     -4.804401e+02
     -5.174945e+02
     -5.553293e+02
     -5.937852e+02
     -6.326943e+02
     -6.718813e+02
     -7.111645e+02
     -7.503567e+02
     -7.892661e+02
     -8.276967e+02
     -8.654495e+02
     -9.023226e+02
     -9.381120e+02
     -9.726121e+02
     -1.005616e+03
     -1.036916e+03
     -1.066304e+03
     -1.093572e+03
     -1.118512e+03
     -1.140919e+03
     -1.160588e+03
     -1.177317e+03
     -1.190908e+03
     -1.201166e+03
     -1.207903e+03
     -1.210936e+03
     -1.210089e+03
     -1.205195e+03
     -1.196096e+03
     -1.182646e+03
     -1.164709e+03
     -1.142162e+03
     -1.114893e+03
     -1.082809e+03
     -1.045825e+03
     -1.003877e+03
     -9.569111e+02
     -9.048917e+02
     -8.477971e+02
     -7.856213e+02
     -7.183737e+02
     -6.460789e+02
     -5.687777e+02
     -4.865269e+02
     -3.994016e+02
     -3.074960e+02
     -2.109266e+02
     -1.098358e+02
     -4.397154e+00
      1.051779e+02
      2.186315e+02
      3.356482e+02
      4.558417e+02
      5.787383e+02
      7.037578e+02
      8.301912e+02
      9.571761e+02
      1.083670e+03
      1.208424e+03
      1.329958e+03
      1.446544e+03
      1.556196e+03
      1.656687e+03
      1.745586e+03
      1.820337e+03
      1.878378e+03
      1.917321e+03
      1.935171e+03
      1.930579e+03
      1.903104e+03
      1.853427e+03
      1.783471e+03
      1.696385e+03
      1.596345e+03
      1.488216e+03
      1.377087e+03
      1.267796e+03
      1.164511e+03
      1.070444e+03
      9.877465e+02
      9.175466e+02
      8.601078e+02
      8.150406e+02
      7.815175e+02
      7.584608e+02
      7.446848e+02
      7.389960e+02
      7.402543e+02
      7.474074e+02
      7.595058e+02
      7.757042e+02
      7.952567e+02
      8.175068e+02
      8.418761e+02
      8.678538e+02
      8.949851e+02
      9.228623e+02
      9.511163e+02
      9.794100e+02
      1.007432e+03
      1.034893e+03
      1.061522e+03
      1.087063e+03
      1.111274e+03
      1.133926e+03
      1.154801e+03
      1.173696e+03
      1.190417e+03
      1.204784e+03
      1.216632e+03
      1.225807e+03
      1.232173e+03
      1.235609e+03
      1.236010e+03
      1.233289e+03
      1.227378e+03
      1.218225e+03
      1.205796e+03
      1.190079e+03
      1.171075e+03
      1.148807e+03
      1.123310e+03
      1.094640e+03
      1.062863e+03
      1.028064e+03
      9.903366e+02
      9.497884e+02
      9.065364e+02
      8.607072e+02
      8.124352e+02
      7.618616e+02
      7.091335e+02
      6.544028e+02
      5.978253e+02
      5.395601e+02
      4.797683e+02
      4.186133e+02
      3.562593e+02
      2.928714e+02
      2.286147e+02
      1.636541e+02
      9.815362e+01
      3.227603e+01
     -3.381781e+01
     -9.996953e+01
     -1.660238e+02
     -2.318292e+02
     -2.972387e+02
     -3.621106e+02
     -4.263089e+02
     -4.897045e+02
     -5.521754e+02
     -6.136070e+02
     -6.738926e+02
     -7.329335e+02
     -7.906379e+02
     -8.469209e+02
     -9.017024e+02
     -9.549057e+02
     -1.006454e+03
     -1.056269e+03
     -1.104263e+03
     -1.150337e+03
     -1.194372e+03
     -1.236221e+03
     -1.275705e+03
     -1.312598e+03
     -1.346619e+03
     -1.377421e+03
     -1.404584e+03
     -1.427601e+03
     -1.445876e+03
     -1.458723e+03
     -1.465374e+03
     -1.464992e+03
     -1.456711e+03
     -1.439679e+03
     -1.413135e+03
     -1.376491e+03
     -1.329441e+03
     -1.272064e+03
     -1.204920e+03
     -1.129110e+03
     -1.046270e+03
     -9.585012e+02
     -8.682225e+02
     -7.779612e+02
     -6.901228e+02
     -6.067796e+02
     -5.295174e+02
     -4.593643e+02
     -3.968035e+02
     -3.418501e+02
     -2.941648e+02
     -2.531753e+02
     -2.181848e+02
     -1.884555e+02
     -1.632672e+02
     -1.419520e+02
     -1.239127e+02
     -1.086287e+02
     -9.565363e+01
     -8.461035e+01
     -7.518261e+01
     -6.710692e+01
     -6.016453e+01
     -5.417418e+01
     -4.898574e+01
     -4.447481e+01
     -4.053818e+01
     -3.709006e+01
     -3.405894e+01
     -3.138509e+01
     -2.901842e+01
     -2.691687e+01
     -2.504491e+01
     -2.337252e+01
     -2.187419e+01
     -2.052818e+01
     -1.931594e+01
     -1.822153e+01
     -1.723127e+01
     -1.633334e+01
     -1.551751e+01
     -1.477490e+01
     -1.409779e+01
     -1.347943e+01
     -1.291393e+01
     -1.239610e+01
     -1.192140e+01
     -1.148580e+01
     -1.108576e+01
     -1.071814e+01
     -1.038017e+01
     -1.006936e+01
     -9.783511e+00
     -9.520666e+00
     -9.279072e+00
     -9.057163e+00
     -8.853541e+00
     -8.666952e+00
     -8.496273e+00
     -8.340499e+00
     -8.198730e+00
     -8.070156e+00
     -7.954056e+00
     -7.849781e+00
     -7.756754e+00
     -7.674457e+00
     -7.602430e+00
     -7.540265e+00
     -7.487598e+00
     -7.444109e+00
     -7.409515e+00
     -7.383568e+00
     -7.366052e+00
     -7.356776e+00
     -7.355576e+00
     -7.362306e+00
     -7.376839e+00
     -7.399060e+00
     -7.428866e+00
     -7.466155e+00
     -7.510826e+00
     -7.562771e+00
     -7.621867e+00
     -7.687970e+00
     -7.760902e+00
     -7.840443e+00
     -7.926313e+00
     -8.018160e+00
     -8.115536e+00
     -8.217878e+00
     -8.324476e+00
     -8.434449e+00
     -8.546701e+00
     -8.659884e+00
     -8.772350e+00
     -8.882099e+00
     -8.986727e+00
     -9.083368e+00
     -9.168646e+00
     -9.238627e+00
     -9.288802e+00
     -9.314089e+00
     -9.308887e+00
     -9.267203e+00
     -9.182857e+00
     -9.049804e+00
     -8.862573e+00
     -8.616830e+00
     -8.310025e+00
     -7.942064e+00
     -7.515900e+00
     -7.037899e+00
     -6.517841e+00
     -5.968468e+00
     -5.404541e+00
     -4.841543e+00
     -4.294228e+00
     -3.775298e+00
     -3.294454e+00
     -2.857967e+00
     -2.468755e+00
     -2.126869e+00
     -1.830184e+00
     -1.575144e+00
     -1.357422e+00
     -1.172436e+00
     -1.015707e+00
     -8.830838e-01
     -7.708482e-01
     -6.757587e-01
     -5.950380e-01
     -5.263375e-01
     -4.676888e-01
     -4.174520e-01
     -3.742657e-01
     -3.370020e-01
     -3.047268e-01
     -2.766662e-01
     -2.521781e-01
     -2.307287e-01
     -2.118733e-01
     -1.952402e-01
     -1.805180e-01
     -1.674449e-01
     -1.558001e-01
     -1.453966e-01
     -1.360759e-01
     -1.277027e-01
     -1.201617e-01
     -1.133536e-01
     -1.071934e-01
     -1.016076e-01
     -9.653243e-02
     -9.191281e-02
     -8.770063e-02
     -8.385394e-02
     -8.033604e-02
     -7.711471e-02
     -7.416163e-02
     -7.145184e-02
     -6.896326e-02
     -6.667638e-02
     -6.457387e-02
     -6.264036e-02
     -6.086215e-02
     -5.922703e-02
     -5.772410e-02
     -5.634363e-02
     -5.507692e-02
     -5.391618e-02
     -5.285441e-02
     -5.188536e-02
     -5.100342e-02
     -5.020358e-02
     -4.948134e-02
     -4.883266e-02
     -4.825394e-02
     -4.774198e-02
     -4.729392e-02
     -4.690719e-02
     -4.657956e-02
     -4.630902e-02
     -4.609381e-02
     -4.593240e-02
     -4.582344e-02
     -4.576573e-02
     -4.575826e-02
     -4.580013e-02
     -4.589054e-02
     -4.602878e-02
     -4.621419e-02
     -4.644616e-02
     -4.672405e-02
     -4.704719e-02
     -4.741482e-02
     -4.782604e-02
     -4.827974e-02
     -4.877455e-02
     -4.930873e-02
     -4.988010e-02
      4.930873e-02
      4.877455e-02
      4.827974e-02
      4.782604e-02
      4.741482e-02
      4.704719e-02
      4.672405e-02
      4.644616e-02
      4.621419e-02
      4.602878e-02
      4.589054e-02
      4.580013e-02
      4.575826e-02
      4.576573e-02
      4.582344e-02
      4.593240e-02
      4.609381e-02
      4.630902e-02
      4.657956e-02
      4.690719e-02
      4.729392e-02
      4.774199e-02
      4.825394e-02
      4.883266e-02
      4.948134e-02
      5.020358e-02
      5.100342e-02
      5.188536e-02
      5.285441e-02
      5.391618e-02
      5.507693e-02
      5.634364e-02
      5.772410e-02
      5.922703e-02
      6.086215e-02
      6.264037e-02
      6.457388e-02
      6.667638e-02
      6.896326e-02
      7.145184e-02
      7.416164e-02
      7.711472e-02
      8.033605e-02
      8.385395e-02
      8.770063e-02
      9.191282e-02
      9.653245e-02
      1.016076e-01
      1.071934e-01
      1.133536e-01
      1.201617e-01
      1.277028e-01
      1.360759e-01
      1.453967e-01
      1.558001e-01
      1.674450e-01
      1.805181e-01
      1.952403e-01
      2.118734e-01
      2.307289e-01
      2.521783e-01
      2.766664e-01
      3.047270e-01
      3.370022e-01
      3.742659e-01
      4.174522e-01
      4.676889e-01
      5.263373e-01
      5.950373e-01
      6.757573e-01
      7.708458e-01
      8.830799e-01
      1.015702e+00
      1.172429e+00
      1.357414e+00
      1.575138e+00
      1.830181e+00
      2.126873e+00
      2.468768e+00
      2.857988e+00
      3.294481e+00
      3.775323e+00
      4.294246e+00
      4.841548e+00
      5.404531e+00
      5.968447e+00
      6.517815e+00
      7.037874e+00
      7.515881e+00
      7.942052e+00
      8.310020e+00
      8.616832e+00
      8.862578e+00
      9.049811e+00
      9.182864e+00
      9.267209e+00
      9.308892e+00
      9.314092e+00
      9.288805e+00
      9.238629e+00
      9.168647e+00
      9.083369e+00
      8.986727e+00
      8.882099e+00
      8.772350e+00
      8.659884e+00
      8.546701e+00
      8.434449e+00
      8.324476e+00
      8.217877e+00
      8.115536e+00
      8.018160e+00
      7.926313e+00
      7.840443e+00
      7.760902e+00
      7.687969e+00
      7.621867e+00
      7.562771e+00
      7.510826e+00
      7.466155e+00
      7.428866e+00
      7.399060e+00
      7.376839e+00
      7.362306e+00
      7.355576e+00
      7.356776e+00
      7.366052e+00
      7.383568e+00
      7.409515e+00
      7.444109e+00
      7.487598e+00
      7.540265e+00
      7.602430e+00
      7.674457e+00
      7.756754e+00
      7.849781e+00
      7.954056e+00
      8.070156e+00
      8.198730e+00
      8.340499e+00
      8.496273e+00
      8.666952e+00
      8.853541e+00
      9.057163e+00
      9.279072e+00
      9.520666e+00
      9.783511e+00
      1.006936e+01
      1.038017e+01
      1.071814e+01
      1.108576e+01
      1.148580e+01
      1.192140e+01
      1.239610e+01
      1.291393e+01
      1.347944e+01
      1.409779e+01
      1.477490e+01
      1.551751e+01
      1.633334e+01
      1.723128e+01
      1.822154e+01
      1.931594e+01
      2.052819e+01
      2.187419e+01
      2.337253e+01
      2.504492e+01
      2.691688e+01
      2.901844e+01
      3.138511e+01
      3.405897e+01
      3.709009e+01
      4.053822e+01
      4.447485e+01
      4.898578e+01
      5.417423e+01
      6.016458e+01
      6.710695e+01
      7.518262e+01
      8.461031e+01
      9.565352e+01
      1.086284e+02
      1.239124e+02
      1.419514e+02
      1.632664e+02
      1.884547e+02
      2.181840e+02
      2.531753e+02
      2.941667e+02
      3.418565e+02
      3.968186e+02
      4.593951e+02
      5.295756e+02
      6.068841e+02
      6.903027e+02
      7.782602e+02
      8.687041e+02
      9.592536e+02
      1.047412e+03
      1.130798e+03
      1.207353e+03
      1.275493e+03
      1.334178e+03
      1.382914e+03
      1.421699e+03
      1.450923e+03
      1.471263e+03
      1.483582e+03
      1.488833e+03
      1.487991e+03
      1.482003e+03
      1.471752e+03
      1.458036e+03
      1.441562e+03
      1.422944e+03
      1.402706e+03
      1.381291e+03
      1.359064e+03
      1.336329e+03
      1.313330e+03
      1.290265e+03
      1.267290e+03
      1.244526e+03
      1.222066e+03
      1.199980e+03
      1.178319e+03
      1.157117e+03
      1.136397e+03
      1.116170e+03
      1.096441e+03
      1.077207e+03
      1.058461e+03
      1.040192e+03
      1.022386e+03
      1.005028e+03
      9.881001e+02
      9.715834e+02
      9.554591e+02
      9.397078e+02
      9.243096e+02
      9.092450e+02
      8.944945e+02
      8.800386e+02
      8.658584e+02
      8.519352e+02
      8.382506e+02
      8.247869e+02
      8.115265e+02
      7.984523e+02
      7.855478e+02
      7.727966e+02
      7.601829e+02
      7.476915e+02
      7.353073e+02
      7.230156e+02
      7.108022e+02
      6.986531e+02
      6.865547e+02
      6.744934e+02
      6.624559e+02
      6.504288e+02
      6.383990e+02
      6.263528e+02
      6.142765e+02
      6.021557e+02
      5.899756e+02
      5.777202e+02
      5.653726e+02
      5.529143e+02
      5.403250e+02
      5.275821e+02
      5.146605e+02
      5.015317e+02
      4.881637e+02
      4.745195e+02
      4.605572e+02
      4.462283e+02
      4.314769e+02
      4.162385e+02
      4.004381e+02
      3.839888e+02
      3.667893e+02
      3.487213e+02
      3.296468e+02
      3.094039e+02
      2.878029e+02
      2.646211e+02
      2.395963e+02
      2.124202e+02
      1.827298e+02
      1.500982e+02
      1.140241e+02
      7.392134e+01
      2.910806e+01
     -2.120212e+01
     -7.790488e+01
     -1.420025e+02
     -2.145884e+02
     -2.968125e+02
     -3.898184e+02
     -4.946436e+02
     -6.120754e+02
     -7.424640e+02
     -8.855060e+02
     -1.040033e+03
     -1.203857e+03
     -1.373724e+03
     -1.545430e+03
     -1.714101e+03
     -1.874609e+03
     -2.022053e+03
     -2.152214e+03
     -2.261908e+03
     -2.349170e+03
     -2.413279e+03
     -2.454635e+03
     -2.474544e+03
     -2.474959e+03
     -2.458222e+03
     -2.426844e+03
     -2.383328e+03
     -2.330048e+03
     -2.269167e+03
     -2.202601e+03
     -2.132002e+03
     -2.058768e+03
     -1.984055e+03
     -1.908808e+03
     -1.833783e+03
     -1.759576e+03
     -1.686646e+03
     -1.615340e+03
     -1.545911e+03
     -1.478537e+03
     -1.413337e+03
     -1.350379e+03
     -1.289696e+03
     -1.231288e+03
     -1.175135e+03
     -1.121198e+03
     -1.069429e+03
     -1.019766e+03
     -9.721459e+02
     -9.264979e+02
     -8.827509e+02
     -8.408327e+02
     -8.006714e+02
     -7.621957e+02
     -7.253364e+02
     -6.900257e+02
     -6.561985e+02
     -6.237917e+02
     -5.927450e+02
     -5.630003e+02
     -5.345024e+02
     -5.071984e+02
     -4.810379e+02
     -4.559729e+02
     -4.319578e+02
     -4.089493e+02
     -3.869061e+02
     -3.657891e+02
     -3.455614e+02
     -3.261878e+02
     -3.076351e+02
     -2.898720e+02
     -2.728687e+02
     -2.565974e+02
     -2.410315e+02
     -2.261461e+02
     -2.119179e+02
     -1.983246e+02
     -1.853456e+02
     -1.729611e+02
     -1.611527e+02
     -1.499029e+02
     -1.391951e+02
     -1.290136e+02
     -1.193435e+02
     -1.101704e+02
     -1.014806e+02
     -9.326073e+01
     -8.549797e+01
     -7.817963e+01
     -7.129326e+01
     -6.482652e+01
     -5.876712e+01
     -5.310272e+01
     -4.782091e+01
     -4.290913e+01
     -3.835462e+01
     -3.414443e+01
     -3.026535e+01
     -2.670393e+01
     -2.344646e+01
     -2.047899e+01
     -1.778735e+01
     -1.535717e+01
     -1.317391e+01
     -1.122294e+01
     -9.489556e+00
     -7.959054e+00
     -6.616789e+00
     -5.448244e+00
     -4.439096e+00
     -3.575282e+00
     -2.843066e+00
     -2.229107e+00
     -1.720516e+00
     -1.304916e+00
     -9.704957e-01
     -7.060650e-01
     -5.011038e-01
     -3.458191e-01
     -2.312043e-01
     -1.491047e-01
     -9.228323e-02
     -5.447933e-02
     -3.044562e-02
     -1.594921e-02
     -7.726909e-03
     -3.392337e-03
     -1.303463e-03
     -4.071214e-04
     -8.109215e-05
      7.741015e-06
      1.686553e-05
      8.948112e-06
      2.621129e-06
      1.028811e-07
     -3.373005e-07
     -1.830928e-07
     -3.611740e-08
      1.109476e-08
      1.000586e-08
      2.310285e-09
     -6.150785e-10
     -5.481135e-10
     -8.562198e-11
      5.358087e-11
      2.665631e-11
     -1.014754e-12
     -3.955731e-12
     -6.476516e-13
      4.280733e-13
      1.539352e-13
     -3.703878e-14
     -2.453784e-14
      2.645814e-15
      3.364532e-15
     -1.726655e-16
     -4.309144e-16
      1.716059e-17
      5.307641e-17
     -3.543817e-18
     -6.235884e-18
      8.175933e-19
      6.671671e-19
     -1.604930e-19
     -5.809431e-20
      2.583981e-20
      2.684931e-21
     -3.298334e-21
      2.983973e-22
      2.979999e-22
     -9.436449e-23
     -1.020867e-23
      1.226729e-23
     -2.058298e-24
     -6.966038e-25
      4.025637e-25
     -4.947071e-26
     -2.424242e-26
      1.257020e-26
     -1.872666e-27
     -5.405967e-28
      3.686419e-28
     -8.662829e-29
     -5.024636e-31
      7.995925e-30
     -3.192275e-30
      6.256272e-31
      9.704308e-33
     -5.772272e-32
      2.498548e-32
     -6.613122e-33
      1.035074e-33
      4.211708e-35
     -1.026627e-34
      4.720544e-35
     -1.568519e-35
      4.380112e-36
     -1.084551e-36
      2.444784e-37
     -5.095013e-38
      9.914975e-39
     -1.814108e-39
      3.136137e-40
     -5.140843e-41
      8.010900e-42
     -1.188669e-42
      1.680907e-43
     -2.265277e-44
      2.906176e-45
     -3.540240e-46
      4.075163e-47
     -4.393493e-48
      4.362165e-49
     -3.847440e-50
      2.733691e-51
     -9.433091e-53
     -1.545654e-53
      4.687544e-54
     -8.365577e-55
      1.239810e-55
     -1.655432e-56
      2.057737e-57
     -2.421148e-58
      2.722898e-59
     -2.945343e-60
      3.077548e-61
     -3.115997e-62
      3.064376e-63
     -2.932561e-64
      2.735041e-65
     -2.489032e-66
      2.212590e-67
     -1.922933e-68
      1.635156e-69
     -1.361395e-70
      1.110466e-71
     -8.878952e-73
      6.962582e-74
     -5.357095e-75
      4.045955e-76
     -3.000639e-77
      2.186071e-78
     -1.565014e-79
      1.101319e-80
     -7.620384e-82
      5.185986e-83
     -3.472092e-84
      2.287523e-85
     -1.483397e-86
      9.470342e-88
     -5.953665e-89
      3.686408e-90
     -2.248583e-91
      1.351399e-92
     -8.003990e-94
      4.672553e-95
     -2.689057e-96
      1.525860e-97
     -8.538199e-99
     4.712171e-100
    -2.565326e-101
     1.377820e-102
    -7.301804e-104
     3.818685e-105
    -1.971057e-106
     1.004247e-107
    -5.051158e-109
     2.508426e-110
    -1.230046e-111
     5.956616e-113
    -2.848938e-114
     1.345914e-115
    -6.281267e-117
     2.896116e-118
    -1.319368e-119
     5.939340e-121
    -2.642245e-122
     1.161742e-123
    -5.048776e-125
     2.168902e-126
    -9.211012e-128
     3.867444e-129
    -1.605553e-130
     6.590879e-132
    -2.675550e-133
     1.074153e-134
    -4.265155e-136
     1.675134e-137
    -6.507898e-139
     2.501141e-140
    -9.509792e-142
     3.577400e-143
    -1.331544e-144
     4.904133e-146
    -1.787370e-147
     6.446710e-149
    -2.301225e-150
     8.130218e-152
    -2.843100e-153
     9.841309e-155
    -3.372160e-156
     1.143881e-157
    -3.841440e-159
     1.277232e-160
    -4.204647e-162
     1.370551e-163
    -4.423717e-165
     1.413926e-166
    -4.475418e-168
     1.402903e-169
    -4.355400e-171
     1.339227e-172
    -4.078726e-174
     1.230432e-175
    -3.676810e-177
     1.088386e-178
    -3.191616e-180
     9.271945e-182
    -2.668580e-183
     7.609487e-185
    -2.149870e-186
     6.018202e-188
    -1.669299e-189
     4.588069e-191
    -1.249594e-192
     3.372605e-194
    -9.020578e-196
     2.391055e-197
    -6.281233e-199
     1.635362e-200
    -4.219979e-202
     1.079311e-203
    -2.736127e-205
     6.875295e-207
    -1.712476e-208
     4.228127e-210
    -1.034841e-211
     2.510805e-213
    -6.039176e-215
     1.440055e-216
    -3.404300e-218
     7.978755e-220
    -1.854007e-221
     4.271371e-223
    -9.756920e-225
     2.209825e-226
    -4.962638e-228
     1.105061e-229
    -2.439993e-231
     5.342305e-233
    -1.159887e-234
     2.497227e-236
    -5.331690e-238
     1.128871e-239
    -2.370310e-241
     4.935773e-243
    -1.019301e-244
     2.087634e-246
    -4.240517e-248
     8.542860e-250
    -1.706927e-251
     3.382679e-253
    -6.648870e-255
     1.296232e-256
    -2.506525e-258
     4.807532e-260
    -9.146171e-262
     1.725955e-263
    -3.230716e-265
     5.998639e-267
    -1.104834e-268
     2.018537e-270
    -3.658284e-272
     6.576943e-274
    -1.172955e-275
     2.075174e-277
    -3.642064e-279
     6.341109e-281
    -1.095246e-282
     1.876682e-284
    -3.190116e-286
     5.379756e-288
    -9.000417e-290
     1.493860e-291
    -2.459846e-293
     4.018456e-295
    -6.512787e-297
     1.047210e-298
    -1.670559e-300
     2.643952e-302
    -4.151560e-304
     6.467506e-306
    -9.996127e-308
     1.532843e-309
    -2.332038e-311
     3.520184e-313
    -5.245212e-315
     5.541150e-317
    -2.641176e-319
     3.853712e-322
     -0.000000e+00
     -0.000000e+00
     -0.000000e+00
     -0.000000e+00
     -0.000000e+00
     -0.000000e+00
     -0.000000e+00
     -0.000000e+00
     -0.000000e+00
     -0.000000e+00
     -0.000000e+00
     -0.000000e+00
     -0.000000e+00
     -0.000000e+00
     -0.000000e+00
     -0.000000e+00
     -0.000000e+00
     -0.000000e+00
     -0.000000e+00
     -0.000000e+00
     -0.000000e+00
     -0.000000e+00
     -0.000000e+00
     -0.000000e+00
     -0.000000e+00
     -0.000000e+00
     -0.000000e+00
     -0.000000e+00
     -0.000000e+00
     -0.000000e+00
     -0.000000e+00
     -0.000000e+00
     -0.000000e+00
     -0.000000e+00
     -0.000000e+00
     -0.000000e+00
     -0.000000e+00
     -0.000000e+00
     -0.000000e+00
     -0.000000e+00
     -0.000000e+00
     -0.000000e+00
     -0.000000e+00
     -0.000000e+00
     -0.000000e+00
     -0.000000e+00
     -0.000000e+00
     -0.000000e+00
     -0.000000e+00
     -0.000000e+00
     -0.000000e+00
     -0.000000e+00
     -0.000000e+00
     -0.000000e+00
     -0.000000e+00
     -0.000000e+00
     -0.000000e+00
     -0.000000e+00
     -0.000000e+00
     -0.000000e+00
     -0.000000e+00
     -0.000000e+00
     -0.000000e+00
     -0.000000e+00
     -0.000000e+00
     -0.000000e+00
     -0.000000e+00
     -0.000000e+00
     -0.000000e+00
     -0.000000e+00
     -0.000000e+00
     -0.000000e+00
     -0.000000e+00
     -0.000000e+00
     -0.000000e+00
     -0.000000e+00
     -0.000000e+00
     -0.000000e+00
     -0.000000e+00
     -0.000000e+00
     -0.000000e+00
     -0.000000e+00
     -0.000000e+00
     -0.000000e+00
     -0.000000e+00
     -0.000000e+00
     -0.000000e+00
     -0.000000e+00
     -0.000000e+00
     -0.000000e+00
     -0.000000e+00
     -0.000000e+00
     -0.000000e+00
     -0.000000e+00
     -0.000000e+00
     -0.000000e+00
     -0.000000e+00
     -0.000000e+00
     -0.000000e+00
     -0.000000e+00
     -0.000000e+00
     -0.000000e+00
     -0.000000e+00
      0.000000e+00
      0.000000e+00
