      0.000000e+00
      0.000000e+00
     -2.157142e-21
     -1.063257e-20
     -2.375678e-20
     -2.510891e-20
     -1.248140e-20
      1.372909e-20
      3.610825e-20
      6.035624e-21
     -2.636768e-20
      8.975332e-21
      2.265643e-19
     -6.145329e-18
      1.670338e-16
     -3.864621e-15
      7.396060e-14
     -1.118204e-12
      1.197055e-11
     -5.595963e-11
     -8.088453e-10
      2.050923e-08
     -1.971360e-07
      6.225834e-07
      3.707505e-06
     -1.704323e-05
     -1.150518e-04
     -2.726524e-04
     -3.382626e-04
     -7.728191e-05
      2.415015e-04
      2.299604e-04
      2.173878e-04
      4.310973e-04
      4.919236e-04
      2.258336e-04
     -1.129170e-04
     -2.762093e-04
     -2.007896e-04
     -5.732832e-05
     -5.451178e-06
     -1.251485e-05
     -1.696223e-05
     -1.614067e-05
     -1.640311e-05
     -9.005199e-06
     -1.328074e-06
     -6.272232e-07
     -1.243560e-06
     -9.664845e-07
     -8.789425e-07
     -1.078858e-06
     -1.764556e-07
      1.974934e-06
      2.259786e-06
     -6.305121e-06
     -1.745593e-05
     -1.712195e-05
     -1.514313e-05
     -6.390704e-06
      9.750287e-06
     -2.651780e-06
     -8.671636e-05
     -1.751418e-04
     -1.476506e-04
     -7.540436e-05
     -2.411416e-04
     -6.945299e-04
     -6.845834e-04
      2.745782e-04
      1.012783e-03
      6.035417e-04
      1.198029e-04
      7.483821e-05
      1.974491e-05
      2.138141e-06
     -1.176741e-06
     -8.781835e-08
      1.737983e-07
     -5.429201e-08
      9.726135e-09
     -1.221231e-09
      1.170373e-10
     -8.964792e-12
      5.646021e-13
     -2.980188e-14
      1.336935e-15
     -5.152534e-17
      1.720719e-18
     -5.014276e-20
      1.282285e-21
     -2.890908e-23
      5.766842e-25
     -1.020713e-26
      1.606178e-28
     -2.249792e-30
      2.806493e-32
     -3.117106e-34
      3.079395e-36
      0.000000e+00
      0.000000e+00
