      0.000000e+00
      0.000000e+00
     -2.157142e-21
     -1.063257e-20
     -2.375678e-20
     -2.510891e-20
     -1.248140e-20
      1.372910e-20
      3.610820e-20
      6.038029e-21
     -2.647728e-20
      1.333129e-20
      7.667256e-20
     -1.721436e-18
      5.643518e-17
     -1.561125e-15
      3.487678e-14
     -5.937925e-13
      6.595610e-12
     -1.421176e-11
     -1.101918e-09
      2.332745e-08
     -2.263284e-07
      7.965785e-07
      3.537378e-06
     -1.921799e-05
     -1.147875e-04
     -2.616081e-04
     -3.333366e-04
     -2.286747e-04
      9.001026e-06
      2.598778e-04
      4.406446e-04
      4.939180e-04
      3.738666e-04
      1.298009e-04
     -8.375266e-05
     -1.597485e-04
     -1.331977e-04
     -9.076020e-05
     -6.733496e-05
     -5.401169e-05
     -4.201994e-05
     -3.168395e-05
     -2.393992e-05
     -1.813700e-05
     -1.363318e-05
     -1.015254e-05
     -7.494186e-06
     -5.472027e-06
     -3.942064e-06
     -5.472237e-06
     -7.495518e-06
     -1.015188e-05
     -1.362211e-05
     -1.814304e-05
     -2.402323e-05
     -3.166022e-05
     -4.154517e-05
     -5.420720e-05
     -7.033835e-05
     -9.181245e-05
     -1.224254e-04
     -1.627290e-04
     -1.976742e-04
     -1.941171e-04
     -1.254957e-04
     -1.857037e-06
      1.344242e-04
      2.391535e-04
      2.833630e-04
      2.558962e-04
      1.731091e-04
      8.012297e-05
      1.988022e-05
     -2.207908e-07
     -9.372240e-07
      2.128280e-07
      5.763923e-08
     -2.347703e-08
      3.332257e-09
     -2.419265e-10
      5.750853e-12
      7.310337e-13
     -1.048833e-13
      7.844620e-15
     -4.241357e-16
      1.815016e-17
     -6.410869e-19
      1.914811e-20
     -4.912863e-22
      1.094679e-23
     -2.135020e-25
      3.665912e-27
     -5.564711e-29
      7.489513e-31
     -8.954107e-33
      9.517859e-35
     -8.994920e-37
      0.000000e+00
      0.000000e+00
