      0.000000e+00
      0.000000e+00
     -9.281945e-22
     -8.628065e-22
     -6.905121e-22
     -4.789350e-22
     -2.930973e-22
     -1.238762e-22
      9.534805e-23
      4.185663e-22
      8.096743e-22
      1.121056e-21
      1.159475e-21
      8.092107e-22
      1.329617e-22
     -6.268341e-22
     -1.163103e-21
     -1.272042e-21
     -9.703347e-22
     -4.921939e-22
     -1.775915e-22
     -3.231997e-22
     -1.063445e-21
     -2.305018e-21
     -3.717728e-21
     -4.810035e-21
     -5.130530e-21
     -4.562333e-21
     -3.538396e-21
     -2.947077e-21
     -3.655128e-21
     -5.895390e-21
     -8.981999e-21
     -1.166509e-20
     -1.295142e-20
     -1.277785e-20
     -1.196147e-20
     -1.142074e-20
     -1.131615e-20
     -1.089264e-20
     -9.224646e-21
     -6.234053e-21
     -3.029164e-21
     -1.155648e-21
     -1.326862e-21
     -2.735460e-21
     -3.618749e-21
     -2.700959e-21
     -3.841567e-22
      1.248520e-21
     -3.674708e-22
     -6.685827e-21
     -1.698716e-20
     -2.829259e-20
     -3.621589e-20
     -3.654154e-20
     -2.719713e-20
     -9.897971e-21
      9.670442e-21
      2.396040e-20
      2.743506e-20
      2.007541e-20
      7.996431e-21
      2.173200e-22
      3.260854e-21
      1.696177e-20
      3.424343e-20
      4.506694e-20
      4.210990e-20
      2.478708e-20
     -5.603668e-22
     -2.410930e-20
     -3.747467e-20
     -3.746717e-20
     -2.707190e-20
     -1.367994e-20
     -5.787173e-21
     -9.560029e-21
     -2.621375e-20
     -5.081906e-20
     -7.320213e-20
     -8.141047e-20
     -6.706048e-20
     -3.014714e-20
      1.979696e-20
      6.761500e-20
      9.957502e-20
      1.092574e-19
      9.886210e-20
      7.604666e-20
      4.944656e-20
      2.592228e-20
      9.857447e-21
      2.678326e-21
      1.539178e-21
     -1.258610e-21
     -1.548895e-20
     -4.670104e-20
     -9.027368e-20
     -1.311502e-19
     -1.512056e-19
     -1.402159e-19
     -1.027946e-19
     -5.584133e-20
     -1.776584e-20
      3.029913e-21
      1.211831e-20
      2.260397e-20
      4.317641e-20
      6.981049e-20
      8.769131e-20
      8.231541e-20
      5.167455e-20
      1.024457e-20
     -1.883412e-20
     -1.851703e-20
      1.051666e-20
      4.959405e-20
      7.364177e-20
      6.691556e-20
      3.223769e-20
     -1.228239e-20
     -4.620779e-20
     -5.993181e-20
     -5.897016e-20
     -5.724518e-20
     -6.517614e-20
     -8.151312e-20
     -9.442233e-20
     -9.054930e-20
     -6.562612e-20
     -2.962573e-20
     -3.119724e-21
     -6.780306e-21
     -4.992011e-20
     -1.245306e-19
     -2.081403e-19
     -2.737522e-19
     -3.012541e-19
     -2.844487e-19
     -2.310989e-19
     -1.575843e-19
     -8.206493e-20
     -1.942080e-20
      2.109398e-20
      3.645013e-20
      2.980655e-20
      9.696413e-21
     -1.268731e-20
     -2.839510e-20
     -3.567639e-20
     -4.115096e-20
     -5.488449e-20
     -8.163760e-20
     -1.145819e-19
     -1.370916e-19
     -1.324133e-19
     -9.462154e-20
     -3.295003e-20
      3.322771e-20
      8.430456e-20
      1.078404e-19
      9.962117e-20
      6.078544e-20
     -3.669115e-21
     -8.267145e-20
     -1.565310e-19
     -2.000187e-19
     -1.933377e-19
     -1.357381e-19
     -5.152911e-20
      1.902418e-20
      4.139913e-20
      7.980245e-21
     -5.683584e-20
     -1.134130e-19
     -1.350614e-19
     -1.267461e-19
     -1.187745e-19
     -1.390032e-19
     -1.854234e-19
     -2.225401e-19
     -2.065768e-19
     -1.204448e-19
      9.767809e-21
      1.304782e-19
      1.957062e-19
      1.934204e-19
      1.440643e-19
      7.717591e-20
      9.788459e-21
     -5.509426e-20
     -1.137794e-19
     -1.511237e-19
     -1.482780e-19
     -1.021997e-19
     -3.580568e-20
      1.446967e-20
      2.464591e-20
     -1.220963e-22
     -3.230366e-20
     -4.468435e-20
     -2.881268e-20
      3.667507e-21
      3.263995e-20
      4.139957e-20
      2.187516e-20
     -2.425246e-20
     -8.474965e-20
     -1.384067e-19
     -1.631586e-19
     -1.483371e-19
     -1.013708e-19
     -4.190398e-20
      1.212726e-20
      5.392057e-20
      8.510591e-20
      1.060256e-19
      1.108361e-19
      9.304140e-20
      5.518467e-20
      1.176630e-20
     -1.858373e-20
     -2.494475e-20
     -9.673689e-21
      1.623694e-20
      4.274328e-20
      6.668389e-20
      9.013444e-20
      1.145112e-19
      1.367629e-19
      1.508113e-19
      1.519524e-19
      1.396288e-19
      1.165034e-19
      8.588709e-20
      5.079826e-20
      1.525092e-20
     -1.481609e-20
     -3.334415e-20
     -3.757900e-20
     -2.941237e-20
     -1.269869e-20
      1.083162e-20
      4.225396e-20
      8.113339e-20
      1.203289e-19
      1.461185e-19
      1.454644e-19
      1.151890e-19
      6.502554e-20
      1.117224e-20
     -3.470924e-20
     -7.168306e-20
     -1.054219e-19
     -1.375478e-19
     -1.587444e-19
     -1.534057e-19
     -1.132618e-19
     -4.809922e-20
      1.758264e-20
      6.152958e-20
      8.086028e-20
      9.375897e-20
      1.223554e-19
      1.702570e-19
      2.143690e-19
      2.195109e-19
      1.650292e-19
      6.227851e-20
     -5.038348e-20
     -1.300793e-19
     -1.520529e-19
     -1.184001e-19
     -5.184541e-20
      1.703633e-20
      6.150491e-20
      6.728257e-20
      3.820995e-20
     -3.644764e-21
     -2.687785e-20
     -6.827392e-21
      6.003434e-20
      1.529284e-19
      2.367644e-19
      2.784484e-19
      2.604890e-19
      1.873815e-19
      8.481154e-20
     -7.937985e-21
     -5.271187e-20
     -3.117507e-20
      4.221457e-20
      1.240439e-19
      1.644025e-19
      1.353275e-19
      4.612581e-20
     -6.447247e-20
     -1.517023e-19
     -1.855320e-19
     -1.565186e-19
     -7.008624e-20
      5.812838e-20
      1.995247e-19
      3.105715e-19
      3.454395e-19
      2.844917e-19
      1.591072e-19
      4.613411e-20
      2.430549e-20
      1.181961e-19
      2.732311e-19
      3.872023e-19
      3.800318e-19
      2.502310e-19
      7.426369e-20
     -5.036648e-20
     -7.330184e-20
     -1.936510e-20
      3.994982e-20
      4.340667e-20
     -1.967010e-20
     -1.106497e-19
     -1.746915e-19
     -1.766215e-19
     -1.170317e-19
     -2.564100e-20
      5.711920e-20
      9.826308e-20
      8.392737e-20
      2.273888e-20
     -5.965586e-20
     -1.336753e-19
     -1.811097e-19
     -2.036837e-19
     -2.178600e-19
     -2.376286e-19
     -2.575078e-19
     -2.512750e-19
     -1.922382e-19
     -8.244139e-20
      3.438610e-20
      9.380794e-20
      5.657388e-20
     -5.488634e-20
     -1.627771e-19
     -1.847263e-19
     -9.278117e-20
      6.556306e-20
      2.010971e-19
      2.441733e-19
      1.861902e-19
      7.398528e-20
     -3.043933e-20
     -8.877425e-20
     -9.724526e-20
     -7.119440e-20
     -2.479204e-20
      3.585851e-20
      1.054060e-19
      1.704973e-19
      2.116445e-19
      2.160383e-19
      1.899309e-19
      1.573370e-19
      1.421768e-19
      1.464371e-19
      1.441812e-19
      1.010089e-19
      6.292541e-21
     -1.094583e-19
     -1.907198e-19
     -1.965555e-19
     -1.307505e-19
     -3.556100e-20
      4.587684e-20
      1.046149e-19
      1.667003e-19
      2.599196e-19
      3.784048e-19
      4.785844e-19
      5.103893e-19
      4.554903e-19
      3.394893e-19
      2.101848e-19
      1.038500e-19
      2.836957e-20
     -2.742907e-20
     -7.333576e-20
     -1.073797e-19
     -1.219365e-19
     -1.150830e-19
     -9.328166e-20
     -6.377549e-20
     -2.702431e-20
      2.156883e-20
      8.261482e-20
      1.463542e-19
      1.954778e-19
      2.139598e-19
      1.938191e-19
      1.359242e-19
      4.789524e-20
     -5.646220e-20
     -1.564989e-19
     -2.272380e-19
     -2.475520e-19
     -2.106748e-19
     -1.302787e-19
     -3.742680e-20
      3.112104e-20
      4.845484e-20
      1.012653e-20
     -6.283315e-20
     -1.340842e-19
     -1.719544e-19
     -1.678399e-19
     -1.397249e-19
     -1.165761e-19
     -1.146424e-19
     -1.250877e-19
     -1.242344e-19
     -9.794864e-20
     -5.788150e-20
     -3.345764e-20
     -4.545242e-20
     -8.464215e-20
     -1.153855e-19
     -1.021812e-19
     -3.747503e-20
      5.129820e-20
      1.197726e-19
      1.353648e-19
      9.693909e-20
      3.446309e-20
     -9.229081e-21
     -3.439917e-21
      5.238843e-20
      1.280825e-19
      1.809439e-19
      1.824563e-19
      1.363861e-19
      7.588501e-20
      4.138954e-20
      5.416034e-20
      1.025544e-19
      1.491398e-19
      1.538757e-19
      9.939100e-20
      2.734638e-21
     -9.504616e-20
     -1.562139e-19
     -1.717574e-19
     -1.646416e-19
     -1.664827e-19
     -1.861268e-19
     -1.980151e-19
     -1.629031e-19
     -6.514088e-20
      6.521180e-20
      1.656575e-19
      1.812878e-19
      1.018285e-19
     -3.075425e-20
     -1.479905e-19
     -1.952375e-19
     -1.606851e-19
     -7.705753e-20
      2.194366e-21
      3.600285e-20
      1.785444e-20
     -2.551824e-20
     -5.626424e-20
     -5.201770e-20
     -1.811707e-20
      2.188041e-20
      4.748529e-20
      5.593952e-20
      5.960070e-20
      7.195123e-20
      9.732736e-20
      1.327317e-19
      1.756435e-19
      2.257465e-19
      2.773339e-19
      3.123892e-19
      3.065000e-19
      2.474218e-19
      1.515660e-19
      6.178233e-20
      2.329137e-20
      5.245439e-20
      1.210454e-19
      1.704013e-19
      1.499693e-19
      5.579135e-20
     -5.992548e-20
     -1.202616e-19
     -7.838639e-20
      4.338399e-20
      1.625171e-19
      1.910135e-19
      9.741408e-20
     -6.999656e-20
     -2.154604e-19
     -2.579446e-19
     -1.778503e-19
     -1.962957e-20
      1.428038e-19
      2.479663e-19
      2.704321e-19
      2.209916e-19
      1.332501e-19
      4.724559e-20
     -5.467182e-21
     -1.301524e-20
      1.379431e-20
      5.013017e-20
      7.320517e-20
      7.419825e-20
      5.706994e-20
      2.748058e-20
     -1.510139e-20
     -7.265341e-20
     -1.364060e-19
     -1.826951e-19
     -1.858272e-19
     -1.385741e-19
     -6.011744e-20
      1.832201e-20
      7.704355e-20
      1.166481e-19
      1.433370e-19
      1.488911e-19
      1.118127e-19
      2.354771e-20
     -8.721041e-20
     -1.630948e-19
     -1.592043e-19
     -8.114089e-20
      1.676981e-20
      7.332913e-20
      6.531355e-20
      1.729166e-20
     -2.734980e-20
     -4.417235e-20
     -4.187199e-20
     -4.611389e-20
     -7.189190e-20
     -1.080909e-19
     -1.243809e-19
     -9.388052e-20
     -1.566967e-20
      7.881461e-20
      1.426238e-19
      1.446885e-19
      9.314251e-20
      2.977844e-20
     -3.356620e-21
      1.564453e-21
      1.373100e-20
     -5.029659e-21
     -6.127641e-20
     -1.199389e-19
     -1.331991e-19
     -8.134132e-20
      1.186343e-20
      1.007383e-19
      1.523717e-19
      1.614665e-19
      1.369124e-19
      8.177480e-20
     -7.829756e-21
     -1.243732e-19
     -2.353244e-19
     -2.956312e-19
     -2.796184e-19
     -2.025764e-19
     -1.092911e-19
     -3.786009e-20
      8.516342e-21
      5.597520e-20
      1.266383e-19
      2.095366e-19
      2.636412e-19
      2.509343e-19
      1.702716e-19
      6.270941e-20
     -1.568923e-20
     -3.075029e-20
      1.159153e-20
      7.652785e-20
      1.284645e-19
      1.532102e-19
      1.597867e-19
      1.645782e-19
      1.728844e-19
      1.727597e-19
      1.451012e-19
      8.090780e-20
     -8.682656e-21
     -9.727402e-20
     -1.576425e-19
     -1.731328e-19
     -1.392607e-19
     -6.091620e-20
      4.575911e-20
      1.481391e-19
      2.016427e-19
      1.726132e-19
      6.721848e-20
     -6.106870e-20
     -1.409353e-19
     -1.323953e-19
     -5.621523e-20
      2.275119e-20
      4.577750e-20
      2.753472e-21
     -6.627692e-20
     -1.076589e-19
     -9.569623e-20
     -4.716609e-20
     -3.203570e-21
      1.733102e-21
     -3.994951e-20
     -1.091758e-19
     -1.748624e-19
     -2.118144e-19
     -2.130520e-19
     -1.909633e-19
     -1.652051e-19
     -1.430854e-19
     -1.075997e-19
     -2.798919e-20
      1.091102e-19
      2.720071e-19
      3.887470e-19
      3.902398e-19
      2.631675e-19
      6.983163e-20
     -8.567762e-20
     -1.232852e-19
     -3.636791e-20
      1.113453e-19
      2.365664e-19
      2.941355e-19
      2.983798e-19
      2.960563e-19
      3.170929e-19
      3.449438e-19
      3.309901e-19
      2.417212e-19
      1.001422e-19
     -1.589840e-20
     -2.489570e-20
      9.175412e-20
      2.613597e-19
      3.606463e-19
      3.026242e-19
      1.036840e-19
     -1.255818e-19
     -2.614996e-19
     -2.548029e-19
     -1.540988e-19
     -5.250469e-20
     -1.065018e-20
     -2.250039e-20
     -4.339491e-20
     -4.267408e-20
     -2.987393e-20
     -3.793904e-20
     -8.793938e-20
     -1.691874e-19
     -2.470529e-19
     -2.863695e-19
     -2.716690e-19
     -2.135531e-19
     -1.404784e-19
     -8.177425e-20
     -5.209341e-20
     -4.770934e-20
     -5.683457e-20
     -7.341313e-20
     -9.969125e-20
     -1.344460e-19
     -1.605059e-19
     -1.484568e-19
     -7.794769e-20
      4.087261e-20
      1.660885e-19
      2.470186e-19
      2.555198e-19
      2.027334e-19
      1.289509e-19
      7.347646e-20
      4.611173e-20
      2.222089e-20
     -3.285782e-20
     -1.277565e-19
     -2.276928e-19
     -2.740646e-19
     -2.288482e-19
     -1.081227e-19
      2.459252e-20
      1.015122e-19
      9.571024e-20
      3.256707e-20
     -3.880904e-20
     -8.736249e-20
     -1.195435e-19
     -1.623040e-19
     -2.272910e-19
     -2.894905e-19
     -3.010554e-19
     -2.311364e-19
     -9.926535e-20
      2.766504e-20
      7.652007e-20
      1.517308e-20
     -1.349181e-19
     -3.239454e-19
     -4.739168e-19
     -3.929904e-19
      2.470043e-19
      1.376259e-18
      1.153813e-18
     -4.623083e-18
     -1.744243e-17
     -2.097536e-17
      3.388109e-17
      2.008409e-16
      3.994445e-16
      1.597698e-16
     -1.506976e-15
     -5.433891e-15
     -9.818079e-15
     -5.474519e-15
      2.911631e-14
      1.254110e-13
      2.988721e-13
      4.728190e-13
      3.155927e-13
     -1.051511e-12
     -5.518443e-12
     -1.666030e-11
     -4.064938e-11
     -8.742412e-11
     -1.721253e-10
     -3.168043e-10
     -5.524050e-10
     -9.210189e-10
     -1.478412e-09
     -2.296822e-09
     -3.468031e-09
     -5.106712e-09
     -7.354064e-09
     -1.038176e-08
     -1.439619e-08
     -1.964307e-08
     -2.641240e-08
     -3.504376e-08
     -4.593197e-08
     -5.953310e-08
     -7.637075e-08
     -9.704260e-08
     -1.222271e-07
     -1.526903e-07
     -1.892926e-07
     -2.329954e-07
     -2.848673e-07
     -3.460908e-07
     -4.179670e-07
     -5.019217e-07
     -5.995090e-07
     -7.124155e-07
     -8.424630e-07
     -9.916107e-07
     -1.161957e-06
     -1.355737e-06
     -1.575328e-06
     -1.823239e-06
     -2.102116e-06
     -2.414733e-06
     -2.763991e-06
     -3.152908e-06
     -3.584616e-06
     -4.062350e-06
     -4.589441e-06
     -5.169308e-06
     -5.805441e-06
     -6.501396e-06
     -7.260781e-06
     -8.087239e-06
     -8.984440e-06
     -9.956062e-06
     -1.100578e-05
     -1.213724e-05
     -1.335407e-05
     -1.465982e-05
     -1.605800e-05
     -1.755202e-05
     -1.914518e-05
     -2.084067e-05
     -2.264156e-05
     -2.455077e-05
     -2.657102e-05
     -2.870491e-05
     -3.095479e-05
     -3.332284e-05
     -3.581102e-05
     -3.842103e-05
     -4.115436e-05
     -4.401222e-05
     -4.699559e-05
     -5.010516e-05
     -5.334133e-05
     -5.670424e-05
     -6.019373e-05
     -6.380935e-05
     -6.755035e-05
     -7.141570e-05
     -7.540404e-05
     -7.951375e-05
     -8.374287e-05
     -8.808920e-05
     -9.255020e-05
     -9.712306e-05
     -1.018047e-04
     -1.065918e-04
     -1.114806e-04
     -1.164674e-04
     -1.215479e-04
     -1.267178e-04
     -1.319724e-04
     -1.373069e-04
     -1.427162e-04
     -1.481950e-04
     -1.537379e-04
     -1.593392e-04
     -1.649930e-04
     -1.706934e-04
     -1.764342e-04
     -1.822090e-04
     -1.880115e-04
     -1.938350e-04
     -1.996729e-04
     -2.055182e-04
     -2.113642e-04
     -2.172038e-04
     -2.230299e-04
     -2.288353e-04
     -2.346129e-04
     -2.403551e-04
     -2.460548e-04
     -2.517044e-04
     -2.572965e-04
     -2.628235e-04
     -2.682779e-04
     -2.736520e-04
     -2.789383e-04
     -2.841290e-04
     -2.892165e-04
     -2.941931e-04
     -2.990510e-04
     -3.037825e-04
     -3.083799e-04
     -3.128354e-04
     -3.171412e-04
     -3.212898e-04
     -3.252732e-04
     -3.290839e-04
     -3.327141e-04
     -3.361561e-04
     -3.394024e-04
     -3.424453e-04
     -3.452774e-04
     -3.478910e-04
     -3.502789e-04
     -3.524336e-04
     -3.543479e-04
     -3.560145e-04
     -3.574265e-04
     -3.585767e-04
     -3.594584e-04
     -3.600648e-04
     -3.603892e-04
     -3.604252e-04
     -3.601666e-04
     -3.596071e-04
     -3.587408e-04
     -3.575618e-04
     -3.560647e-04
     -3.542440e-04
     -3.520946e-04
     -3.496115e-04
     -3.467900e-04
     -3.436256e-04
     -3.401140e-04
     -3.362514e-04
     -3.320339e-04
     -3.274582e-04
     -3.225210e-04
     -3.172194e-04
     -3.115507e-04
     -3.055127e-04
     -2.991031e-04
     -2.923203e-04
     -2.851627e-04
     -2.776290e-04
     -2.697183e-04
     -2.614300e-04
     -2.527637e-04
     -2.437192e-04
     -2.342968e-04
     -2.244969e-04
     -2.143203e-04
     -2.037680e-04
     -1.928415e-04
     -1.815422e-04
     -1.698723e-04
     -1.578339e-04
     -1.454296e-04
     -1.326624e-04
     -1.195356e-04
     -1.060528e-04
     -9.221817e-05
     -7.803616e-05
     -6.351179e-05
     -4.865060e-05
     -3.345868e-05
     -1.794275e-05
     -2.110231e-06
      1.403069e-05
      3.047095e-05
      4.720058e-05
      6.420850e-05
      8.148250e-05
      9.900903e-05
      1.167731e-04
      1.347581e-04
      1.529458e-04
      1.713156e-04
      1.898453e-04
      2.085097e-04
      2.272816e-04
      2.461306e-04
      2.650233e-04
      2.839229e-04
      3.027892e-04
      3.215781e-04
      3.402413e-04
      3.587263e-04
      3.769762e-04
      3.949293e-04
      4.125192e-04
      4.296747e-04
      4.463199e-04
      4.623742e-04
      4.777528e-04
      4.923668e-04
      5.061241e-04
      5.189302e-04
      5.306888e-04
      5.413034e-04
      5.506788e-04
      5.587226e-04
      5.653472e-04
      5.704722e-04
      5.740266e-04
      5.759512e-04
      5.762013e-04
      5.747491e-04
      5.715859e-04
      5.667242e-04
      5.601992e-04
      5.520699e-04
      5.424192e-04
      5.313533e-04
      5.190008e-04
      5.055098e-04
      4.910455e-04
      4.757860e-04
      4.599186e-04
      4.436343e-04
      4.271240e-04
      4.105733e-04
      3.941587e-04
      3.780435e-04
      3.623752e-04
      3.472828e-04
      3.328763e-04
      3.192454e-04
      3.064600e-04
      2.945709e-04
      2.836113e-04
      2.735984e-04
      2.645353e-04
      2.564130e-04
      2.492123e-04
      2.429060e-04
      2.374607e-04
      2.328381e-04
      2.289966e-04
      2.258928e-04
      2.234821e-04
      2.217197e-04
      2.205615e-04
      2.199641e-04
      2.198857e-04
      2.202861e-04
      2.211269e-04
      2.223716e-04
      2.239857e-04
      2.259368e-04
      2.281941e-04
      2.307290e-04
      2.335145e-04
      2.365253e-04
      2.397376e-04
      2.431293e-04
      2.466794e-04
      2.503684e-04
      2.541777e-04
      2.580898e-04
      2.620884e-04
      2.661578e-04
      2.702833e-04
      2.744508e-04
      2.786467e-04
      2.828584e-04
      2.870736e-04
      2.912803e-04
      2.954673e-04
      2.996236e-04
      3.037385e-04
      3.078019e-04
      3.118038e-04
      3.157345e-04
      3.195846e-04
      3.233451e-04
      3.270069e-04
      3.305616e-04
      3.340006e-04
      3.373157e-04
      3.404990e-04
      3.435428e-04
      3.464394e-04
      3.491817e-04
      3.517625e-04
      3.541751e-04
      3.564128e-04
      3.584692e-04
      3.603385e-04
      3.620146e-04
      3.634920e-04
      3.647657e-04
      3.658304e-04
      3.666816e-04
      3.673149e-04
      3.677263e-04
      3.679120e-04
      3.678685e-04
      3.675929e-04
      3.670823e-04
      3.663343e-04
      3.653468e-04
      3.641181e-04
      3.626468e-04
      3.609317e-04
      3.589723e-04
      3.567680e-04
      3.543189e-04
      3.516251e-04
      3.486874e-04
      3.455066e-04
      3.420839e-04
      3.384209e-04
      3.345195e-04
      3.303817e-04
      3.260099e-04
      3.214069e-04
      3.165755e-04
      3.115189e-04
      3.062406e-04
      3.007443e-04
      2.950337e-04
      2.891129e-04
      2.829863e-04
      2.766583e-04
      2.701334e-04
      2.634165e-04
      2.565125e-04
      2.494264e-04
      2.421635e-04
      2.347290e-04
      2.271284e-04
      2.193673e-04
      2.114511e-04
      2.033856e-04
      1.951766e-04
      1.868298e-04
      1.783512e-04
      1.697468e-04
      1.610224e-04
      1.521841e-04
      1.432380e-04
      1.341902e-04
      1.250467e-04
      1.158137e-04
      1.064973e-04
      9.710366e-05
      8.763893e-05
      7.810926e-05
      6.852078e-05
      5.887962e-05
      4.919189e-05
      3.946370e-05
      2.970112e-05
      1.991018e-05
      1.009690e-05
      2.672395e-07
     -9.572876e-06
     -1.941757e-05
     -2.926104e-05
     -3.909753e-05
     -4.892136e-05
     -5.872693e-05
     -6.850871e-05
     -7.826128e-05
     -8.797930e-05
     -9.765754e-05
     -1.072909e-04
     -1.168743e-04
     -1.264030e-04
     -1.358722e-04
     -1.452772e-04
     -1.546135e-04
     -1.638769e-04
     -1.730632e-04
     -1.821682e-04
     -1.911882e-04
     -2.001192e-04
     -2.089578e-04
     -2.177004e-04
     -2.263437e-04
     -2.348845e-04
     -2.433196e-04
     -2.516461e-04
     -2.598610e-04
     -2.679614e-04
     -2.759446e-04
     -2.838076e-04
     -2.915477e-04
     -2.991619e-04
     -3.066473e-04
     -3.140007e-04
     -3.212189e-04
     -3.282984e-04
     -3.352352e-04
     -3.420252e-04
     -3.486639e-04
     -3.551462e-04
     -3.614664e-04
     -3.676182e-04
     -3.735945e-04
     -3.793876e-04
     -3.849886e-04
     -3.903877e-04
     -3.955741e-04
     -4.005355e-04
     -4.052585e-04
     -4.097284e-04
     -4.139288e-04
     -4.178417e-04
     -4.214477e-04
     -4.247255e-04
     -4.276522e-04
     -4.302032e-04
     -4.323522e-04
     -4.340714e-04
     -4.353315e-04
     -4.361018e-04
     -4.363508e-04
     -4.360462e-04
     -4.351555e-04
     -4.336464e-04
     -4.314875e-04
     -4.286487e-04
     -4.251025e-04
     -4.208244e-04
     -4.157941e-04
     -4.099964e-04
     -4.034224e-04
     -3.960701e-04
     -3.879458e-04
     -3.790650e-04
     -3.694527e-04
     -3.591440e-04
     -3.481846e-04
     -3.366303e-04
     -3.245470e-04
     -3.120093e-04
     -2.990995e-04
     -2.859061e-04
     -2.725218e-04
     -2.590416e-04
     -2.455601e-04
     -2.321698e-04
     -2.189586e-04
     -2.060083e-04
     -1.933923e-04
     -1.811750e-04
     -1.694107e-04
     -1.581428e-04
     -1.474046e-04
     -1.372187e-04
     -1.275986e-04
     -1.185486e-04
     -1.100656e-04
     -1.021398e-04
     -9.475586e-05
     -8.789431e-05
     -8.153230e-05
     -7.564467e-05
     -7.020479e-05
     -6.518528e-05
     -6.055860e-05
     -5.629752e-05
     -5.237552e-05
     -4.876709e-05
     -4.544788e-05
     -4.239488e-05
     -3.958647e-05
     -3.700249e-05
     -3.462417e-05
     -3.243418e-05
     -3.041652e-05
     -2.855649e-05
     -2.684061e-05
     -2.525653e-05
     -2.379298e-05
     -2.243967e-05
     -2.118721e-05
     -2.002706e-05
     -1.895144e-05
     -1.795326e-05
     -1.702608e-05
     -1.616403e-05
     -1.536179e-05
     -1.461448e-05
     -1.391770e-05
     -1.326740e-05
     -1.265993e-05
     -1.209194e-05
     -1.156036e-05
     -1.106242e-05
     -1.059558e-05
     -1.015750e-05
     -9.746050e-06
     -9.359291e-06
     -8.995435e-06
     -8.652845e-06
     -8.330020e-06
     -8.025580e-06
     -7.738257e-06
     -7.466885e-06
     -7.210390e-06
     -6.967784e-06
     -6.738154e-06
     -6.520658e-06
     -6.314517e-06
     -6.119013e-06
     -5.933481e-06
     -5.757304e-06
     -5.589911e-06
     -5.430773e-06
     -5.279399e-06
     -5.135331e-06
     -4.998145e-06
     -4.867447e-06
     -4.742869e-06
     -4.624068e-06
     -4.510725e-06
     -4.402543e-06
     -4.299242e-06
     -4.200564e-06
     -4.106265e-06
     -4.016118e-06
     -3.929910e-06
     -3.847442e-06
     -3.768527e-06
     -3.692991e-06
     -3.620668e-06
     -3.551405e-06
     -3.485057e-06
     -3.421487e-06
     -3.360567e-06
     -3.302176e-06
     -3.246202e-06
     -3.192537e-06
     -3.141081e-06
     -3.091739e-06
     -3.044421e-06
     -2.999043e-06
     -2.955525e-06
     -2.913792e-06
     -2.873772e-06
     -2.835400e-06
     -2.798611e-06
     -2.763345e-06
     -2.729546e-06
     -2.697160e-06
     -2.666137e-06
     -2.636427e-06
     -2.607987e-06
     -2.580773e-06
     -2.554743e-06
     -2.529861e-06
     -2.506089e-06
     -2.483393e-06
     -2.461739e-06
     -2.441098e-06
     -2.421440e-06
     -2.402737e-06
     -2.384963e-06
     -2.368093e-06
     -2.352104e-06
     -2.336973e-06
     -2.322680e-06
     -2.309205e-06
     -2.296529e-06
     -2.284634e-06
     -2.273504e-06
     -2.263123e-06
     -2.253476e-06
     -2.244549e-06
     -2.236330e-06
     -2.228805e-06
     -2.221964e-06
     -2.215795e-06
     -2.210288e-06
     -2.205434e-06
     -2.201223e-06
     -2.197648e-06
     -2.194700e-06
     -2.192373e-06
     -2.190659e-06
     -2.189552e-06
     -2.189045e-06
     -2.189135e-06
     -2.189814e-06
     -2.191079e-06
     -2.192925e-06
     -2.195347e-06
     -2.198341e-06
     -2.201904e-06
     -2.206031e-06
     -2.210718e-06
     -2.215963e-06
     -2.221761e-06
     -2.228108e-06
     -2.235001e-06
     -2.242435e-06
     -2.250407e-06
     -2.258911e-06
     -2.267942e-06
     -2.277495e-06
     -2.287564e-06
     -2.298141e-06
     -2.309220e-06
     -2.320790e-06
     -2.332844e-06
     -2.345369e-06
     -2.358354e-06
     -2.371785e-06
     -2.385646e-06
     -2.399921e-06
     -2.414588e-06
     -2.429626e-06
     -2.445012e-06
     -2.460716e-06
     -2.476708e-06
     -2.492955e-06
     -2.509416e-06
     -2.526051e-06
     -2.542812e-06
     -2.559646e-06
     -2.576496e-06
     -2.593297e-06
     -2.609979e-06
     -2.626465e-06
     -2.642671e-06
     -2.658502e-06
     -2.673858e-06
     -2.688628e-06
     -2.702692e-06
     -2.715920e-06
     -2.728171e-06
     -2.739295e-06
     -2.749130e-06
     -2.757504e-06
     -2.764231e-06
     -2.769120e-06
     -2.771966e-06
     -2.772557e-06
     -2.770672e-06
     -2.766086e-06
     -2.758567e-06
     -2.747886e-06
     -2.733813e-06
     -2.716124e-06
     -2.694605e-06
     -2.669060e-06
     -2.639310e-06
     -2.605204e-06
     -2.566623e-06
     -2.523489e-06
     -2.475768e-06
     -2.423477e-06
     -2.366692e-06
     -2.305550e-06
     -2.240251e-06
     -2.171062e-06
     -2.098314e-06
     -2.022401e-06
     -1.943773e-06
     -1.862930e-06
     -1.780409e-06
     -1.696776e-06
     -1.612611e-06
     -1.528494e-06
     -1.444993e-06
     -1.362646e-06
     -1.281956e-06
     -1.203373e-06
     -1.127293e-06
     -1.054048e-06
     -9.839075e-07
     -9.170726e-07
     -8.536833e-07
     -7.938196e-07
     -7.375080e-07
     -6.847271e-07
     -6.354150e-07
     -5.894761e-07
     -5.467881e-07
     -5.072087e-07
     -4.705809e-07
     -4.367391e-07
     -4.055125e-07
     -3.767299e-07
     -3.502218e-07
     -3.258231e-07
     -3.033752e-07
     -2.827266e-07
     -2.637340e-07
     -2.462631e-07
     -2.301883e-07
     -2.153930e-07
     -2.017692e-07
     -1.892175e-07
     -1.776465e-07
     -1.669722e-07
     -1.571178e-07
     -1.480132e-07
     -1.395944e-07
     -1.318030e-07
     -1.245859e-07
     -1.178946e-07
     -1.116850e-07
     -1.059171e-07
     -1.005545e-07
     -9.556381e-08
     -9.091492e-08
     -8.658031e-08
     -8.253493e-08
     -7.875592e-08
     -7.522249e-08
     -7.191564e-08
     -6.881804e-08
     -6.591384e-08
     -6.318859e-08
     -6.062903e-08
     -5.822306e-08
     -5.595955e-08
     -5.382835e-08
     -5.182009e-08
     -4.992620e-08
     -4.813880e-08
     -4.645063e-08
     -4.485501e-08
     -4.334579e-08
     -4.191729e-08
     -4.056427e-08
     -3.928189e-08
     -3.806569e-08
     -3.691151e-08
     -3.581553e-08
     -3.477420e-08
     -3.378423e-08
     -3.284254e-08
     -3.194631e-08
     -3.109290e-08
     -3.027984e-08
     -2.950485e-08
     -2.876581e-08
     -2.806072e-08
     -2.738772e-08
     -2.674510e-08
     -2.613124e-08
     -2.554461e-08
     -2.498382e-08
     -2.444753e-08
     -2.393451e-08
     -2.344359e-08
     -2.297368e-08
     -2.252377e-08
     -2.209290e-08
     -2.168015e-08
     -2.128469e-08
     -2.090571e-08
     -2.054247e-08
     -2.019426e-08
     -1.986042e-08
     -1.954032e-08
     -1.923336e-08
     -1.893900e-08
     -1.865671e-08
     -1.838599e-08
     -1.812637e-08
     -1.787742e-08
     -1.763871e-08
     -1.740985e-08
     -1.719046e-08
     -1.698020e-08
     -1.677873e-08
     -1.658574e-08
     -1.640092e-08
     -1.622400e-08
     -1.605470e-08
     -1.589278e-08
     -1.573798e-08
     -1.559010e-08
     -1.544891e-08
     -1.531421e-08
     -1.518580e-08
     -1.506351e-08
     -1.494716e-08
     -1.483659e-08
     -1.473165e-08
     -1.463218e-08
     -1.453805e-08
     -1.444914e-08
     -1.436531e-08
     -1.428645e-08
     -1.421245e-08
     -1.414321e-08
     -1.407864e-08
     -1.401862e-08
     -1.396309e-08
     -1.391196e-08
     -1.386515e-08
     -1.382259e-08
     -1.378421e-08
     -1.374996e-08
     -1.371976e-08
     -1.369357e-08
     -1.367132e-08
     -1.365299e-08
     -1.363851e-08
     -1.362784e-08
     -1.362096e-08
     -1.361781e-08
     -1.361836e-08
     -1.362259e-08
     -1.363046e-08
     -1.364194e-08
     -1.365701e-08
     -1.367564e-08
     -1.369780e-08
     -1.372347e-08
     -1.375263e-08
     -1.378526e-08
     -1.382133e-08
     -1.386081e-08
     -1.390369e-08
     -1.394994e-08
     -1.399953e-08
     -1.405243e-08
     -1.410862e-08
     -1.416804e-08
     -1.423068e-08
     -1.429648e-08
     -1.436540e-08
     -1.443738e-08
     -1.451236e-08
     -1.459028e-08
     -1.467106e-08
     -1.475461e-08
     -1.484084e-08
     -1.492964e-08
     -1.484084e-08
     -1.475461e-08
     -1.467106e-08
     -1.459028e-08
     -1.451236e-08
     -1.443738e-08
     -1.436540e-08
     -1.429648e-08
     -1.423068e-08
     -1.416804e-08
     -1.410862e-08
     -1.405243e-08
     -1.399953e-08
     -1.394994e-08
     -1.390369e-08
     -1.386081e-08
     -1.382133e-08
     -1.378526e-08
     -1.375263e-08
     -1.372347e-08
     -1.369780e-08
     -1.367564e-08
     -1.365701e-08
     -1.364194e-08
     -1.363046e-08
     -1.362259e-08
     -1.361836e-08
     -1.361781e-08
     -1.362096e-08
     -1.362784e-08
     -1.363851e-08
     -1.365299e-08
     -1.367132e-08
     -1.369357e-08
     -1.371976e-08
     -1.374996e-08
     -1.378421e-08
     -1.382259e-08
     -1.386515e-08
     -1.391196e-08
     -1.396309e-08
     -1.401862e-08
     -1.407864e-08
     -1.414321e-08
     -1.421245e-08
     -1.428645e-08
     -1.436531e-08
     -1.444914e-08
     -1.453805e-08
     -1.463218e-08
     -1.473165e-08
     -1.483659e-08
     -1.494716e-08
     -1.506351e-08
     -1.518580e-08
     -1.531421e-08
     -1.544891e-08
     -1.559010e-08
     -1.573798e-08
     -1.589278e-08
     -1.605470e-08
     -1.622400e-08
     -1.640092e-08
     -1.658574e-08
     -1.677873e-08
     -1.698020e-08
     -1.719046e-08
     -1.740985e-08
     -1.763871e-08
     -1.787742e-08
     -1.812637e-08
     -1.838599e-08
     -1.865671e-08
     -1.893900e-08
     -1.923336e-08
     -1.954032e-08
     -1.986042e-08
     -2.019426e-08
     -2.054247e-08
     -2.090571e-08
     -2.128469e-08
     -2.168015e-08
     -2.209290e-08
     -2.252377e-08
     -2.297368e-08
     -2.344359e-08
     -2.393451e-08
     -2.444753e-08
     -2.498382e-08
     -2.554461e-08
     -2.613124e-08
     -2.674510e-08
     -2.738772e-08
     -2.806072e-08
     -2.876581e-08
     -2.950485e-08
     -3.027984e-08
     -3.109290e-08
     -3.194631e-08
     -3.284254e-08
     -3.378423e-08
     -3.477420e-08
     -3.581553e-08
     -3.691151e-08
     -3.806569e-08
     -3.928189e-08
     -4.056427e-08
     -4.191729e-08
     -4.334579e-08
     -4.485501e-08
     -4.645063e-08
     -4.813880e-08
     -4.992620e-08
     -5.182009e-08
     -5.382835e-08
     -5.595955e-08
     -5.822306e-08
     -6.062903e-08
     -6.318859e-08
     -6.591384e-08
     -6.881804e-08
     -7.191564e-08
     -7.522249e-08
     -7.875593e-08
     -8.253493e-08
     -8.658032e-08
     -9.091492e-08
     -9.556381e-08
     -1.005545e-07
     -1.059172e-07
     -1.116850e-07
     -1.178946e-07
     -1.245859e-07
     -1.318030e-07
     -1.395944e-07
     -1.480132e-07
     -1.571178e-07
     -1.669722e-07
     -1.776465e-07
     -1.892175e-07
     -2.017692e-07
     -2.153929e-07
     -2.301883e-07
     -2.462631e-07
     -2.637340e-07
     -2.827265e-07
     -3.033752e-07
     -3.258231e-07
     -3.502217e-07
     -3.767299e-07
     -4.055125e-07
     -4.367390e-07
     -4.705809e-07
     -5.072086e-07
     -5.467881e-07
     -5.894760e-07
     -6.354150e-07
     -6.847271e-07
     -7.375080e-07
     -7.938197e-07
     -8.536834e-07
     -9.170727e-07
     -9.839076e-07
     -1.054049e-06
     -1.127293e-06
     -1.203373e-06
     -1.281956e-06
     -1.362646e-06
     -1.444993e-06
     -1.528494e-06
     -1.612611e-06
     -1.696776e-06
     -1.780409e-06
     -1.862930e-06
     -1.943773e-06
     -2.022401e-06
     -2.098314e-06
     -2.171062e-06
     -2.240251e-06
     -2.305550e-06
     -2.366692e-06
     -2.423477e-06
     -2.475768e-06
     -2.523489e-06
     -2.566623e-06
     -2.605204e-06
     -2.639310e-06
     -2.669060e-06
     -2.694605e-06
     -2.716124e-06
     -2.733813e-06
     -2.747886e-06
     -2.758567e-06
     -2.766086e-06
     -2.770672e-06
     -2.772557e-06
     -2.771966e-06
     -2.769120e-06
     -2.764231e-06
     -2.757504e-06
     -2.749130e-06
     -2.739295e-06
     -2.728171e-06
     -2.715920e-06
     -2.702692e-06
     -2.688628e-06
     -2.673858e-06
     -2.658502e-06
     -2.642671e-06
     -2.626465e-06
     -2.609979e-06
     -2.593297e-06
     -2.576496e-06
     -2.559646e-06
     -2.542812e-06
     -2.526051e-06
     -2.509416e-06
     -2.492955e-06
     -2.476708e-06
     -2.460716e-06
     -2.445012e-06
     -2.429626e-06
     -2.414588e-06
     -2.399921e-06
     -2.385646e-06
     -2.371785e-06
     -2.358354e-06
     -2.345369e-06
     -2.332844e-06
     -2.320790e-06
     -2.309220e-06
     -2.298141e-06
     -2.287564e-06
     -2.277495e-06
     -2.267942e-06
     -2.258911e-06
     -2.250407e-06
     -2.242435e-06
     -2.235001e-06
     -2.228108e-06
     -2.221761e-06
     -2.215963e-06
     -2.210718e-06
     -2.206031e-06
     -2.201904e-06
     -2.198341e-06
     -2.195347e-06
     -2.192925e-06
     -2.191079e-06
     -2.189814e-06
     -2.189135e-06
     -2.189045e-06
     -2.189552e-06
     -2.190659e-06
     -2.192373e-06
     -2.194700e-06
     -2.197648e-06
     -2.201223e-06
     -2.205434e-06
     -2.210288e-06
     -2.215795e-06
     -2.221964e-06
     -2.228805e-06
     -2.236330e-06
     -2.244549e-06
     -2.253476e-06
     -2.263123e-06
     -2.273504e-06
     -2.284634e-06
     -2.296529e-06
     -2.309205e-06
     -2.322680e-06
     -2.336973e-06
     -2.352104e-06
     -2.368093e-06
     -2.384963e-06
     -2.402737e-06
     -2.421440e-06
     -2.441098e-06
     -2.461739e-06
     -2.483393e-06
     -2.506089e-06
     -2.529861e-06
     -2.554743e-06
     -2.580773e-06
     -2.607987e-06
     -2.636427e-06
     -2.666137e-06
     -2.697160e-06
     -2.729546e-06
     -2.763345e-06
     -2.798611e-06
     -2.835400e-06
     -2.873772e-06
     -2.913792e-06
     -2.955525e-06
     -2.999043e-06
     -3.044421e-06
     -3.091739e-06
     -3.141081e-06
     -3.192537e-06
     -3.246202e-06
     -3.302176e-06
     -3.360567e-06
     -3.421487e-06
     -3.485057e-06
     -3.551405e-06
     -3.620668e-06
     -3.692991e-06
     -3.768527e-06
     -3.847442e-06
     -3.929910e-06
     -4.016118e-06
     -4.106265e-06
     -4.200564e-06
     -4.299242e-06
     -4.402543e-06
     -4.510725e-06
     -4.624068e-06
     -4.742869e-06
     -4.867447e-06
     -4.998145e-06
     -5.135331e-06
     -5.279399e-06
     -5.430773e-06
     -5.589911e-06
     -5.757304e-06
     -5.933481e-06
     -6.119013e-06
     -6.314517e-06
     -6.520658e-06
     -6.738154e-06
     -6.967784e-06
     -7.210390e-06
     -7.466885e-06
     -7.738257e-06
     -8.025580e-06
     -8.330020e-06
     -8.652845e-06
     -8.995435e-06
     -9.359291e-06
     -9.746050e-06
     -1.015750e-05
     -1.059558e-05
     -1.106243e-05
     -1.156036e-05
     -1.209194e-05
     -1.265993e-05
     -1.326740e-05
     -1.391770e-05
     -1.461448e-05
     -1.536179e-05
     -1.616403e-05
     -1.702608e-05
     -1.795326e-05
     -1.895144e-05
     -2.002706e-05
     -2.118721e-05
     -2.243967e-05
     -2.379298e-05
     -2.525653e-05
     -2.684061e-05
     -2.855649e-05
     -3.041652e-05
     -3.243418e-05
     -3.462417e-05
     -3.700248e-05
     -3.958647e-05
     -4.239488e-05
     -4.544788e-05
     -4.876709e-05
     -5.237553e-05
     -5.629752e-05
     -6.055862e-05
     -6.518533e-05
     -7.020488e-05
     -7.564484e-05
     -8.153262e-05
     -8.789488e-05
     -9.475682e-05
     -1.021413e-04
     -1.100681e-04
     -1.185524e-04
     -1.276042e-04
     -1.372268e-04
     -1.474161e-04
     -1.581589e-04
     -1.694328e-04
     -1.812051e-04
     -1.934326e-04
     -2.060615e-04
     -2.190280e-04
     -2.322594e-04
     -2.456747e-04
     -2.591868e-04
     -2.727042e-04
     -2.861333e-04
     -2.993802e-04
     -3.123537e-04
     -3.249667e-04
     -3.371385e-04
     -3.487959e-04
     -3.598754e-04
     -3.703228e-04
     -3.800948e-04
     -3.891585e-04
     -3.974913e-04
     -4.050804e-04
     -4.119223e-04
     -4.180218e-04
     -4.233910e-04
     -4.280482e-04
     -4.320171e-04
     -4.353256e-04
     -4.380049e-04
     -4.400887e-04
     -4.416122e-04
     -4.426117e-04
     -4.431236e-04
     -4.431843e-04
     -4.428296e-04
     -4.420941e-04
     -4.410113e-04
     -4.396134e-04
     -4.379307e-04
     -4.359922e-04
     -4.338250e-04
     -4.314542e-04
     -4.289036e-04
     -4.261950e-04
     -4.233485e-04
     -4.203829e-04
     -4.173151e-04
     -4.141608e-04
     -4.109341e-04
     -4.076481e-04
     -4.043143e-04
     -4.009436e-04
     -3.975452e-04
     -3.941280e-04
     -3.906994e-04
     -3.872664e-04
     -3.838351e-04
     -3.804108e-04
     -3.769985e-04
     -3.736021e-04
     -3.702255e-04
     -3.668718e-04
     -3.635437e-04
     -3.602437e-04
     -3.569737e-04
     -3.537355e-04
     -3.505304e-04
     -3.473595e-04
     -3.442239e-04
     -3.411241e-04
     -3.380608e-04
     -3.350343e-04
     -3.320447e-04
     -3.290921e-04
     -3.261766e-04
     -3.232979e-04
     -3.204559e-04
     -3.176502e-04
     -3.148803e-04
     -3.121460e-04
     -3.094467e-04
     -3.067818e-04
     -3.041508e-04
     -3.015531e-04
     -2.989880e-04
     -2.964548e-04
     -2.939530e-04
     -2.914817e-04
     -2.890403e-04
     -2.866281e-04
     -2.842443e-04
     -2.818882e-04
     -2.795591e-04
     -2.772562e-04
     -2.749789e-04
     -2.727263e-04
     -2.704978e-04
     -2.682926e-04
     -2.661100e-04
     -2.639493e-04
     -2.618097e-04
     -2.596907e-04
     -2.575914e-04
     -2.555112e-04
     -2.534495e-04
     -2.514054e-04
     -2.493784e-04
     -2.473678e-04
     -2.453729e-04
     -2.433931e-04
     -2.414278e-04
     -2.394763e-04
     -2.375380e-04
     -2.356123e-04
     -2.336986e-04
     -2.317962e-04
     -2.299047e-04
     -2.280233e-04
     -2.261516e-04
     -2.242889e-04
     -2.224347e-04
     -2.205885e-04
     -2.187497e-04
     -2.169177e-04
     -2.150921e-04
     -2.132723e-04
     -2.114577e-04
     -2.096479e-04
     -2.078423e-04
     -2.060405e-04
     -2.042419e-04
     -2.024461e-04
     -2.006525e-04
     -1.988606e-04
     -1.970700e-04
     -1.952802e-04
     -1.934906e-04
     -1.917008e-04
     -1.899102e-04
     -1.881184e-04
     -1.863249e-04
     -1.845291e-04
     -1.827305e-04
     -1.809285e-04
     -1.791227e-04
     -1.773125e-04
     -1.754972e-04
     -1.736763e-04
     -1.718492e-04
     -1.700151e-04
     -1.681735e-04
     -1.663237e-04
     -1.644648e-04
     -1.625962e-04
     -1.607169e-04
     -1.588262e-04
     -1.569232e-04
     -1.550068e-04
     -1.530761e-04
     -1.511299e-04
     -1.491671e-04
     -1.471864e-04
     -1.451866e-04
     -1.431662e-04
     -1.411236e-04
     -1.390574e-04
     -1.369657e-04
     -1.348466e-04
     -1.326982e-04
     -1.305183e-04
     -1.283046e-04
     -1.260546e-04
     -1.237655e-04
     -1.214346e-04
     -1.190586e-04
     -1.166343e-04
     -1.141579e-04
     -1.116256e-04
     -1.090331e-04
     -1.063759e-04
     -1.036489e-04
     -1.008469e-04
     -9.796408e-05
     -9.499410e-05
     -9.193022e-05
     -8.876506e-05
     -8.549067e-05
     -8.209838e-05
     -7.857883e-05
     -7.492184e-05
     -7.111638e-05
     -6.715047e-05
     -6.301111e-05
     -5.868421e-05
     -5.415449e-05
     -4.940535e-05
     -4.441883e-05
     -3.917547e-05
     -3.365423e-05
     -2.783236e-05
     -2.168532e-05
     -1.518670e-05
     -8.308127e-06
     -1.019194e-06
      6.712547e-06
      1.492160e-05
      2.364446e-05
      3.291953e-05
      4.278692e-05
      5.328816e-05
      6.446585e-05
      7.636310e-05
      8.902288e-05
      1.024872e-04
      1.167960e-04
      1.319860e-04
      1.480893e-04
      1.651317e-04
      1.831307e-04
      2.020939e-04
      2.220169e-04
      2.428809e-04
      2.646515e-04
      2.872762e-04
      3.106837e-04
      3.347829e-04
      3.594626e-04
      3.845920e-04
      4.100224e-04
      4.355889e-04
      4.611137e-04
      4.864096e-04
      5.112846e-04
      5.355459e-04
      5.590049e-04
      5.814821e-04
      6.028110e-04
      6.228417e-04
      6.414445e-04
      6.585115e-04
      6.739585e-04
      6.877250e-04
      6.997744e-04
      7.100927e-04
      7.186870e-04
      7.255836e-04
      7.308258e-04
      7.344711e-04
      7.365888e-04
      7.372579e-04
      7.365642e-04
      7.345982e-04
      7.314534e-04
      7.272245e-04
      7.220056e-04
      7.158894e-04
      7.089659e-04
      7.013216e-04
      6.930392e-04
      6.841966e-04
      6.748674e-04
      6.651201e-04
      6.550183e-04
      6.446208e-04
      6.339814e-04
      6.231496e-04
      6.121701e-04
      6.010838e-04
      5.899272e-04
      5.787334e-04
      5.675319e-04
      5.563490e-04
      5.452079e-04
      5.341292e-04
      5.231310e-04
      5.122292e-04
      5.014373e-04
      4.907671e-04
      4.802289e-04
      4.698310e-04
      4.595807e-04
      4.494839e-04
      4.395454e-04
      4.297690e-04
      4.201575e-04
      4.107132e-04
      4.014373e-04
      3.923308e-04
      3.833940e-04
      3.746265e-04
      3.660277e-04
      3.575968e-04
      3.493323e-04
      3.412328e-04
      3.332964e-04
      3.255211e-04
      3.179048e-04
      3.104452e-04
      3.031399e-04
      2.959864e-04
      2.889822e-04
      2.821246e-04
      2.754109e-04
      2.688386e-04
      2.624049e-04
      2.561072e-04
      2.499427e-04
      2.439087e-04
      2.380027e-04
      2.322220e-04
      2.265639e-04
      2.210260e-04
      2.156057e-04
      2.103004e-04
      2.051078e-04
      2.000255e-04
      1.950510e-04
      1.901821e-04
      1.854165e-04
      1.807519e-04
      1.761863e-04
      1.717174e-04
      1.673432e-04
      1.630616e-04
      1.588707e-04
      1.547686e-04
      1.507532e-04
      1.468229e-04
      1.429757e-04
      1.392099e-04
      1.355238e-04
      1.319158e-04
      1.283841e-04
      1.249273e-04
      1.215437e-04
      1.182318e-04
      1.149902e-04
      1.118175e-04
      1.087122e-04
      1.056729e-04
      1.026985e-04
      9.978750e-05
      9.693875e-05
      9.415101e-05
      9.142311e-05
      8.875389e-05
      8.614222e-05
      8.358704e-05
      8.108728e-05
      7.864191e-05
      7.624995e-05
      7.391042e-05
      7.162239e-05
      6.938494e-05
      6.719720e-05
      6.505830e-05
      6.296741e-05
      6.092372e-05
      5.892644e-05
      5.697483e-05
      5.506813e-05
      5.320563e-05
      5.138663e-05
      4.961045e-05
      4.787644e-05
      4.618395e-05
      4.453236e-05
      4.292107e-05
      4.134949e-05
      3.981703e-05
      3.832314e-05
      3.686726e-05
      3.544887e-05
      3.406743e-05
      3.272242e-05
      3.141335e-05
      3.013971e-05
      2.890101e-05
      2.769678e-05
      2.652652e-05
      2.538978e-05
      2.428608e-05
      2.321496e-05
      2.217595e-05
      2.116861e-05
      2.019246e-05
      1.924705e-05
      1.833193e-05
      1.744664e-05
      1.659071e-05
      1.576369e-05
      1.496512e-05
      1.419452e-05
      1.345143e-05
      1.273538e-05
      1.204589e-05
      1.138247e-05
      1.074466e-05
      1.013195e-05
      9.543852e-06
      8.979870e-06
      8.439499e-06
      7.922232e-06
      7.427555e-06
      6.954953e-06
      6.503903e-06
      6.073880e-06
      5.664355e-06
      5.274794e-06
      4.904660e-06
      4.553415e-06
      4.220516e-06
      3.905419e-06
      3.607578e-06
      3.326448e-06
      3.061479e-06
      2.812125e-06
      2.577839e-06
      2.358075e-06
      2.152290e-06
      1.959941e-06
      1.780490e-06
      1.613403e-06
      1.458147e-06
      1.314198e-06
      1.181036e-06
      1.058145e-06
      9.450189e-07
      8.411572e-07
      7.460678e-07
      6.592669e-07
      5.802798e-07
      5.086414e-07
      4.438965e-07
      3.856006e-07
      3.333204e-07
      2.866338e-07
      2.451312e-07
      2.084153e-07
      1.761017e-07
      1.478199e-07
      1.232132e-07
      1.019399e-07
      8.367323e-08
      6.810243e-08
      5.493317e-08
      4.388816e-08
      3.470774e-08
      2.715037e-08
      2.099308e-08
      1.603175e-08
      1.208126e-08
      8.975453e-09
      6.566844e-09
      4.726125e-09
      3.341430e-09
      2.317355e-09
      1.573789e-09
      1.044568e-09
      6.760123e-10
      4.253990e-10
      2.594164e-10
      1.526636e-10
      8.623453e-11
      4.642439e-11
      2.358477e-11
      1.114109e-11
      4.775877e-12
      1.772026e-12
      5.030961e-13
      5.264898e-14
     -5.794626e-14
     -5.464947e-14
     -2.937769e-14
     -1.063550e-14
     -1.768862e-15
      8.690122e-16
      9.329365e-16
      4.406874e-16
      9.816156e-17
     -2.502071e-17
     -3.386879e-17
     -1.475197e-17
     -1.776197e-18
      1.835611e-18
      1.288237e-18
      3.031455e-19
     -9.219804e-20
     -9.850097e-20
     -2.717211e-20
      6.151845e-21
      7.399383e-21
      1.823092e-21
     -6.158337e-22
     -5.405785e-22
     -7.955636e-23
      6.666954e-23
      3.439045e-23
     -1.022144e-24
     -6.040035e-24
     -1.445002e-24
      6.276581e-25
      3.850257e-25
     -1.508717e-26
     -6.484010e-26
     -1.035318e-26
      8.312600e-27
      3.029406e-27
     -8.112968e-28
     -5.820668e-28
      4.690180e-29
      9.347716e-29
      2.982126e-30
     -1.360055e-29
     -1.570805e-30
      1.875193e-30
      3.403164e-31
     -2.531053e-31
     -5.806369e-32
      3.428915e-32
      8.693974e-33
     -4.735763e-33
     -1.176022e-33
      6.688139e-34
      1.426055e-34
     -9.561354e-35
     -1.469109e-35
      1.356234e-35
      1.045012e-36
     -1.859073e-36
      2.252870e-38
      2.383177e-37
     -2.770010e-38
     -2.724657e-38
      6.841645e-39
      2.526079e-39
     -1.208399e-39
     -1.329818e-40
      1.697418e-40
     -1.198343e-41
     -1.851558e-41
      4.839306e-42
      1.290661e-42
     -8.338067e-43
      2.090038e-44
      9.338685e-44
     -2.336456e-44
     -5.401421e-45
      3.985245e-45
     -3.687841e-46
     -3.587748e-46
      1.359388e-46
      3.501789e-48
     -1.612774e-47
      4.211304e-48
      5.436548e-49
     -6.236273e-49
      1.322788e-49
      2.584067e-50
     -2.249744e-50
      4.621339e-51
      8.382426e-52
     -7.735255e-52
      1.817522e-52
      1.598063e-53
     -2.459138e-53
      7.416399e-54
     -2.666105e-55
     -6.519825e-55
      2.797822e-55
     -4.481808e-56
     -9.975457e-57
      8.502831e-57
     -2.526606e-57
      2.250676e-58
      1.505191e-58
     -8.666739e-59
      2.337545e-59
     -2.056980e-60
     -1.300570e-60
      7.853512e-61
     -2.390636e-61
      3.796877e-62
      4.300616e-63
     -5.553046e-63
      2.282976e-63
     -6.069396e-64
      9.236542e-65
      8.614455e-66
     -1.259299e-65
      5.635030e-66
     -1.780667e-66
      4.285846e-67
     -6.905667e-68
     -6.308759e-70
      6.267622e-69
     -3.310834e-69
      1.261224e-69
     -4.097454e-70
      1.200231e-70
     -3.254321e-71
      8.290599e-72
     -2.003435e-72
      4.622519e-73
     -1.023236e-73
      2.180966e-74
     -4.488926e-75
      8.942512e-76
     -1.727526e-76
      3.241354e-77
     -5.914887e-78
      1.050945e-78
     -1.819915e-79
      3.074139e-80
     -5.068842e-81
      8.163406e-82
     -1.284793e-82
      1.976856e-83
     -2.974666e-84
      4.378473e-85
     -6.305006e-86
      8.882520e-87
     -1.224135e-87
      1.649888e-88
     -2.173798e-89
      2.797872e-90
     -3.514341e-91
      4.301670e-92
     -5.120292e-93
      5.908457e-94
     -6.578686e-95
      7.015380e-96
     -7.074212e-97
      6.583851e-98
     -5.350494e-99
     3.165451e-100
     1.842198e-102
    -4.902348e-102
     1.116827e-102
    -1.912038e-103
     2.884001e-104
    -4.033690e-105
     5.353787e-106
    -6.828003e-107
     8.430945e-108
    -1.012860e-108
     1.187947e-109
    -1.363625e-110
     1.534802e-111
    -1.696279e-112
     1.843016e-113
    -1.970399e-114
     2.074477e-115
    -2.152166e-116
     2.201394e-117
    -2.221182e-118
     2.211660e-119
    -2.174015e-120
     2.110384e-121
    -2.023697e-122
     1.917487e-123
    -1.795685e-124
     1.662408e-125
    -1.521758e-126
     1.377651e-127
    -1.233664e-128
     1.092931e-129
    -9.580664e-131
     8.311342e-132
    -7.136428e-133
     6.065732e-134
    -5.104271e-135
     4.252901e-136
    -3.509041e-137
     2.867421e-138
    -2.320816e-139
     1.860718e-140
    -1.477930e-141
     1.163058e-142
    -9.069088e-144
     7.007744e-145
    -5.366393e-146
     4.072980e-147
    -3.064095e-148
     2.284999e-149
    -1.689261e-150
     1.238128e-151
    -8.997539e-153
     6.483376e-154
    -4.632627e-155
     3.282694e-156
    -2.306951e-157
     1.607972e-158
    -1.111672e-159
     7.623589e-161
    -5.186228e-162
     3.500079e-163
    -2.343487e-164
     1.556786e-165
    -1.026125e-166
     6.711189e-168
    -4.355603e-169
     2.805231e-170
    -1.793006e-171
     1.137387e-172
    -7.160926e-174
     4.474908e-175
    -2.775703e-176
     1.709051e-177
    -1.044598e-178
     6.338320e-180
    -3.818110e-181
     2.283441e-182
    -1.355864e-183
     7.993640e-185
    -4.679425e-186
     2.720048e-187
    -1.570050e-188
     8.999521e-190
    -5.122835e-191
     2.896024e-192
    -1.625961e-193
     9.066716e-195
    -5.021534e-196
     2.762386e-197
    -1.509414e-198
     8.192622e-200
    -4.417149e-201
     2.365810e-202
    -1.258780e-203
     6.653744e-205
    -3.494150e-206
     1.823012e-207
    -9.449807e-209
     4.866926e-210
    -2.490563e-211
     1.266379e-212
    -6.398317e-214
     3.212297e-215
    -1.602601e-216
     7.945239e-218
    -3.914460e-219
     1.916601e-220
    -9.326052e-222
     4.510051e-223
    -2.167672e-224
     1.035489e-225
    -4.916402e-227
     2.320120e-228
    -1.088291e-229
     5.074130e-231
    -2.351638e-232
     1.083382e-233
    -4.961412e-235
     2.258662e-236
    -1.022185e-237
     4.598851e-239
    -2.056936e-240
     9.146458e-242
    -4.043481e-243
     1.777204e-244
    -7.766183e-246
     3.374238e-247
    -1.457640e-248
     6.260948e-250
    -2.673955e-251
     1.135536e-252
    -4.795001e-254
     2.013382e-255
    -8.406628e-257
     3.490468e-258
    -1.441186e-259
     5.917506e-261
    -2.416284e-262
     9.811956e-264
    -3.962501e-265
     1.591465e-266
    -6.356916e-268
     2.525370e-269
    -9.977920e-271
     3.921021e-272
    -1.532532e-273
     5.957703e-275
    -2.303636e-276
     8.859753e-278
    -3.389295e-279
     1.289686e-280
    -4.881493e-282
     1.837900e-283
    -6.883326e-285
     2.564418e-286
    -9.503861e-288
     3.503794e-289
    -1.285022e-290
     4.688382e-292
    -1.701695e-293
     6.144594e-295
    -2.207312e-296
     7.888589e-298
    -2.804828e-299
     9.921802e-301
    -3.491871e-302
     1.222686e-303
    -4.259581e-305
     1.476454e-306
    -5.091894e-308
     1.747235e-309
    -5.965425e-311
     2.026539e-312
    -6.850116e-314
     2.303963e-315
    -7.710690e-317
     2.567763e-318
    -8.510281e-320
     2.811234e-321
    -8.399116e-323
      0.000000e+00
      0.000000e+00
      0.000000e+00
      0.000000e+00
      0.000000e+00
      0.000000e+00
      0.000000e+00
      0.000000e+00
      0.000000e+00
      0.000000e+00
      0.000000e+00
      0.000000e+00
      0.000000e+00
      0.000000e+00
      0.000000e+00
      0.000000e+00
      0.000000e+00
      0.000000e+00
      0.000000e+00
      0.000000e+00
      0.000000e+00
      0.000000e+00
      0.000000e+00
      0.000000e+00
      0.000000e+00
      0.000000e+00
      0.000000e+00
      0.000000e+00
      0.000000e+00
      0.000000e+00
      0.000000e+00
      0.000000e+00
      0.000000e+00
      0.000000e+00
      0.000000e+00
      0.000000e+00
      0.000000e+00
      0.000000e+00
      0.000000e+00
      0.000000e+00
      0.000000e+00
      0.000000e+00
      0.000000e+00
      0.000000e+00
      0.000000e+00
      0.000000e+00
      0.000000e+00
      0.000000e+00
      0.000000e+00
      0.000000e+00
      0.000000e+00
      0.000000e+00
      0.000000e+00
      0.000000e+00
      0.000000e+00
      0.000000e+00
      0.000000e+00
      0.000000e+00
      0.000000e+00
      0.000000e+00
      0.000000e+00
      0.000000e+00
      0.000000e+00
      0.000000e+00
      0.000000e+00
      0.000000e+00
      0.000000e+00
      0.000000e+00
      0.000000e+00
      0.000000e+00
      0.000000e+00
      0.000000e+00
      0.000000e+00
      0.000000e+00
      0.000000e+00
      0.000000e+00
      0.000000e+00
      0.000000e+00
      0.000000e+00
      0.000000e+00
      0.000000e+00
      0.000000e+00
      0.000000e+00
      0.000000e+00
      0.000000e+00
      0.000000e+00
      0.000000e+00
      0.000000e+00
      0.000000e+00
      0.000000e+00
      0.000000e+00
      0.000000e+00
      0.000000e+00
      0.000000e+00
      0.000000e+00
      0.000000e+00
      0.000000e+00
      0.000000e+00
      0.000000e+00
      0.000000e+00
      0.000000e+00
      0.000000e+00
      0.000000e+00
      0.000000e+00
      0.000000e+00
      0.000000e+00
      0.000000e+00
      0.000000e+00
      0.000000e+00
      0.000000e+00
      0.000000e+00
      0.000000e+00
      0.000000e+00
      0.000000e+00
      0.000000e+00
      0.000000e+00
      0.000000e+00
      0.000000e+00
      0.000000e+00
      0.000000e+00
      0.000000e+00
      0.000000e+00
      0.000000e+00
      0.000000e+00
      0.000000e+00
      0.000000e+00
      0.000000e+00
      0.000000e+00
      0.000000e+00
      0.000000e+00
      0.000000e+00
      0.000000e+00
      0.000000e+00
      0.000000e+00
      0.000000e+00
      0.000000e+00
      0.000000e+00
      0.000000e+00
      0.000000e+00
      0.000000e+00
      0.000000e+00
      0.000000e+00
      0.000000e+00
      0.000000e+00
      0.000000e+00
      0.000000e+00
      0.000000e+00
      0.000000e+00
      0.000000e+00
      0.000000e+00
      0.000000e+00
      0.000000e+00
      0.000000e+00
      0.000000e+00
      0.000000e+00
      0.000000e+00
      0.000000e+00
      0.000000e+00
      0.000000e+00
      0.000000e+00
      0.000000e+00
      0.000000e+00
      0.000000e+00
      0.000000e+00
      0.000000e+00
      0.000000e+00
      0.000000e+00
      0.000000e+00
      0.000000e+00
      0.000000e+00
      0.000000e+00
      0.000000e+00
      0.000000e+00
      0.000000e+00
      0.000000e+00
      0.000000e+00
      0.000000e+00
      0.000000e+00
      0.000000e+00
      0.000000e+00
      0.000000e+00
      0.000000e+00
      0.000000e+00
      0.000000e+00
      0.000000e+00
      0.000000e+00
      0.000000e+00
      0.000000e+00
      0.000000e+00
      0.000000e+00
      0.000000e+00
      0.000000e+00
      0.000000e+00
      0.000000e+00
      0.000000e+00
      0.000000e+00
      0.000000e+00
      0.000000e+00
      0.000000e+00
      0.000000e+00
      0.000000e+00
      0.000000e+00
      0.000000e+00
      0.000000e+00
      0.000000e+00
      0.000000e+00
      0.000000e+00
      0.000000e+00
      0.000000e+00
      0.000000e+00
      0.000000e+00
      0.000000e+00
      0.000000e+00
      0.000000e+00
      0.000000e+00
      0.000000e+00
      0.000000e+00
      0.000000e+00
      0.000000e+00
      0.000000e+00
      0.000000e+00
      0.000000e+00
      0.000000e+00
      0.000000e+00
      0.000000e+00
      0.000000e+00
      0.000000e+00
      0.000000e+00
      0.000000e+00
      0.000000e+00
      0.000000e+00
      0.000000e+00
      0.000000e+00
      0.000000e+00
      0.000000e+00
      0.000000e+00
      0.000000e+00
      0.000000e+00
      0.000000e+00
      0.000000e+00
      0.000000e+00
      0.000000e+00
      0.000000e+00
      0.000000e+00
      0.000000e+00
      0.000000e+00
      0.000000e+00
      0.000000e+00
      0.000000e+00
      0.000000e+00
      0.000000e+00
      0.000000e+00
      0.000000e+00
      0.000000e+00
      0.000000e+00
      0.000000e+00
      0.000000e+00
      0.000000e+00
      0.000000e+00
      0.000000e+00
      0.000000e+00
      0.000000e+00
      0.000000e+00
      0.000000e+00
      0.000000e+00
      0.000000e+00
      0.000000e+00
      0.000000e+00
      0.000000e+00
      0.000000e+00
      0.000000e+00
      0.000000e+00
      0.000000e+00
      0.000000e+00
      0.000000e+00
      0.000000e+00
      0.000000e+00
      0.000000e+00
      0.000000e+00
      0.000000e+00
      0.000000e+00
      0.000000e+00
      0.000000e+00
      0.000000e+00
      0.000000e+00
      0.000000e+00
      0.000000e+00
      0.000000e+00
      0.000000e+00
      0.000000e+00
      0.000000e+00
      0.000000e+00
      0.000000e+00
      0.000000e+00
      0.000000e+00
      0.000000e+00
      0.000000e+00
      0.000000e+00
      0.000000e+00
      0.000000e+00
      0.000000e+00
      0.000000e+00
      0.000000e+00
      0.000000e+00
      0.000000e+00
      0.000000e+00
      0.000000e+00
      0.000000e+00
      0.000000e+00
      0.000000e+00
      0.000000e+00
      0.000000e+00
      0.000000e+00
      0.000000e+00
      0.000000e+00
      0.000000e+00
      0.000000e+00
      0.000000e+00
      0.000000e+00
      0.000000e+00
      0.000000e+00
      0.000000e+00
      0.000000e+00
      0.000000e+00
      0.000000e+00
      0.000000e+00
      0.000000e+00
      0.000000e+00
      0.000000e+00
      0.000000e+00
      0.000000e+00
      0.000000e+00
      0.000000e+00
      0.000000e+00
      0.000000e+00
      0.000000e+00
      0.000000e+00
      0.000000e+00
      0.000000e+00
      0.000000e+00
      0.000000e+00
      0.000000e+00
      0.000000e+00
      0.000000e+00
      0.000000e+00
      0.000000e+00
      0.000000e+00
      0.000000e+00
      0.000000e+00
      0.000000e+00
      0.000000e+00
      0.000000e+00
      0.000000e+00
      0.000000e+00
      0.000000e+00
      0.000000e+00
      0.000000e+00
      0.000000e+00
      0.000000e+00
      0.000000e+00
      0.000000e+00
      0.000000e+00
      0.000000e+00
      0.000000e+00
      0.000000e+00
      0.000000e+00
      0.000000e+00
      0.000000e+00
      0.000000e+00
      0.000000e+00
      0.000000e+00
      0.000000e+00
      0.000000e+00
      0.000000e+00
      0.000000e+00
      0.000000e+00
      0.000000e+00
      0.000000e+00
      0.000000e+00
      0.000000e+00
      0.000000e+00
      0.000000e+00
      0.000000e+00
      0.000000e+00
      0.000000e+00
      0.000000e+00
      0.000000e+00
      0.000000e+00
      0.000000e+00
      0.000000e+00
      0.000000e+00
      0.000000e+00
      0.000000e+00
      0.000000e+00
      0.000000e+00
      0.000000e+00
      0.000000e+00
      0.000000e+00
