      0.000000e+00
      0.000000e+00
     -2.413282e-23
     -1.599675e-22
     -2.723833e-22
     -2.477019e-22
     -1.637052e-23
      3.800694e-22
      7.928270e-22
      1.046512e-21
      1.032807e-21
      7.387042e-22
      2.066573e-22
     -4.963318e-22
     -1.253674e-21
     -1.879614e-21
     -2.189480e-21
     -2.123982e-21
     -1.801923e-21
     -1.476895e-21
     -1.522455e-21
     -2.485210e-21
     -4.986939e-21
     -9.271142e-21
     -1.466979e-20
     -1.967287e-20
     -2.288433e-20
     -2.409656e-20
     -2.421066e-20
     -2.371567e-20
     -2.121142e-20
     -1.402038e-20
     -1.135104e-21
      1.401263e-20
      2.421255e-20
      2.310366e-20
      1.032133e-20
     -7.458248e-21
     -2.085365e-20
     -2.386379e-20
     -1.654082e-20
     -2.612370e-21
      1.463347e-20
      3.370309e-20
      5.267098e-20
      6.687796e-20
      7.023530e-20
      5.975782e-20
      3.917438e-20
      1.790409e-20
      5.620740e-21
      6.132156e-21
      1.468226e-20
      2.051349e-20
      1.345906e-20
     -9.177931e-21
     -4.002828e-20
     -6.585668e-20
     -7.646792e-20
     -7.216091e-20
     -6.378286e-20
     -6.458702e-20
     -7.963112e-20
     -1.012102e-19
     -1.148980e-19
     -1.121556e-19
     -9.882294e-20
     -9.098543e-20
     -1.005866e-19
     -1.232960e-19
     -1.400065e-19
     -1.311407e-19
     -9.170256e-20
     -3.546135e-20
      1.336099e-20
      3.388220e-20
      1.959499e-20
     -1.845838e-20
     -5.798488e-20
     -7.831332e-20
     -7.172671e-20
     -4.515738e-20
     -1.274442e-20
      1.159579e-20
      1.556031e-20
     -1.064465e-20
     -6.599866e-20
     -1.287483e-19
     -1.619382e-19
     -1.392375e-19
     -6.957542e-20
      7.532997e-21
      5.638592e-20
      7.617246e-20
      9.631184e-20
      1.403022e-19
      1.954185e-19
      2.198767e-19
      1.817443e-19
      9.308124e-20
      6.839924e-21
     -2.272929e-20
      1.695599e-20
      8.731431e-20
      1.307904e-19
      1.164645e-19
      5.991683e-20
      3.697801e-21
     -1.869133e-20
     -1.770900e-21
      4.001558e-20
      8.904657e-20
      1.296225e-19
      1.430983e-19
      1.101707e-19
      2.730381e-20
     -7.768152e-20
     -1.521473e-19
     -1.501939e-19
     -6.670950e-20
      5.562853e-20
      1.554075e-19
      1.948818e-19
      1.797781e-19
      1.413544e-19
      1.020003e-19
      5.985324e-20
      4.081576e-21
     -6.177445e-20
     -1.162773e-19
     -1.375928e-19
     -1.200249e-19
     -7.397261e-20
     -1.520662e-20
      4.326182e-20
      9.326204e-20
      1.310047e-19
      1.540732e-19
      1.553793e-19
      1.219974e-19
      4.787601e-20
     -4.754833e-20
     -1.182983e-19
     -1.194944e-19
     -4.294006e-20
      7.324361e-20
      1.707227e-19
      2.084533e-19
      1.813705e-19
      1.139252e-19
      4.336985e-20
      5.075065e-21
      1.933638e-20
      7.896282e-20
      1.474390e-19
      1.772573e-19
      1.402459e-19
      4.652113e-20
     -6.331261e-20
     -1.442231e-19
     -1.692365e-19
     -1.357560e-19
     -5.994469e-20
      3.147994e-20
      1.088827e-19
      1.476969e-19
      1.354745e-19
      7.580825e-20
     -1.056781e-20
     -8.864592e-20
     -1.221896e-19
     -9.813711e-20
     -4.506951e-20
     -2.004882e-20
     -6.277498e-20
     -1.554664e-19
     -2.324654e-19
     -2.375330e-19
     -1.745988e-19
     -1.002381e-19
     -6.563485e-20
     -6.865856e-20
     -6.462619e-20
     -2.049771e-20
      4.828541e-20
      9.722662e-20
      1.038169e-19
      9.166987e-20
      1.016529e-19
      1.437785e-19
      1.829648e-19
      1.724144e-19
      9.872840e-20
     -3.944827e-21
     -7.902875e-20
     -8.722263e-20
     -3.184041e-20
      4.395909e-20
      8.513659e-20
      6.133433e-20
     -1.278372e-20
     -8.996849e-20
     -1.260647e-19
     -1.086548e-19
     -5.691491e-20
      1.777678e-22
      4.365876e-20
      6.916387e-20
      8.121834e-20
      8.624181e-20
      8.672281e-20
      7.740608e-20
      4.811698e-20
     -5.248987e-21
     -7.072598e-20
     -1.234804e-19
     -1.418694e-19
     -1.214815e-19
     -7.402300e-20
     -1.431443e-20
      4.961513e-20
      1.138512e-19
      1.687671e-19
      1.954703e-19
      1.761134e-19
      1.118127e-19
      3.120539e-20
     -2.433437e-20
     -3.297771e-20
     -1.378350e-20
     -1.014550e-20
     -4.376351e-20
     -8.522071e-20
     -7.937349e-20
     -6.603284e-21
      8.569519e-20
      1.225125e-19
      7.462934e-20
     -1.426266e-20
     -7.858770e-20
     -1.021149e-19
     -1.269062e-19
     -1.917032e-19
     -2.765713e-19
     -3.214142e-19
     -2.932841e-19
     -2.182144e-19
     -1.422267e-19
     -7.809520e-20
     -8.969070e-21
      6.048344e-20
      8.203983e-20
      1.147040e-20
     -1.271110e-19
     -2.420490e-19
     -2.487973e-19
     -1.421813e-19
      5.379770e-21
      1.093872e-19
      1.329627e-19
      9.423662e-20
      3.665243e-20
      1.353276e-21
      1.469723e-20
      7.900680e-20
      1.646007e-19
      2.197687e-19
      2.042032e-19
      1.204325e-19
      1.133833e-20
     -7.563117e-20
     -1.225330e-19
     -1.422800e-19
     -1.524337e-19
     -1.533357e-19
     -1.330100e-19
     -8.961224e-20
     -4.312903e-20
     -2.067077e-20
     -3.010700e-20
     -5.187850e-20
     -6.021812e-20
     -5.156762e-20
     -4.803973e-20
     -7.072981e-20
     -1.116702e-19
     -1.356679e-19
     -1.121928e-19
     -4.709937e-20
      1.610482e-20
      2.834382e-20
     -2.584233e-20
     -1.152499e-19
     -1.867170e-19
     -2.057021e-19
     -1.765930e-19
     -1.283481e-19
     -8.701293e-20
     -6.552549e-20
     -7.302186e-20
     -1.185116e-19
     -1.951805e-19
     -2.668172e-19
     -2.860602e-19
     -2.371052e-19
     -1.570940e-19
     -1.040686e-19
     -9.793211e-20
     -9.806758e-20
     -4.797303e-20
      5.636934e-20
      1.497730e-19
      1.570606e-19
      6.962301e-20
     -4.183508e-20
     -9.350210e-20
     -6.538852e-20
     -1.145291e-20
      2.063018e-21
     -3.749766e-20
     -8.385135e-20
     -8.484418e-20
     -3.598041e-20
      1.677024e-20
      2.318411e-20
     -2.272375e-20
     -7.845340e-20
     -9.720261e-20
     -7.668835e-20
     -6.071484e-20
     -8.870680e-20
     -1.478174e-19
     -1.848509e-19
     -1.681625e-19
     -1.276307e-19
     -1.227455e-19
     -1.731739e-19
     -2.306682e-19
     -2.230511e-19
     -1.223017e-19
      2.936657e-20
      1.515746e-19
      1.811352e-19
      1.097851e-19
     -1.375483e-20
     -1.148075e-19
     -1.402822e-19
     -9.285596e-20
     -2.180353e-20
      2.318633e-20
      1.618660e-20
     -5.480784e-20
     -7.656882e-20
      3.358406e-19
      9.385995e-19
     -1.148528e-18
     -7.598746e-18
     -1.378147e-18
      5.206901e-17
      9.536154e-17
     -1.887000e-16
     -1.024210e-15
     -9.040038e-16
      4.763039e-15
      1.757632e-14
      1.465932e-14
     -7.275598e-14
     -3.054788e-13
     -4.796675e-13
      3.616141e-13
      4.209931e-12
      1.273521e-11
      2.143442e-11
      4.980760e-12
     -1.114166e-10
     -4.997234e-10
     -1.499820e-09
     -3.715463e-09
     -8.135747e-09
     -1.628061e-08
     -3.036743e-08
     -5.349422e-08
     -8.983382e-08
     -1.448320e-07
     -2.254012e-07
     -3.401025e-07
     -4.993045e-07
     -7.153133e-07
     -1.002463e-06
     -1.377159e-06
     -1.857874e-06
     -2.465075e-06
     -3.221105e-06
     -4.149990e-06
     -5.277191e-06
     -6.629296e-06
     -8.233659e-06
     -1.011799e-05
     -1.230992e-05
     -1.483649e-05
     -1.772370e-05
     -2.099599e-05
     -2.467575e-05
     -2.878282e-05
     -3.333410e-05
     -3.834307e-05
     -4.381952e-05
     -4.976917e-05
     -5.619353e-05
     -6.308964e-05
     -7.045007e-05
     -7.826287e-05
     -8.651162e-05
     -9.517556e-05
     -1.042298e-04
     -1.136455e-04
     -1.233903e-04
     -1.334283e-04
     -1.437211e-04
     -1.542272e-04
     -1.649034e-04
     -1.757043e-04
     -1.865832e-04
     -1.974925e-04
     -2.083835e-04
     -2.192073e-04
     -2.299146e-04
     -2.404562e-04
     -2.507834e-04
     -2.608475e-04
     -2.706009e-04
     -2.799964e-04
     -2.889877e-04
     -2.975298e-04
     -3.055785e-04
     -3.130911e-04
     -3.200261e-04
     -3.263438e-04
     -3.320061e-04
     -3.369768e-04
     -3.412220e-04
     -3.447100e-04
     -3.474119e-04
     -3.493016e-04
     -3.503565e-04
     -3.505570e-04
     -3.498876e-04
     -3.483368e-04
     -3.458972e-04
     -3.425658e-04
     -3.383443e-04
     -3.332390e-04
     -3.272611e-04
     -3.204264e-04
     -3.127551e-04
     -3.042723e-04
     -2.950070e-04
     -2.849923e-04
     -2.742648e-04
     -2.628644e-04
     -2.508337e-04
     -2.382174e-04
     -2.250621e-04
     -2.114153e-04
     -1.973253e-04
     -1.828404e-04
     -1.680085e-04
     -1.528764e-04
     -1.374897e-04
     -1.218921e-04
     -1.061253e-04
     -9.022836e-05
     -7.423803e-05
     -5.818819e-05
     -4.210993e-05
     -2.603154e-05
     -9.978571e-06
      6.026084e-06
      2.196201e-05
      3.781107e-05
      5.355723e-05
      6.918628e-05
      8.468559e-05
      1.000439e-04
      1.152510e-04
      1.302977e-04
      1.451753e-04
      1.598759e-04
      1.743917e-04
      1.887153e-04
      2.028395e-04
      2.167572e-04
      2.304614e-04
      2.439451e-04
      2.572016e-04
      2.702241e-04
      2.830059e-04
      2.955404e-04
      3.078211e-04
      3.198415e-04
      3.315951e-04
      3.430752e-04
      3.542751e-04
      3.651877e-04
      3.758051e-04
      3.861192e-04
      3.961207e-04
      4.057993e-04
      4.151437e-04
      4.241408e-04
      4.327762e-04
      4.410335e-04
      4.488945e-04
      4.563393e-04
      4.633457e-04
      4.698897e-04
      4.759457e-04
      4.814862e-04
      4.864824e-04
      4.909042e-04
      4.947210e-04
      4.979015e-04
      5.004146e-04
      5.022296e-04
      5.033171e-04
      5.036488e-04
      5.031986e-04
      5.019432e-04
      4.998618e-04
      4.969375e-04
      4.931570e-04
      4.885112e-04
      4.829955e-04
      4.766099e-04
      4.693593e-04
      4.612533e-04
      4.523065e-04
      4.425382e-04
      4.319721e-04
      4.206366e-04
      4.085641e-04
      3.957908e-04
      3.823563e-04
      3.683034e-04
      3.536777e-04
      3.385270e-04
      3.229012e-04
      3.068516e-04
      2.904311e-04
      2.736932e-04
      2.566922e-04
      2.394828e-04
      2.221197e-04
      2.046575e-04
      1.871508e-04
      1.696535e-04
      1.522191e-04
      1.349002e-04
      1.177487e-04
      1.008156e-04
      8.415038e-05
      6.780160e-05
      5.181614e-05
      3.623924e-05
      2.111422e-05
      6.482264e-06
     -7.617877e-06
     -2.115014e-05
     -3.408144e-05
     -4.638197e-05
     -5.802549e-05
     -6.898961e-05
     -7.925601e-05
     -8.881071e-05
     -9.764424e-05
     -1.057518e-04
     -1.131332e-04
     -1.197931e-04
     -1.257408e-04
     -1.309903e-04
     -1.355598e-04
     -1.394718e-04
     -1.427524e-04
     -1.454315e-04
     -1.475415e-04
     -1.491176e-04
     -1.501971e-04
     -1.508184e-04
     -1.510211e-04
     -1.508451e-04
     -1.503300e-04
     -1.495147e-04
     -1.484372e-04
     -1.471337e-04
     -1.456385e-04
     -1.439836e-04
     -1.421987e-04
     -1.403106e-04
     -1.383435e-04
     -1.363187e-04
     -1.342550e-04
     -1.321680e-04
     -1.300713e-04
     -1.279759e-04
     -1.258905e-04
     -1.238221e-04
     -1.217759e-04
     -1.197558e-04
     -1.177644e-04
     -1.158033e-04
     -1.138735e-04
     -1.119754e-04
     -1.101090e-04
     -1.082740e-04
     -1.064701e-04
     -1.046967e-04
     -1.029532e-04
     -1.012393e-04
     -9.955425e-05
     -9.789764e-05
     -9.626894e-05
     -9.466766e-05
     -9.309331e-05
     -9.154540e-05
     -9.002348e-05
     -8.852707e-05
     -8.705573e-05
     -8.560900e-05
     -8.418647e-05
     -8.278770e-05
     -8.141226e-05
     -8.005976e-05
     -7.872979e-05
     -7.742195e-05
     -7.613585e-05
     -7.487113e-05
     -7.362739e-05
     -7.240428e-05
     -7.120144e-05
     -7.001852e-05
     -6.885517e-05
     -6.771104e-05
     -6.658582e-05
     -6.547917e-05
     -6.439076e-05
     -6.332030e-05
     -6.226746e-05
     -6.123195e-05
     -6.021347e-05
     -5.921173e-05
     -5.822643e-05
     -5.725730e-05
     -5.630407e-05
     -5.536646e-05
     -5.444420e-05
     -5.353705e-05
     -5.264473e-05
     -5.176700e-05
     -5.090361e-05
     -5.005432e-05
     -4.921889e-05
     -4.839708e-05
     -4.758868e-05
     -4.679344e-05
     -4.601116e-05
     -4.524162e-05
     -4.448459e-05
     -4.373987e-05
     -4.300726e-05
     -4.228656e-05
     -4.157756e-05
     -4.088007e-05
     -4.019390e-05
     -3.951886e-05
     -3.885476e-05
     -3.820144e-05
     -3.755870e-05
     -3.692637e-05
     -3.630428e-05
     -3.569226e-05
     -3.509015e-05
     -3.449779e-05
     -3.391500e-05
     -3.334164e-05
     -3.277756e-05
     -3.222259e-05
     -3.167659e-05
     -3.113941e-05
     -3.061092e-05
     -3.009096e-05
     -2.957940e-05
     -2.907611e-05
     -2.858094e-05
     -2.809377e-05
     -2.761447e-05
     -2.714290e-05
     -2.667895e-05
     -2.622249e-05
     -2.577340e-05
     -2.533157e-05
     -2.489686e-05
     -2.446918e-05
     -2.404840e-05
     -2.363442e-05
     -2.322712e-05
     -2.282640e-05
     -2.243216e-05
     -2.204429e-05
     -2.166268e-05
     -2.128725e-05
     -2.091788e-05
     -2.055448e-05
     -2.019697e-05
     -1.984524e-05
     -1.949919e-05
     -1.915876e-05
     -1.882383e-05
     -1.849433e-05
     -1.817016e-05
     -1.785126e-05
     -1.753752e-05
     -1.722887e-05
     -1.692523e-05
     -1.662652e-05
     -1.633267e-05
     -1.604358e-05
     -1.575920e-05
     -1.547945e-05
     -1.520424e-05
     -1.493352e-05
     -1.466721e-05
     -1.440524e-05
     -1.414755e-05
     -1.389406e-05
     -1.364471e-05
     -1.339944e-05
     -1.315818e-05
     -1.292087e-05
     -1.268745e-05
     -1.245785e-05
     -1.223202e-05
     -1.200989e-05
     -1.179142e-05
     -1.157654e-05
     -1.136519e-05
     -1.115733e-05
     -1.095289e-05
     -1.075183e-05
     -1.055409e-05
     -1.035962e-05
     -1.016837e-05
     -9.980284e-06
     -9.795320e-06
     -9.613426e-06
     -9.434555e-06
     -9.258660e-06
     -9.085695e-06
     -8.915614e-06
     -8.748373e-06
     -8.583927e-06
     -8.422233e-06
     -8.263248e-06
     -8.106930e-06
     -7.953238e-06
     -7.802130e-06
     -7.653568e-06
     -7.507511e-06
     -7.363920e-06
     -7.222758e-06
     -7.083986e-06
     -6.947568e-06
     -6.813466e-06
     -6.681646e-06
     -6.552071e-06
     -6.424706e-06
     -6.299518e-06
     -6.176473e-06
     -6.055537e-06
     -5.936677e-06
     -5.819861e-06
     -5.705058e-06
     -5.592236e-06
     -5.481365e-06
     -5.372414e-06
     -5.265352e-06
     -5.160152e-06
     -5.056783e-06
     -4.955217e-06
     -4.855427e-06
     -4.757383e-06
     -4.661060e-06
     -4.566431e-06
     -4.473468e-06
     -4.382146e-06
     -4.292439e-06
     -4.204322e-06
     -4.117770e-06
     -4.032758e-06
     -3.949263e-06
     -3.867260e-06
     -3.786726e-06
     -3.867260e-06
     -3.949263e-06
     -4.032758e-06
     -4.117770e-06
     -4.204322e-06
     -4.292439e-06
     -4.382146e-06
     -4.473468e-06
     -4.566431e-06
     -4.661060e-06
     -4.757383e-06
     -4.855427e-06
     -4.955217e-06
     -5.056783e-06
     -5.160152e-06
     -5.265352e-06
     -5.372414e-06
     -5.481365e-06
     -5.592236e-06
     -5.705058e-06
     -5.819861e-06
     -5.936677e-06
     -6.055537e-06
     -6.176473e-06
     -6.299518e-06
     -6.424706e-06
     -6.552071e-06
     -6.681646e-06
     -6.813466e-06
     -6.947568e-06
     -7.083986e-06
     -7.222758e-06
     -7.363920e-06
     -7.507511e-06
     -7.653568e-06
     -7.802130e-06
     -7.953238e-06
     -8.106930e-06
     -8.263248e-06
     -8.422233e-06
     -8.583927e-06
     -8.748373e-06
     -8.915614e-06
     -9.085695e-06
     -9.258660e-06
     -9.434555e-06
     -9.613426e-06
     -9.795320e-06
     -9.980284e-06
     -1.016837e-05
     -1.035962e-05
     -1.055409e-05
     -1.075183e-05
     -1.095289e-05
     -1.115733e-05
     -1.136519e-05
     -1.157654e-05
     -1.179142e-05
     -1.200989e-05
     -1.223202e-05
     -1.245785e-05
     -1.268745e-05
     -1.292087e-05
     -1.315818e-05
     -1.339944e-05
     -1.364471e-05
     -1.389406e-05
     -1.414755e-05
     -1.440524e-05
     -1.466721e-05
     -1.493352e-05
     -1.520424e-05
     -1.547945e-05
     -1.575920e-05
     -1.604358e-05
     -1.633267e-05
     -1.662652e-05
     -1.692523e-05
     -1.722887e-05
     -1.753752e-05
     -1.785126e-05
     -1.817016e-05
     -1.849433e-05
     -1.882383e-05
     -1.915876e-05
     -1.949919e-05
     -1.984524e-05
     -2.019697e-05
     -2.055448e-05
     -2.091788e-05
     -2.128725e-05
     -2.166268e-05
     -2.204429e-05
     -2.243216e-05
     -2.282640e-05
     -2.322712e-05
     -2.363442e-05
     -2.404840e-05
     -2.446918e-05
     -2.489686e-05
     -2.533157e-05
     -2.577340e-05
     -2.622249e-05
     -2.667895e-05
     -2.714290e-05
     -2.761447e-05
     -2.809377e-05
     -2.858094e-05
     -2.907611e-05
     -2.957940e-05
     -3.009096e-05
     -3.061092e-05
     -3.113941e-05
     -3.167659e-05
     -3.222259e-05
     -3.277756e-05
     -3.334164e-05
     -3.391500e-05
     -3.449779e-05
     -3.509015e-05
     -3.569226e-05
     -3.630428e-05
     -3.692637e-05
     -3.755870e-05
     -3.820144e-05
     -3.885476e-05
     -3.951886e-05
     -4.019390e-05
     -4.088007e-05
     -4.157756e-05
     -4.228656e-05
     -4.300726e-05
     -4.373987e-05
     -4.448459e-05
     -4.524162e-05
     -4.601116e-05
     -4.679344e-05
     -4.758868e-05
     -4.839708e-05
     -4.921889e-05
     -5.005432e-05
     -5.090361e-05
     -5.176700e-05
     -5.264473e-05
     -5.353705e-05
     -5.444420e-05
     -5.536646e-05
     -5.630407e-05
     -5.725730e-05
     -5.822643e-05
     -5.921173e-05
     -6.021347e-05
     -6.123195e-05
     -6.226746e-05
     -6.332030e-05
     -6.439076e-05
     -6.547917e-05
     -6.658582e-05
     -6.771104e-05
     -6.885517e-05
     -7.001852e-05
     -7.120144e-05
     -7.240428e-05
     -7.362739e-05
     -7.487113e-05
     -7.613585e-05
     -7.742195e-05
     -7.872979e-05
     -8.005976e-05
     -8.141226e-05
     -8.278770e-05
     -8.418647e-05
     -8.560900e-05
     -8.705573e-05
     -8.852707e-05
     -9.002348e-05
     -9.154540e-05
     -9.309331e-05
     -9.466766e-05
     -9.626894e-05
     -9.789764e-05
     -9.955425e-05
     -1.012393e-04
     -1.029533e-04
     -1.046967e-04
     -1.064702e-04
     -1.082742e-04
     -1.101093e-04
     -1.119762e-04
     -1.138752e-04
     -1.158072e-04
     -1.177726e-04
     -1.197719e-04
     -1.218058e-04
     -1.238748e-04
     -1.259793e-04
     -1.281197e-04
     -1.302962e-04
     -1.325092e-04
     -1.347584e-04
     -1.370438e-04
     -1.393647e-04
     -1.417206e-04
     -1.441102e-04
     -1.465321e-04
     -1.489843e-04
     -1.514645e-04
     -1.539697e-04
     -1.564963e-04
     -1.590404e-04
     -1.615972e-04
     -1.641613e-04
     -1.667267e-04
     -1.692865e-04
     -1.718334e-04
     -1.743594e-04
     -1.768556e-04
     -1.793128e-04
     -1.817210e-04
     -1.840697e-04
     -1.863480e-04
     -1.885446e-04
     -1.906476e-04
     -1.926452e-04
     -1.945250e-04
     -1.962747e-04
     -1.978820e-04
     -1.993345e-04
     -2.006199e-04
     -2.017261e-04
     -2.026414e-04
     -2.033542e-04
     -2.038535e-04
     -2.041286e-04
     -2.041694e-04
     -2.039664e-04
     -2.035106e-04
     -2.027939e-04
     -2.018085e-04
     -2.005477e-04
     -1.990055e-04
     -1.971764e-04
     -1.950561e-04
     -1.926410e-04
     -1.899282e-04
     -1.869159e-04
     -1.836030e-04
     -1.799894e-04
     -1.760760e-04
     -1.718645e-04
     -1.673574e-04
     -1.625583e-04
     -1.574718e-04
     -1.521032e-04
     -1.464587e-04
     -1.405457e-04
     -1.343721e-04
     -1.279469e-04
     -1.212797e-04
     -1.143810e-04
     -1.072619e-04
     -9.993434e-05
     -9.241073e-05
     -8.470403e-05
     -7.682769e-05
     -6.879553e-05
     -6.062172e-05
     -5.232062e-05
     -4.390676e-05
     -3.539474e-05
     -2.679914e-05
     -1.813447e-05
     -9.415051e-06
     -6.549928e-07
      8.131896e-06
      1.693216e-05
      2.573272e-05
      3.452096e-05
      4.328472e-05
      5.201233e-05
      6.069262e-05
      6.931492e-05
      7.786910e-05
      8.634549e-05
      9.473491e-05
      1.030286e-04
      1.112184e-04
      1.192963e-04
      1.272548e-04
      1.350867e-04
      1.427852e-04
      1.503437e-04
      1.577557e-04
      1.650151e-04
      1.721158e-04
      1.790522e-04
      1.858185e-04
      1.924090e-04
      1.988184e-04
      2.050412e-04
      2.110722e-04
      2.169061e-04
      2.225379e-04
      2.279624e-04
      2.331748e-04
      2.381700e-04
      2.429434e-04
      2.474901e-04
      2.518055e-04
      2.558851e-04
      2.597243e-04
      2.633189e-04
      2.666644e-04
      2.697566e-04
      2.725916e-04
      2.751652e-04
      2.774735e-04
      2.795128e-04
      2.812794e-04
      2.827699e-04
      2.839809e-04
      2.849093e-04
      2.855523e-04
      2.859073e-04
      2.859721e-04
      2.857447e-04
      2.852236e-04
      2.844079e-04
      2.832970e-04
      2.818910e-04
      2.801906e-04
      2.781973e-04
      2.759131e-04
      2.733410e-04
      2.704848e-04
      2.673491e-04
      2.639394e-04
      2.602621e-04
      2.563247e-04
      2.521353e-04
      2.477033e-04
      2.430388e-04
      2.381528e-04
      2.330570e-04
      2.277642e-04
      2.222877e-04
      2.166416e-04
      2.108404e-04
      2.048994e-04
      1.988341e-04
      1.926605e-04
      1.863948e-04
      1.800535e-04
      1.736531e-04
      1.672100e-04
      1.607409e-04
      1.542619e-04
      1.477893e-04
      1.413388e-04
      1.349259e-04
      1.285657e-04
      1.222727e-04
      1.160610e-04
      1.099440e-04
      1.039347e-04
      9.804522e-05
      9.228706e-05
      8.667101e-05
      8.120708e-05
      7.590449e-05
      7.077164e-05
      6.581608e-05
      6.104447e-05
      5.646259e-05
      5.207530e-05
      4.788653e-05
      4.389927e-05
      4.011554e-05
      3.653642e-05
      3.316203e-05
      2.999155e-05
      2.702322e-05
      2.425437e-05
      2.168146e-05
      1.930012e-05
      1.710516e-05
      1.509067e-05
      1.325007e-05
      1.157616e-05
      1.006121e-05
      8.697065e-06
      7.475172e-06
      6.386723e-06
      5.422721e-06
      4.574076e-06
      3.831694e-06
      3.186562e-06
      2.629831e-06
      2.152895e-06
      1.747456e-06
      1.405589e-06
      1.119797e-06
      8.830470e-07
      6.888113e-07
      5.310859e-07
      4.044053e-07
      3.038458e-07
      2.250197e-07
      1.640614e-07
      1.176055e-07
      8.275948e-08
      5.706985e-08
      3.848575e-08
      2.531903e-08
      1.620320e-08
      1.005220e-08
      6.019961e-09
      3.461864e-09
      1.898800e-09
      9.844942e-10
      4.765337e-10
      2.113511e-10
      8.324486e-11
      2.733651e-11
      6.226216e-12
     -1.352071e-14
     -9.595832e-13
     -5.893404e-13
     -2.004741e-13
     -2.225202e-14
      1.902156e-14
      1.318156e-14
      3.457179e-15
     -4.460525e-16
     -7.225361e-16
     -2.240764e-16
      2.494443e-17
      4.252525e-17
      1.012215e-17
     -3.264454e-18
     -2.385548e-18
     -1.231039e-19
      3.157307e-19
      8.166028e-20
     -2.983194e-20
     -1.608444e-20
      1.941016e-21
      2.414248e-21
     -3.930916e-23
     -3.247600e-22
     -1.127297e-23
      4.199343e-23
      1.893001e-24
     -5.366916e-24
     -8.506030e-26
      6.715966e-25
     -3.414574e-26
     -7.855255e-26
      1.216252e-26
      7.808981e-27
     -2.488881e-27
     -5.127542e-28
      3.685906e-28
     -1.119820e-29
     -3.825054e-29
      9.431637e-30
      1.929974e-30
     -1.464714e-30
      1.744717e-31
      1.040881e-31
     -4.743908e-32
      3.616725e-33
      3.625455e-33
     -1.543058e-33
      1.703882e-34
      8.863276e-35
     -4.859266e-35
      1.006870e-35
      5.339414e-37
     -1.107144e-36
      3.972077e-37
     -6.632184e-38
     -6.757158e-39
      8.798782e-39
     -3.395593e-39
      8.200586e-40
     -1.016270e-40
     -1.915545e-41
      1.777957e-41
     -7.372844e-42
      2.347509e-42
     -6.396648e-43
      1.557584e-43
     -3.466372e-44
      7.146607e-45
     -1.377149e-45
      2.495610e-46
     -4.271255e-47
      6.924785e-48
     -1.065470e-48
      1.557128e-49
     -2.160880e-50
      2.842623e-51
     -3.531448e-52
      4.113487e-53
     -4.431533e-54
      4.292639e-55
     -3.484760e-56
      1.801759e-57
      9.258871e-59
     -4.799117e-59
      9.822574e-60
     -1.588668e-60
      2.276381e-61
     -3.012074e-62
      3.754663e-63
     -4.459300e-64
      5.082011e-65
     -5.584279e-66
      5.936920e-67
     -6.122721e-68
      6.137539e-69
     -5.989834e-70
      5.698827e-71
     -5.291675e-72
      4.800144e-73
     -4.257261e-74
      3.694361e-75
     -3.138804e-76
      2.612517e-77
     -2.131347e-78
      1.705139e-79
     -1.338347e-80
      1.031001e-81
     -7.798234e-83
      5.793418e-84
     -4.228820e-85
      3.033786e-86
     -2.139736e-87
      1.484108e-88
     -1.012549e-89
      6.797041e-91
     -4.490360e-92
      2.920106e-93
     -1.869678e-94
      1.178897e-95
     -7.321708e-97
      4.479812e-98
     -2.700833e-99
     1.604735e-100
    -9.398326e-102
     5.426386e-103
    -3.089249e-104
     1.734378e-105
    -9.603898e-107
     5.245981e-108
    -2.827103e-109
     1.503317e-110
    -7.888795e-112
     4.085796e-113
    -2.088825e-114
     1.054238e-115
    -5.253364e-117
     2.584920e-118
    -1.256074e-119
     6.028216e-121
    -2.857674e-122
     1.338232e-123
    -6.191380e-125
     2.830239e-126
    -1.278436e-127
     5.706836e-129
    -2.517740e-130
     1.097902e-131
    -4.732501e-133
     2.016640e-134
    -8.495952e-136
     3.538965e-137
    -1.457656e-138
     5.937194e-140
    -2.391593e-141
     9.528069e-143
    -3.754611e-144
     1.463517e-145
    -5.643297e-147
     2.152779e-148
    -8.125046e-150
     3.034169e-151
    -1.121162e-152
     4.099572e-154
    -1.483461e-155
     5.312599e-157
    -1.883025e-158
     6.606139e-160
    -2.294067e-161
     7.885968e-163
    -2.683597e-164
     9.040981e-166
    -3.015589e-167
     9.958838e-169
    -3.256466e-170
     1.054403e-171
    -3.380723e-173
     1.073434e-174
    -3.375387e-176
     1.051172e-177
    -3.242237e-179
     9.905017e-181
    -2.997253e-182
     8.983945e-184
    -2.667497e-185
     7.846052e-187
    -2.286260e-188
     6.600000e-190
    -1.887654e-191
     5.349052e-193
    -1.501838e-194
     4.178076e-196
    -1.151733e-197
     3.146041e-199
    -8.515857e-201
     2.284326e-202
    -6.072502e-204
     1.599818e-205
    -4.177156e-207
     1.080963e-208
    -2.772517e-210
     7.048287e-212
    -1.776034e-213
     4.435982e-215
    -1.098275e-216
     2.695422e-218
    -6.557658e-220
     1.581569e-221
    -3.781433e-223
     8.963226e-225
    -2.106312e-226
     4.907292e-228
    -1.133529e-229
     2.595999e-231
    -5.894784e-233
     1.327188e-234
    -2.962837e-236
     6.558478e-238
    -1.439553e-239
     3.133217e-241
    -6.762394e-243
     1.447325e-244
    -3.071821e-246
     6.465443e-248
    -1.349526e-249
     2.793524e-251
    -5.734823e-253
     1.167593e-254
    -2.357621e-256
     4.721447e-258
    -9.377819e-260
     1.847400e-261
    -3.609601e-263
     6.995251e-265
    -1.344620e-266
     2.563623e-268
    -4.848120e-270
     9.094165e-272
    -1.692109e-273
     3.123027e-275
    -5.717552e-277
     1.038334e-278
    -1.870514e-280
     3.342624e-282
    -5.925447e-284
     1.041997e-285
    -1.817722e-287
     3.145640e-289
    -5.400262e-291
     9.197056e-293
    -1.553870e-294
     2.604451e-296
    -4.330683e-298
     7.143952e-300
    -1.169138e-301
     1.898194e-303
    -3.057495e-305
     4.885891e-307
    -7.745987e-309
     1.218335e-310
    -1.901147e-312
     2.943234e-314
    -4.520598e-316
     6.888579e-318
    -1.041342e-319
     1.556307e-321
    -1.482197e-323
      0.000000e+00
      0.000000e+00
      0.000000e+00
      0.000000e+00
      0.000000e+00
      0.000000e+00
      0.000000e+00
      0.000000e+00
      0.000000e+00
      0.000000e+00
      0.000000e+00
      0.000000e+00
      0.000000e+00
      0.000000e+00
      0.000000e+00
      0.000000e+00
      0.000000e+00
      0.000000e+00
      0.000000e+00
      0.000000e+00
      0.000000e+00
      0.000000e+00
      0.000000e+00
      0.000000e+00
      0.000000e+00
      0.000000e+00
      0.000000e+00
      0.000000e+00
      0.000000e+00
      0.000000e+00
      0.000000e+00
      0.000000e+00
      0.000000e+00
      0.000000e+00
      0.000000e+00
      0.000000e+00
      0.000000e+00
      0.000000e+00
      0.000000e+00
      0.000000e+00
      0.000000e+00
      0.000000e+00
      0.000000e+00
      0.000000e+00
      0.000000e+00
      0.000000e+00
      0.000000e+00
      0.000000e+00
      0.000000e+00
      0.000000e+00
      0.000000e+00
      0.000000e+00
      0.000000e+00
      0.000000e+00
      0.000000e+00
      0.000000e+00
      0.000000e+00
      0.000000e+00
      0.000000e+00
      0.000000e+00
      0.000000e+00
      0.000000e+00
      0.000000e+00
      0.000000e+00
      0.000000e+00
      0.000000e+00
      0.000000e+00
      0.000000e+00
      0.000000e+00
      0.000000e+00
      0.000000e+00
      0.000000e+00
      0.000000e+00
      0.000000e+00
      0.000000e+00
      0.000000e+00
      0.000000e+00
      0.000000e+00
      0.000000e+00
      0.000000e+00
      0.000000e+00
      0.000000e+00
      0.000000e+00
      0.000000e+00
      0.000000e+00
      0.000000e+00
      0.000000e+00
      0.000000e+00
      0.000000e+00
      0.000000e+00
      0.000000e+00
      0.000000e+00
      0.000000e+00
      0.000000e+00
      0.000000e+00
      0.000000e+00
      0.000000e+00
      0.000000e+00
      0.000000e+00
      0.000000e+00
      0.000000e+00
      0.000000e+00
      0.000000e+00
      0.000000e+00
      0.000000e+00
      0.000000e+00
      0.000000e+00
