      0.000000e+00
      0.000000e+00
     -9.281945e-22
     -8.628065e-22
     -6.905121e-22
     -4.789350e-22
     -2.930973e-22
     -1.238762e-22
      9.534805e-23
      4.185663e-22
      8.096743e-22
      1.121056e-21
      1.159475e-21
      8.092107e-22
      1.329617e-22
     -6.268341e-22
     -1.163103e-21
     -1.272042e-21
     -9.703347e-22
     -4.921939e-22
     -1.775915e-22
     -3.231997e-22
     -1.063445e-21
     -2.305018e-21
     -3.717728e-21
     -4.810035e-21
     -5.130530e-21
     -4.562333e-21
     -3.538396e-21
     -2.947077e-21
     -3.655128e-21
     -5.895390e-21
     -8.981999e-21
     -1.166509e-20
     -1.295142e-20
     -1.277785e-20
     -1.196147e-20
     -1.142074e-20
     -1.131615e-20
     -1.089264e-20
     -9.224646e-21
     -6.234053e-21
     -3.029164e-21
     -1.155648e-21
     -1.326862e-21
     -2.735460e-21
     -3.618749e-21
     -2.700959e-21
     -3.841567e-22
      1.248520e-21
     -3.674708e-22
     -6.685827e-21
     -1.698716e-20
     -2.829259e-20
     -3.621589e-20
     -3.654154e-20
     -2.719713e-20
     -9.897971e-21
      9.670442e-21
      2.396040e-20
      2.743506e-20
      2.007541e-20
      7.996431e-21
      2.173200e-22
      3.260854e-21
      1.696177e-20
      3.424343e-20
      4.506694e-20
      4.210990e-20
      2.478708e-20
     -5.603668e-22
     -2.410930e-20
     -3.747467e-20
     -3.746717e-20
     -2.707190e-20
     -1.367994e-20
     -5.787173e-21
     -9.560029e-21
     -2.621375e-20
     -5.081906e-20
     -7.320213e-20
     -8.141047e-20
     -6.706048e-20
     -3.014714e-20
      1.979696e-20
      6.761500e-20
      9.957502e-20
      1.092574e-19
      9.886210e-20
      7.604666e-20
      4.944656e-20
      2.592228e-20
      9.857447e-21
      2.678326e-21
      1.539178e-21
     -1.258610e-21
     -1.548895e-20
     -4.670104e-20
     -9.027368e-20
     -1.311502e-19
     -1.512056e-19
     -1.402159e-19
     -1.027946e-19
     -5.584133e-20
     -1.776584e-20
      3.029913e-21
      1.211831e-20
      2.260397e-20
      4.317641e-20
      6.981049e-20
      8.769131e-20
      8.231541e-20
      5.167455e-20
      1.024457e-20
     -1.883412e-20
     -1.851703e-20
      1.051666e-20
      4.959405e-20
      7.364177e-20
      6.691556e-20
      3.223769e-20
     -1.228239e-20
     -4.620779e-20
     -5.993181e-20
     -5.897016e-20
     -5.724518e-20
     -6.517614e-20
     -8.151312e-20
     -9.442233e-20
     -9.054930e-20
     -6.562612e-20
     -2.962573e-20
     -3.119724e-21
     -6.780306e-21
     -4.992011e-20
     -1.245306e-19
     -2.081403e-19
     -2.737522e-19
     -3.012541e-19
     -2.844487e-19
     -2.310989e-19
     -1.575843e-19
     -8.206493e-20
     -1.942080e-20
      2.109398e-20
      3.645013e-20
      2.980655e-20
      9.696413e-21
     -1.268731e-20
     -2.839510e-20
     -3.567639e-20
     -4.115096e-20
     -5.488449e-20
     -8.163760e-20
     -1.145819e-19
     -1.370916e-19
     -1.324133e-19
     -9.462154e-20
     -3.295003e-20
      3.322771e-20
      8.430456e-20
      1.078404e-19
      9.962117e-20
      6.078544e-20
     -3.669115e-21
     -8.267145e-20
     -1.565310e-19
     -2.000187e-19
     -1.933377e-19
     -1.357381e-19
     -5.152911e-20
      1.902418e-20
      4.139913e-20
      7.980245e-21
     -5.683584e-20
     -1.134130e-19
     -1.350614e-19
     -1.267461e-19
     -1.187745e-19
     -1.390032e-19
     -1.854234e-19
     -2.225401e-19
     -2.065768e-19
     -1.204448e-19
      9.767809e-21
      1.304782e-19
      1.957062e-19
      1.934204e-19
      1.440643e-19
      7.717591e-20
      9.788459e-21
     -5.509426e-20
     -1.137794e-19
     -1.511237e-19
     -1.482780e-19
     -1.021997e-19
     -3.580568e-20
      1.446967e-20
      2.464591e-20
     -1.220963e-22
     -3.230366e-20
     -4.468435e-20
     -2.881268e-20
      3.667507e-21
      3.263995e-20
      4.139957e-20
      2.187516e-20
     -2.425246e-20
     -8.474965e-20
     -1.384067e-19
     -1.631586e-19
     -1.483371e-19
     -1.013708e-19
     -4.190398e-20
      1.212726e-20
      5.392057e-20
      8.510591e-20
      1.060256e-19
      1.108361e-19
      9.304140e-20
      5.518467e-20
      1.176630e-20
     -1.858373e-20
     -2.494475e-20
     -9.673689e-21
      1.623694e-20
      4.274328e-20
      6.668389e-20
      9.013444e-20
      1.145112e-19
      1.367629e-19
      1.508113e-19
      1.519524e-19
      1.396288e-19
      1.165034e-19
      8.588709e-20
      5.079826e-20
      1.525092e-20
     -1.481609e-20
     -3.334415e-20
     -3.757900e-20
     -2.941237e-20
     -1.269869e-20
      1.083162e-20
      4.225396e-20
      8.113339e-20
      1.203289e-19
      1.461185e-19
      1.454644e-19
      1.151890e-19
      6.502554e-20
      1.117224e-20
     -3.470924e-20
     -7.168306e-20
     -1.054219e-19
     -1.375478e-19
     -1.587444e-19
     -1.534057e-19
     -1.132618e-19
     -4.809922e-20
      1.758264e-20
      6.152958e-20
      8.086028e-20
      9.375897e-20
      1.223554e-19
      1.702570e-19
      2.143690e-19
      2.195109e-19
      1.650292e-19
      6.227851e-20
     -5.038348e-20
     -1.300793e-19
     -1.520529e-19
     -1.184001e-19
     -5.184541e-20
      1.703633e-20
      6.150491e-20
      6.728257e-20
      3.820995e-20
     -3.644764e-21
     -2.687785e-20
     -6.827392e-21
      6.003434e-20
      1.529284e-19
      2.367644e-19
      2.784484e-19
      2.604890e-19
      1.873815e-19
      8.481154e-20
     -7.937985e-21
     -5.271187e-20
     -3.117507e-20
      4.221457e-20
      1.240439e-19
      1.644025e-19
      1.353275e-19
      4.612581e-20
     -6.447247e-20
     -1.517023e-19
     -1.855320e-19
     -1.565186e-19
     -7.008624e-20
      5.812838e-20
      1.995247e-19
      3.105715e-19
      3.454395e-19
      2.844917e-19
      1.591072e-19
      4.613411e-20
      2.430549e-20
      1.181961e-19
      2.732311e-19
      3.872023e-19
      3.800318e-19
      2.502310e-19
      7.426369e-20
     -5.036648e-20
     -7.330184e-20
     -1.936510e-20
      3.994982e-20
      4.340667e-20
     -1.967010e-20
     -1.106497e-19
     -1.746915e-19
     -1.766215e-19
     -1.170317e-19
     -2.564100e-20
      5.711920e-20
      9.826308e-20
      8.392737e-20
      2.273888e-20
     -5.965586e-20
     -1.336753e-19
     -1.811097e-19
     -2.036837e-19
     -2.178600e-19
     -2.376286e-19
     -2.575078e-19
     -2.512750e-19
     -1.922382e-19
     -8.244139e-20
      3.438610e-20
      9.380794e-20
      5.657388e-20
     -5.488634e-20
     -1.627771e-19
     -1.847263e-19
     -9.278117e-20
      6.556306e-20
      2.010971e-19
      2.441733e-19
      1.861902e-19
      7.398528e-20
     -3.043933e-20
     -8.877425e-20
     -9.724526e-20
     -7.119440e-20
     -2.479204e-20
      3.585851e-20
      1.054060e-19
      1.704973e-19
      2.116445e-19
      2.160383e-19
      1.899309e-19
      1.573370e-19
      1.421768e-19
      1.464371e-19
      1.441812e-19
      1.010089e-19
      6.292541e-21
     -1.094583e-19
     -1.907198e-19
     -1.965555e-19
     -1.307505e-19
     -3.556100e-20
      4.587684e-20
      1.046149e-19
      1.667003e-19
      2.599196e-19
      3.784048e-19
      4.785844e-19
      5.103893e-19
      4.554903e-19
      3.394893e-19
      2.101848e-19
      1.038500e-19
      2.836957e-20
     -2.742907e-20
     -7.333576e-20
     -1.073797e-19
     -1.219365e-19
     -1.150830e-19
     -9.328166e-20
     -6.377549e-20
     -2.702431e-20
      2.156883e-20
      8.261482e-20
      1.463542e-19
      1.954778e-19
      2.139598e-19
      1.938191e-19
      1.359242e-19
      4.789524e-20
     -5.646220e-20
     -1.564989e-19
     -2.272380e-19
     -2.475520e-19
     -2.106748e-19
     -1.302787e-19
     -3.742680e-20
      3.112104e-20
      4.845484e-20
      1.012653e-20
     -6.283315e-20
     -1.340842e-19
     -1.719544e-19
     -1.678399e-19
     -1.397249e-19
     -1.165761e-19
     -1.146424e-19
     -1.250877e-19
     -1.242344e-19
     -9.794864e-20
     -5.788150e-20
     -3.345764e-20
     -4.545242e-20
     -8.464215e-20
     -1.153855e-19
     -1.021812e-19
     -3.747503e-20
      5.129820e-20
      1.197726e-19
      1.353648e-19
      9.693909e-20
      3.446309e-20
     -9.229081e-21
     -3.439917e-21
      5.238843e-20
      1.280825e-19
      1.809439e-19
      1.824563e-19
      1.363861e-19
      7.588501e-20
      4.138954e-20
      5.416034e-20
      1.025544e-19
      1.491398e-19
      1.538757e-19
      9.939100e-20
      2.734638e-21
     -9.504616e-20
     -1.562139e-19
     -1.717574e-19
     -1.646416e-19
     -1.664827e-19
     -1.861268e-19
     -1.980151e-19
     -1.629031e-19
     -6.514088e-20
      6.521180e-20
      1.656575e-19
      1.812878e-19
      1.018285e-19
     -3.075425e-20
     -1.479905e-19
     -1.952375e-19
     -1.606851e-19
     -7.705753e-20
      2.194366e-21
      3.600285e-20
      1.785444e-20
     -2.551824e-20
     -5.626424e-20
     -5.201770e-20
     -1.811707e-20
      2.188041e-20
      4.748529e-20
      5.593952e-20
      5.960070e-20
      7.195123e-20
      9.732736e-20
      1.327317e-19
      1.756435e-19
      2.257465e-19
      2.773339e-19
      3.123892e-19
      3.065000e-19
      2.474218e-19
      1.515660e-19
      6.178233e-20
      2.329137e-20
      5.245439e-20
      1.210454e-19
      1.704013e-19
      1.499693e-19
      5.579135e-20
     -5.992548e-20
     -1.202616e-19
     -7.838639e-20
      4.338399e-20
      1.625171e-19
      1.910135e-19
      9.741408e-20
     -6.999656e-20
     -2.154604e-19
     -2.579446e-19
     -1.778503e-19
     -1.962957e-20
      1.428038e-19
      2.479663e-19
      2.704321e-19
      2.209916e-19
      1.332501e-19
      4.724559e-20
     -5.467182e-21
     -1.301524e-20
      1.379431e-20
      5.013017e-20
      7.320517e-20
      7.419825e-20
      5.706994e-20
      2.748058e-20
     -1.510139e-20
     -7.265341e-20
     -1.364060e-19
     -1.826951e-19
     -1.858272e-19
     -1.385741e-19
     -6.011744e-20
      1.832201e-20
      7.704355e-20
      1.166481e-19
      1.433370e-19
      1.488911e-19
      1.118127e-19
      2.354771e-20
     -8.721041e-20
     -1.630948e-19
     -1.592043e-19
     -8.114089e-20
      1.676981e-20
      7.332913e-20
      6.531355e-20
      1.729166e-20
     -2.734980e-20
     -4.417235e-20
     -4.187199e-20
     -4.611389e-20
     -7.189190e-20
     -1.080909e-19
     -1.243809e-19
     -9.388052e-20
     -1.566967e-20
      7.881461e-20
      1.426238e-19
      1.446885e-19
      9.314251e-20
      2.977844e-20
     -3.356620e-21
      1.564453e-21
      1.373100e-20
     -5.029659e-21
     -6.127641e-20
     -1.199389e-19
     -1.331991e-19
     -8.134132e-20
      1.186343e-20
      1.007383e-19
      1.523717e-19
      1.614665e-19
      1.369124e-19
      8.177480e-20
     -7.829756e-21
     -1.243732e-19
     -2.353244e-19
     -2.956312e-19
     -2.796184e-19
     -2.025764e-19
     -1.092911e-19
     -3.786009e-20
      8.516342e-21
      5.597520e-20
      1.266383e-19
      2.095366e-19
      2.636412e-19
      2.509343e-19
      1.702716e-19
      6.270941e-20
     -1.568923e-20
     -3.075029e-20
      1.159153e-20
      7.652785e-20
      1.284645e-19
      1.532102e-19
      1.597867e-19
      1.645782e-19
      1.728844e-19
      1.727597e-19
      1.451012e-19
      8.090780e-20
     -8.682656e-21
     -9.727402e-20
     -1.576425e-19
     -1.731328e-19
     -1.392607e-19
     -6.091620e-20
      4.575911e-20
      1.481391e-19
      2.016427e-19
      1.726132e-19
      6.721848e-20
     -6.106870e-20
     -1.409353e-19
     -1.323953e-19
     -5.621523e-20
      2.275119e-20
      4.577750e-20
      2.753472e-21
     -6.627692e-20
     -1.076589e-19
     -9.569623e-20
     -4.716609e-20
     -3.203570e-21
      1.733102e-21
     -3.994951e-20
     -1.091758e-19
     -1.748624e-19
     -2.118144e-19
     -2.130520e-19
     -1.909633e-19
     -1.652051e-19
     -1.430854e-19
     -1.075997e-19
     -2.798919e-20
      1.091102e-19
      2.720071e-19
      3.887470e-19
      3.902398e-19
      2.631675e-19
      6.983163e-20
     -8.567762e-20
     -1.232852e-19
     -3.636791e-20
      1.113453e-19
      2.365664e-19
      2.941355e-19
      2.983798e-19
      2.960563e-19
      3.170929e-19
      3.449438e-19
      3.309901e-19
      2.417212e-19
      1.001422e-19
     -1.589840e-20
     -2.489570e-20
      9.175412e-20
      2.613597e-19
      3.606463e-19
      3.026242e-19
      1.036840e-19
     -1.255818e-19
     -2.614996e-19
     -2.548029e-19
     -1.540988e-19
     -5.250469e-20
     -1.065018e-20
     -2.250039e-20
     -4.339491e-20
     -4.267408e-20
     -2.987393e-20
     -3.793904e-20
     -8.793938e-20
     -1.691874e-19
     -2.470529e-19
     -2.863695e-19
     -2.716690e-19
     -2.135531e-19
     -1.404784e-19
     -8.177425e-20
     -5.209341e-20
     -4.770934e-20
     -5.683457e-20
     -7.341313e-20
     -9.969125e-20
     -1.344460e-19
     -1.605059e-19
     -1.484568e-19
     -7.794769e-20
      4.087261e-20
      1.660885e-19
      2.470186e-19
      2.555198e-19
      2.027334e-19
      1.289509e-19
      7.347646e-20
      4.611173e-20
      2.222089e-20
     -3.285782e-20
     -1.277565e-19
     -2.276928e-19
     -2.740646e-19
     -2.288482e-19
     -1.081227e-19
      2.459252e-20
      1.015122e-19
      9.571024e-20
      3.256707e-20
     -3.880904e-20
     -8.736249e-20
     -1.195435e-19
     -1.623040e-19
     -2.272911e-19
     -2.894907e-19
     -3.010551e-19
     -2.311341e-19
     -9.926393e-20
      2.765233e-20
      7.649004e-20
      1.520193e-20
     -1.346747e-19
     -3.236515e-19
     -4.748198e-19
     -3.967250e-19
      2.440876e-19
      1.391737e-18
      1.208573e-18
     -4.575395e-18
     -1.763301e-17
     -2.175825e-17
      3.277955e-17
      2.020285e-16
      4.089295e-16
      1.818458e-16
     -1.489568e-15
     -5.495284e-15
     -1.010635e-14
     -6.105713e-15
      2.847398e-14
      1.264352e-13
      3.057919e-13
      4.926830e-13
      3.540371e-13
     -1.006699e-12
     -5.540152e-12
     -1.697463e-11
     -4.181304e-11
     -9.063595e-11
     -1.797370e-10
     -3.331116e-10
     -5.848161e-10
     -9.817079e-10
     -1.586575e-09
     -2.481650e-09
     -3.772509e-09
     -5.592326e-09
     -8.106481e-09
     -1.151748e-08
     -1.607017e-08
     -2.205718e-08
     -2.982456e-08
     -3.977764e-08
     -5.238686e-08
     -6.819381e-08
     -8.781705e-08
     -1.119580e-07
     -1.414068e-07
     -1.770473e-07
     -2.198628e-07
     -2.709406e-07
     -3.314763e-07
     -4.027779e-07
     -4.862692e-07
     -5.834922e-07
     -6.961094e-07
     -8.259053e-07
     -9.747862e-07
     -1.144781e-06
     -1.338039e-06
     -1.556828e-06
     -1.803532e-06
     -2.080647e-06
     -2.390777e-06
     -2.736623e-06
     -3.120986e-06
     -3.546750e-06
     -4.016877e-06
     -4.534399e-06
     -5.102406e-06
     -5.724033e-06
     -6.402453e-06
     -7.140860e-06
     -7.942456e-06
     -8.810440e-06
     -9.747993e-06
     -1.075826e-05
     -1.184434e-05
     -1.300926e-05
     -1.425599e-05
     -1.558738e-05
     -1.700619e-05
     -1.851504e-05
     -2.011642e-05
     -2.181266e-05
     -2.360594e-05
     -2.549823e-05
     -2.749133e-05
     -2.958681e-05
     -3.178606e-05
     -3.409019e-05
     -3.650012e-05
     -3.901649e-05
     -4.163971e-05
     -4.436991e-05
     -4.720695e-05
     -5.015045e-05
     -5.319972e-05
     -5.635382e-05
     -5.961152e-05
     -6.297131e-05
     -6.643141e-05
     -6.998977e-05
     -7.364406e-05
     -7.739171e-05
     -8.122986e-05
     -8.515543e-05
     -8.916505e-05
     -9.325516e-05
     -9.742194e-05
     -1.016614e-04
     -1.059692e-04
     -1.103411e-04
     -1.147723e-04
     -1.192582e-04
     -1.237936e-04
     -1.283737e-04
     -1.329930e-04
     -1.376463e-04
     -1.423281e-04
     -1.470329e-04
     -1.517549e-04
     -1.564885e-04
     -1.612278e-04
     -1.659671e-04
     -1.707004e-04
     -1.754219e-04
     -1.801256e-04
     -1.848055e-04
     -1.894558e-04
     -1.940705e-04
     -1.986436e-04
     -2.031694e-04
     -2.076420e-04
     -2.120554e-04
     -2.164041e-04
     -2.206821e-04
     -2.248840e-04
     -2.290040e-04
     -2.330367e-04
     -2.369765e-04
     -2.408181e-04
     -2.445561e-04
     -2.481853e-04
     -2.517006e-04
     -2.550969e-04
     -2.583692e-04
     -2.615127e-04
     -2.645225e-04
     -2.673941e-04
     -2.701227e-04
     -2.727040e-04
     -2.751336e-04
     -2.774072e-04
     -2.795209e-04
     -2.814705e-04
     -2.832522e-04
     -2.848624e-04
     -2.862975e-04
     -2.875540e-04
     -2.886287e-04
     -2.895185e-04
     -2.902205e-04
     -2.907319e-04
     -2.910502e-04
     -2.911730e-04
     -2.910981e-04
     -2.908237e-04
     -2.903479e-04
     -2.896692e-04
     -2.887863e-04
     -2.876983e-04
     -2.864042e-04
     -2.849036e-04
     -2.831961e-04
     -2.812818e-04
     -2.791607e-04
     -2.768335e-04
     -2.743010e-04
     -2.715641e-04
     -2.686243e-04
     -2.654831e-04
     -2.621425e-04
     -2.586047e-04
     -2.548721e-04
     -2.509475e-04
     -2.468339e-04
     -2.425346e-04
     -2.380531e-04
     -2.333934e-04
     -2.285594e-04
     -2.235554e-04
     -2.183860e-04
     -2.130560e-04
     -2.075702e-04
     -2.019340e-04
     -1.961525e-04
     -1.902313e-04
     -1.841762e-04
     -1.779928e-04
     -1.716871e-04
     -1.652651e-04
     -1.587330e-04
     -1.520970e-04
     -1.453632e-04
     -1.385379e-04
     -1.316275e-04
     -1.246382e-04
     -1.175764e-04
     -1.104483e-04
     -1.032600e-04
     -9.601782e-05
     -8.872770e-05
     -8.139566e-05
     -7.402754e-05
     -6.662912e-05
     -5.920598e-05
     -5.176362e-05
     -4.430734e-05
     -3.684231e-05
     -2.937351e-05
     -2.190576e-05
     -1.444368e-05
     -6.991724e-06
      4.458700e-07
      7.865042e-06
      1.526193e-05
      2.263287e-05
      2.997439e-05
      3.728321e-05
      4.455625e-05
      5.179061e-05
      5.898359e-05
      6.613263e-05
      7.323539e-05
      8.028967e-05
      8.729344e-05
      9.424481e-05
      1.011421e-04
      1.079836e-04
      1.147679e-04
      1.214937e-04
      1.281597e-04
      1.347649e-04
      1.413081e-04
      1.477884e-04
      1.542050e-04
      1.605571e-04
      1.668439e-04
      1.730647e-04
      1.792191e-04
      1.853063e-04
      1.913259e-04
      1.972773e-04
      2.031601e-04
      2.089739e-04
      2.147181e-04
      2.203924e-04
      2.259965e-04
      2.315298e-04
      2.369920e-04
      2.423829e-04
      2.477019e-04
      2.529488e-04
      2.581231e-04
      2.632247e-04
      2.682530e-04
      2.732078e-04
      2.780887e-04
      2.828955e-04
      2.876278e-04
      2.922852e-04
      2.968675e-04
      3.013744e-04
      3.058055e-04
      3.101606e-04
      3.144394e-04
      3.186416e-04
      3.227668e-04
      3.268148e-04
      3.307854e-04
      3.346781e-04
      3.384927e-04
      3.422289e-04
      3.458862e-04
      3.494644e-04
      3.529631e-04
      3.563818e-04
      3.597200e-04
      3.629774e-04
      3.661533e-04
      3.692471e-04
      3.722583e-04
      3.751860e-04
      3.780295e-04
      3.807879e-04
      3.834603e-04
      3.860457e-04
      3.885429e-04
      3.909507e-04
      3.932678e-04
      3.954928e-04
      3.976242e-04
      3.996602e-04
      4.015993e-04
      4.034395e-04
      4.051787e-04
      4.068151e-04
      4.083463e-04
      4.097700e-04
      4.110838e-04
      4.122853e-04
      4.133717e-04
      4.143404e-04
      4.151887e-04
      4.159135e-04
      4.165121e-04
      4.169813e-04
      4.173183e-04
      4.175198e-04
      4.175829e-04
      4.175044e-04
      4.172811e-04
      4.169101e-04
      4.163882e-04
      4.157124e-04
      4.148798e-04
      4.138875e-04
      4.127327e-04
      4.114127e-04
      4.099250e-04
      4.082672e-04
      4.064369e-04
      4.044320e-04
      4.022507e-04
      3.998912e-04
      3.973519e-04
      3.946316e-04
      3.917292e-04
      3.886438e-04
      3.853748e-04
      3.819219e-04
      3.782850e-04
      3.744644e-04
      3.704604e-04
      3.662739e-04
      3.619059e-04
      3.573578e-04
      3.526311e-04
      3.477277e-04
      3.426499e-04
      3.374001e-04
      3.319811e-04
      3.263959e-04
      3.206477e-04
      3.147402e-04
      3.086771e-04
      3.024625e-04
      2.961007e-04
      2.895961e-04
      2.829536e-04
      2.761780e-04
      2.692745e-04
      2.622484e-04
      2.551052e-04
      2.478505e-04
      2.404900e-04
      2.330297e-04
      2.254756e-04
      2.178339e-04
      2.101107e-04
      2.023124e-04
      1.944454e-04
      1.865160e-04
      1.785308e-04
      1.704964e-04
      1.624192e-04
      1.543058e-04
      1.461628e-04
      1.379967e-04
      1.298142e-04
      1.216217e-04
      1.134259e-04
      1.052331e-04
      9.704980e-05
      8.888245e-05
      8.073739e-05
      7.262093e-05
      6.453930e-05
      5.649869e-05
      4.850522e-05
      4.056493e-05
      3.268380e-05
      2.486771e-05
      1.712247e-05
      9.453810e-06
      1.867369e-06
     -5.631310e-06
     -1.303678e-05
     -2.034369e-05
     -2.754679e-05
     -3.464095e-05
     -4.162114e-05
     -4.848246e-05
     -5.522013e-05
     -6.182947e-05
     -6.830598e-05
     -7.464526e-05
     -8.084309e-05
     -8.689537e-05
     -9.279818e-05
     -9.854777e-05
     -1.041405e-04
     -1.095731e-04
     -1.148422e-04
     -1.199449e-04
     -1.248784e-04
     -1.296399e-04
     -1.342273e-04
     -1.386382e-04
     -1.428709e-04
     -1.469236e-04
     -1.507949e-04
     -1.544836e-04
     -1.579888e-04
     -1.613099e-04
     -1.644464e-04
     -1.673984e-04
     -1.701660e-04
     -1.727495e-04
     -1.751498e-04
     -1.773679e-04
     -1.794050e-04
     -1.812628e-04
     -1.829430e-04
     -1.844479e-04
     -1.857797e-04
     -1.869412e-04
     -1.879353e-04
     -1.887650e-04
     -1.894338e-04
     -1.899453e-04
     -1.903034e-04
     -1.905121e-04
     -1.905756e-04
     -1.904984e-04
     -1.902850e-04
     -1.899402e-04
     -1.894688e-04
     -1.888758e-04
     -1.881664e-04
     -1.873457e-04
     -1.864190e-04
     -1.853916e-04
     -1.842687e-04
     -1.830559e-04
     -1.817583e-04
     -1.803815e-04
     -1.789306e-04
     -1.774111e-04
     -1.758280e-04
     -1.741865e-04
     -1.724916e-04
     -1.707483e-04
     -1.689614e-04
     -1.671355e-04
     -1.652752e-04
     -1.633849e-04
     -1.614688e-04
     -1.595310e-04
     -1.575754e-04
     -1.556056e-04
     -1.536252e-04
     -1.516376e-04
     -1.496459e-04
     -1.476529e-04
     -1.456616e-04
     -1.436744e-04
     -1.416938e-04
     -1.397220e-04
     -1.377609e-04
     -1.358124e-04
     -1.338781e-04
     -1.319597e-04
     -1.300582e-04
     -1.281751e-04
     -1.263112e-04
     -1.244676e-04
     -1.226449e-04
     -1.208437e-04
     -1.190647e-04
     -1.173082e-04
     -1.155745e-04
     -1.138639e-04
     -1.121765e-04
     -1.105125e-04
     -1.088717e-04
     -1.072542e-04
     -1.056599e-04
     -1.040886e-04
     -1.025402e-04
     -1.010145e-04
     -9.951117e-05
     -9.803003e-05
     -9.657079e-05
     -9.513319e-05
     -9.371693e-05
     -9.232171e-05
     -9.094725e-05
     -8.959323e-05
     -8.825937e-05
     -8.694536e-05
     -8.565091e-05
     -8.437574e-05
     -8.311955e-05
     -8.188206e-05
     -8.066299e-05
     -7.946208e-05
     -7.827904e-05
     -7.711362e-05
     -7.596555e-05
     -7.483457e-05
     -7.372042e-05
     -7.262287e-05
     -7.154166e-05
     -7.047654e-05
     -6.942728e-05
     -6.839364e-05
     -6.737539e-05
     -6.637231e-05
     -6.538415e-05
     -6.441071e-05
     -6.345176e-05
     -6.250708e-05
     -6.157647e-05
     -6.065972e-05
     -5.975661e-05
     -5.886695e-05
     -5.799054e-05
     -5.712717e-05
     -5.627666e-05
     -5.543881e-05
     -5.461343e-05
     -5.380035e-05
     -5.299936e-05
     -5.221030e-05
     -5.143299e-05
     -5.066726e-05
     -4.991292e-05
     -4.916981e-05
     -4.843777e-05
     -4.771663e-05
     -4.700622e-05
     -4.630639e-05
     -4.561697e-05
     -4.493783e-05
     -4.426879e-05
     -4.360971e-05
     -4.296045e-05
     -4.232085e-05
     -4.169078e-05
     -4.107008e-05
     -4.045863e-05
     -3.985628e-05
     -3.926289e-05
     -3.867834e-05
     -3.810250e-05
     -3.753523e-05
     -3.697640e-05
     -3.642589e-05
     -3.588358e-05
     -3.534935e-05
     -3.482306e-05
     -3.430461e-05
     -3.379389e-05
     -3.329076e-05
     -3.279513e-05
     -3.230687e-05
     -3.182588e-05
     -3.135206e-05
     -3.088529e-05
     -3.042546e-05
     -2.997249e-05
     -2.952626e-05
     -2.908667e-05
     -2.865362e-05
     -2.822703e-05
     -2.780678e-05
     -2.739279e-05
     -2.698497e-05
     -2.658321e-05
     -2.618744e-05
     -2.579756e-05
     -2.541348e-05
     -2.503513e-05
     -2.466240e-05
     -2.429523e-05
     -2.393352e-05
     -2.357719e-05
     -2.322618e-05
     -2.288038e-05
     -2.253974e-05
     -2.220416e-05
     -2.187359e-05
     -2.154793e-05
     -2.122713e-05
     -2.091110e-05
     -2.059977e-05
     -2.029308e-05
     -1.999095e-05
     -1.969333e-05
     -1.940013e-05
     -1.911130e-05
     -1.882677e-05
     -1.854648e-05
     -1.827036e-05
     -1.799835e-05
     -1.773039e-05
     -1.746641e-05
     -1.720637e-05
     -1.695020e-05
     -1.669785e-05
     -1.644925e-05
     -1.620435e-05
     -1.596310e-05
     -1.572544e-05
     -1.549132e-05
     -1.526068e-05
     -1.503348e-05
     -1.480966e-05
     -1.458918e-05
     -1.437197e-05
     -1.415800e-05
     -1.394722e-05
     -1.373957e-05
     -1.353501e-05
     -1.333350e-05
     -1.313499e-05
     -1.293944e-05
     -1.274680e-05
     -1.255702e-05
     -1.237007e-05
     -1.218590e-05
     -1.200448e-05
     -1.182576e-05
     -1.164969e-05
     -1.147625e-05
     -1.130539e-05
     -1.113708e-05
     -1.097127e-05
     -1.080793e-05
     -1.064702e-05
     -1.048850e-05
     -1.033235e-05
     -1.017852e-05
     -1.002698e-05
     -9.877702e-06
     -9.730642e-06
     -9.585772e-06
     -9.443058e-06
     -9.302469e-06
     -9.163974e-06
     -9.027540e-06
     -8.893137e-06
     -8.760736e-06
     -8.630305e-06
     -8.501817e-06
     -8.375241e-06
     -8.250550e-06
     -8.127715e-06
     -8.006710e-06
     -7.887505e-06
     -7.770076e-06
     -7.654394e-06
     -7.540435e-06
     -7.428173e-06
     -7.317582e-06
     -7.208637e-06
     -7.101314e-06
     -6.995590e-06
     -6.891439e-06
     -6.788839e-06
     -6.687766e-06
     -6.588198e-06
     -6.490113e-06
     -6.393487e-06
     -6.298301e-06
     -6.204531e-06
     -6.112158e-06
     -6.021160e-06
     -5.931516e-06
     -5.843208e-06
     -5.756214e-06
     -5.670515e-06
     -5.586092e-06
     -5.502926e-06
     -5.420998e-06
     -5.340290e-06
     -5.260783e-06
     -5.182460e-06
     -5.105303e-06
     -5.029295e-06
     -4.954419e-06
     -4.880657e-06
     -4.807994e-06
     -4.736412e-06
     -4.665896e-06
     -4.596430e-06
     -4.527998e-06
     -4.460585e-06
     -4.394175e-06
     -4.328755e-06
     -4.264308e-06
     -4.200821e-06
     -4.138279e-06
     -4.076668e-06
     -4.015974e-06
     -3.956184e-06
     -3.897284e-06
     -3.839261e-06
     -3.782102e-06
     -3.725794e-06
     -3.670324e-06
     -3.615680e-06
     -3.561849e-06
     -3.508820e-06
     -3.456581e-06
     -3.405119e-06
     -3.354423e-06
     -3.304483e-06
     -3.255285e-06
     -3.206820e-06
     -3.159077e-06
     -3.112044e-06
     -3.065712e-06
     -3.020070e-06
     -2.975107e-06
     -2.930813e-06
     -2.887179e-06
     -2.844194e-06
     -2.801850e-06
     -2.760136e-06
     -2.719043e-06
     -2.678561e-06
     -2.638683e-06
     -2.599398e-06
     -2.560698e-06
     -2.522574e-06
     -2.485018e-06
     -2.448021e-06
     -2.411575e-06
     -2.375671e-06
     -2.340302e-06
     -2.305459e-06
     -2.271135e-06
     -2.237323e-06
     -2.204013e-06
     -2.171200e-06
     -2.138875e-06
     -2.107031e-06
     -2.075661e-06
     -2.044759e-06
     -2.014316e-06
     -1.984327e-06
     -1.954784e-06
     -1.925681e-06
     -1.897012e-06
     -1.868769e-06
     -1.840947e-06
     -1.813538e-06
     -1.786538e-06
     -1.759940e-06
     -1.733738e-06
     -1.707926e-06
     -1.682498e-06
     -1.657449e-06
     -1.632773e-06
     -1.608464e-06
     -1.584517e-06
     -1.560927e-06
     -1.537688e-06
     -1.514795e-06
     -1.492242e-06
     -1.470026e-06
     -1.448140e-06
     -1.426580e-06
     -1.405341e-06
     -1.384418e-06
     -1.363807e-06
     -1.343502e-06
     -1.323500e-06
     -1.303796e-06
     -1.284385e-06
     -1.265263e-06
     -1.246426e-06
     -1.227869e-06
     -1.209588e-06
     -1.191580e-06
     -1.173839e-06
     -1.156363e-06
     -1.139147e-06
     -1.122187e-06
     -1.105480e-06
     -1.089022e-06
     -1.072808e-06
     -1.056836e-06
     -1.041102e-06
     -1.025602e-06
     -1.010333e-06
     -9.952910e-07
     -9.804731e-07
     -9.658757e-07
     -9.514957e-07
     -9.373298e-07
     -9.233747e-07
     -9.096275e-07
     -8.960849e-07
     -8.827439e-07
     -8.696016e-07
     -8.566549e-07
     -8.439010e-07
     -8.313369e-07
     -8.189599e-07
     -8.067672e-07
     -7.947560e-07
     -7.829236e-07
     -7.712674e-07
     -7.597847e-07
     -7.484730e-07
     -7.373297e-07
     -7.263523e-07
     -7.155383e-07
     -7.048853e-07
     -6.943910e-07
     -6.840528e-07
     -6.738686e-07
     -6.638360e-07
     -6.539528e-07
     -6.442167e-07
     -6.346256e-07
     -6.251772e-07
     -6.158695e-07
     -6.067004e-07
     -5.976678e-07
     -5.887697e-07
     -5.800041e-07
     -5.713690e-07
     -5.628624e-07
     -5.544825e-07
     -5.462273e-07
     -5.380950e-07
     -5.300838e-07
     -5.221919e-07
     -5.144175e-07
     -5.067588e-07
     -4.992141e-07
     -4.917818e-07
     -4.844601e-07
     -4.772475e-07
     -4.701422e-07
     -4.631427e-07
     -4.562474e-07
     -4.494547e-07
     -4.427632e-07
     -4.361713e-07
     -4.296776e-07
     -4.232805e-07
     -4.169787e-07
     -4.107707e-07
     -4.046551e-07
     -3.986306e-07
     -3.926958e-07
     -3.868493e-07
     -3.810898e-07
     -3.754162e-07
     -3.698269e-07
     -3.643209e-07
     -3.588969e-07
     -3.535536e-07
     -3.482899e-07
     -3.431045e-07
     -3.379964e-07
     -3.329643e-07
     -3.379964e-07
     -3.431045e-07
     -3.482899e-07
     -3.535536e-07
     -3.588969e-07
     -3.643209e-07
     -3.698269e-07
     -3.754162e-07
     -3.810898e-07
     -3.868493e-07
     -3.926958e-07
     -3.986306e-07
     -4.046551e-07
     -4.107707e-07
     -4.169787e-07
     -4.232805e-07
     -4.296776e-07
     -4.361713e-07
     -4.427632e-07
     -4.494547e-07
     -4.562474e-07
     -4.631427e-07
     -4.701422e-07
     -4.772475e-07
     -4.844601e-07
     -4.917818e-07
     -4.992141e-07
     -5.067588e-07
     -5.144175e-07
     -5.221919e-07
     -5.300838e-07
     -5.380950e-07
     -5.462273e-07
     -5.544825e-07
     -5.628624e-07
     -5.713690e-07
     -5.800041e-07
     -5.887697e-07
     -5.976678e-07
     -6.067004e-07
     -6.158695e-07
     -6.251772e-07
     -6.346256e-07
     -6.442167e-07
     -6.539528e-07
     -6.638360e-07
     -6.738686e-07
     -6.840528e-07
     -6.943910e-07
     -7.048853e-07
     -7.155383e-07
     -7.263523e-07
     -7.373297e-07
     -7.484730e-07
     -7.597847e-07
     -7.712674e-07
     -7.829236e-07
     -7.947560e-07
     -8.067672e-07
     -8.189599e-07
     -8.313369e-07
     -8.439010e-07
     -8.566549e-07
     -8.696016e-07
     -8.827439e-07
     -8.960849e-07
     -9.096275e-07
     -9.233747e-07
     -9.373298e-07
     -9.514957e-07
     -9.658757e-07
     -9.804731e-07
     -9.952910e-07
     -1.010333e-06
     -1.025602e-06
     -1.041102e-06
     -1.056836e-06
     -1.072808e-06
     -1.089022e-06
     -1.105480e-06
     -1.122187e-06
     -1.139147e-06
     -1.156363e-06
     -1.173839e-06
     -1.191580e-06
     -1.209588e-06
     -1.227869e-06
     -1.246426e-06
     -1.265263e-06
     -1.284385e-06
     -1.303796e-06
     -1.323500e-06
     -1.343502e-06
     -1.363807e-06
     -1.384418e-06
     -1.405341e-06
     -1.426580e-06
     -1.448140e-06
     -1.470026e-06
     -1.492242e-06
     -1.514795e-06
     -1.537688e-06
     -1.560927e-06
     -1.584517e-06
     -1.608464e-06
     -1.632773e-06
     -1.657449e-06
     -1.682498e-06
     -1.707926e-06
     -1.733738e-06
     -1.759940e-06
     -1.786538e-06
     -1.813538e-06
     -1.840947e-06
     -1.868769e-06
     -1.897012e-06
     -1.925681e-06
     -1.954784e-06
     -1.984327e-06
     -2.014316e-06
     -2.044759e-06
     -2.075661e-06
     -2.107031e-06
     -2.138875e-06
     -2.171200e-06
     -2.204013e-06
     -2.237323e-06
     -2.271135e-06
     -2.305459e-06
     -2.340302e-06
     -2.375671e-06
     -2.411575e-06
     -2.448021e-06
     -2.485018e-06
     -2.522574e-06
     -2.560698e-06
     -2.599398e-06
     -2.638683e-06
     -2.678561e-06
     -2.719043e-06
     -2.760136e-06
     -2.801850e-06
     -2.844194e-06
     -2.887179e-06
     -2.930813e-06
     -2.975107e-06
     -3.020070e-06
     -3.065712e-06
     -3.112044e-06
     -3.159077e-06
     -3.206820e-06
     -3.255285e-06
     -3.304483e-06
     -3.354423e-06
     -3.405119e-06
     -3.456581e-06
     -3.508820e-06
     -3.561849e-06
     -3.615680e-06
     -3.670324e-06
     -3.725794e-06
     -3.782102e-06
     -3.839261e-06
     -3.897284e-06
     -3.956184e-06
     -4.015974e-06
     -4.076668e-06
     -4.138279e-06
     -4.200821e-06
     -4.264308e-06
     -4.328755e-06
     -4.394175e-06
     -4.460585e-06
     -4.527998e-06
     -4.596430e-06
     -4.665896e-06
     -4.736412e-06
     -4.807994e-06
     -4.880657e-06
     -4.954419e-06
     -5.029295e-06
     -5.105303e-06
     -5.182460e-06
     -5.260783e-06
     -5.340290e-06
     -5.420998e-06
     -5.502926e-06
     -5.586092e-06
     -5.670515e-06
     -5.756214e-06
     -5.843208e-06
     -5.931516e-06
     -6.021160e-06
     -6.112158e-06
     -6.204531e-06
     -6.298301e-06
     -6.393487e-06
     -6.490113e-06
     -6.588198e-06
     -6.687766e-06
     -6.788839e-06
     -6.891439e-06
     -6.995590e-06
     -7.101314e-06
     -7.208637e-06
     -7.317582e-06
     -7.428173e-06
     -7.540435e-06
     -7.654394e-06
     -7.770076e-06
     -7.887505e-06
     -8.006710e-06
     -8.127715e-06
     -8.250550e-06
     -8.375241e-06
     -8.501817e-06
     -8.630305e-06
     -8.760736e-06
     -8.893137e-06
     -9.027540e-06
     -9.163974e-06
     -9.302469e-06
     -9.443058e-06
     -9.585772e-06
     -9.730642e-06
     -9.877702e-06
     -1.002698e-05
     -1.017852e-05
     -1.033235e-05
     -1.048850e-05
     -1.064702e-05
     -1.080793e-05
     -1.097127e-05
     -1.113708e-05
     -1.130539e-05
     -1.147625e-05
     -1.164969e-05
     -1.182576e-05
     -1.200448e-05
     -1.218590e-05
     -1.237007e-05
     -1.255702e-05
     -1.274680e-05
     -1.293944e-05
     -1.313499e-05
     -1.333350e-05
     -1.353501e-05
     -1.373957e-05
     -1.394722e-05
     -1.415800e-05
     -1.437197e-05
     -1.458918e-05
     -1.480966e-05
     -1.503348e-05
     -1.526068e-05
     -1.549132e-05
     -1.572544e-05
     -1.596310e-05
     -1.620435e-05
     -1.644925e-05
     -1.669785e-05
     -1.695020e-05
     -1.720637e-05
     -1.746641e-05
     -1.773039e-05
     -1.799835e-05
     -1.827036e-05
     -1.854648e-05
     -1.882677e-05
     -1.911130e-05
     -1.940013e-05
     -1.969333e-05
     -1.999095e-05
     -2.029308e-05
     -2.059977e-05
     -2.091110e-05
     -2.122713e-05
     -2.154793e-05
     -2.187359e-05
     -2.220416e-05
     -2.253974e-05
     -2.288038e-05
     -2.322618e-05
     -2.357719e-05
     -2.393352e-05
     -2.429523e-05
     -2.466240e-05
     -2.503513e-05
     -2.541348e-05
     -2.579756e-05
     -2.618744e-05
     -2.658321e-05
     -2.698497e-05
     -2.739279e-05
     -2.780678e-05
     -2.822703e-05
     -2.865362e-05
     -2.908667e-05
     -2.952626e-05
     -2.997249e-05
     -3.042546e-05
     -3.088529e-05
     -3.135206e-05
     -3.182588e-05
     -3.230687e-05
     -3.279513e-05
     -3.329076e-05
     -3.379389e-05
     -3.430461e-05
     -3.482306e-05
     -3.534935e-05
     -3.588358e-05
     -3.642589e-05
     -3.697640e-05
     -3.753523e-05
     -3.810250e-05
     -3.867834e-05
     -3.926289e-05
     -3.985628e-05
     -4.045863e-05
     -4.107008e-05
     -4.169078e-05
     -4.232085e-05
     -4.296045e-05
     -4.360971e-05
     -4.426879e-05
     -4.493783e-05
     -4.561697e-05
     -4.630639e-05
     -4.700622e-05
     -4.771663e-05
     -4.843777e-05
     -4.916981e-05
     -4.991292e-05
     -5.066726e-05
     -5.143299e-05
     -5.221030e-05
     -5.299936e-05
     -5.380035e-05
     -5.461343e-05
     -5.543881e-05
     -5.627666e-05
     -5.712717e-05
     -5.799054e-05
     -5.886695e-05
     -5.975661e-05
     -6.065972e-05
     -6.157647e-05
     -6.250708e-05
     -6.345176e-05
     -6.441071e-05
     -6.538415e-05
     -6.637231e-05
     -6.737539e-05
     -6.839364e-05
     -6.942728e-05
     -7.047654e-05
     -7.154166e-05
     -7.262287e-05
     -7.372042e-05
     -7.483457e-05
     -7.596555e-05
     -7.711362e-05
     -7.827904e-05
     -7.946208e-05
     -8.066299e-05
     -8.188206e-05
     -8.311955e-05
     -8.437574e-05
     -8.565091e-05
     -8.694536e-05
     -8.825937e-05
     -8.959324e-05
     -9.094727e-05
     -9.232176e-05
     -9.371702e-05
     -9.513337e-05
     -9.657113e-05
     -9.803061e-05
     -9.951214e-05
     -1.010161e-04
     -1.025427e-04
     -1.040924e-04
     -1.056655e-04
     -1.072623e-04
     -1.088832e-04
     -1.105286e-04
     -1.121987e-04
     -1.138940e-04
     -1.156147e-04
     -1.173613e-04
     -1.191341e-04
     -1.209334e-04
     -1.227595e-04
     -1.246128e-04
     -1.264936e-04
     -1.284023e-04
     -1.303390e-04
     -1.323041e-04
     -1.342979e-04
     -1.363205e-04
     -1.383723e-04
     -1.404534e-04
     -1.425640e-04
     -1.447043e-04
     -1.468743e-04
     -1.490741e-04
     -1.513039e-04
     -1.535635e-04
     -1.558530e-04
     -1.581722e-04
     -1.605211e-04
     -1.628994e-04
     -1.653069e-04
     -1.677434e-04
     -1.702084e-04
     -1.727015e-04
     -1.752223e-04
     -1.777701e-04
     -1.803445e-04
     -1.829446e-04
     -1.855698e-04
     -1.882192e-04
     -1.908918e-04
     -1.935868e-04
     -1.963029e-04
     -1.990391e-04
     -2.017942e-04
     -2.045667e-04
     -2.073554e-04
     -2.101588e-04
     -2.129753e-04
     -2.158032e-04
     -2.186410e-04
     -2.214867e-04
     -2.243385e-04
     -2.271946e-04
     -2.300528e-04
     -2.329111e-04
     -2.357674e-04
     -2.386195e-04
     -2.414650e-04
     -2.443017e-04
     -2.471272e-04
     -2.499390e-04
     -2.527346e-04
     -2.555115e-04
     -2.582671e-04
     -2.609989e-04
     -2.637041e-04
     -2.663802e-04
     -2.690243e-04
     -2.716338e-04
     -2.742058e-04
     -2.767378e-04
     -2.792269e-04
     -2.816703e-04
     -2.840653e-04
     -2.864090e-04
     -2.886988e-04
     -2.909320e-04
     -2.931056e-04
     -2.952172e-04
     -2.972639e-04
     -2.992431e-04
     -3.011522e-04
     -3.029886e-04
     -3.047497e-04
     -3.064330e-04
     -3.080361e-04
     -3.095565e-04
     -3.109917e-04
     -3.123396e-04
     -3.135979e-04
     -3.147642e-04
     -3.158365e-04
     -3.168127e-04
     -3.176907e-04
     -3.184687e-04
     -3.191446e-04
     -3.197167e-04
     -3.201832e-04
     -3.205426e-04
     -3.207930e-04
     -3.209332e-04
     -3.209615e-04
     -3.208767e-04
     -3.206775e-04
     -3.203627e-04
     -3.199311e-04
     -3.193818e-04
     -3.187139e-04
     -3.179264e-04
     -3.170187e-04
     -3.159900e-04
     -3.148399e-04
     -3.135677e-04
     -3.121733e-04
     -3.106562e-04
     -3.090162e-04
     -3.072534e-04
     -3.053676e-04
     -3.033590e-04
     -3.012278e-04
     -2.989742e-04
     -2.965988e-04
     -2.941018e-04
     -2.914841e-04
     -2.887462e-04
     -2.858889e-04
     -2.829131e-04
     -2.798198e-04
     -2.766102e-04
     -2.732852e-04
     -2.698463e-04
     -2.662948e-04
     -2.626321e-04
     -2.588598e-04
     -2.549795e-04
     -2.509930e-04
     -2.469019e-04
     -2.427083e-04
     -2.384140e-04
     -2.340211e-04
     -2.295317e-04
     -2.249479e-04
     -2.202721e-04
     -2.155065e-04
     -2.106535e-04
     -2.057154e-04
     -2.006949e-04
     -1.955943e-04
     -1.904162e-04
     -1.851633e-04
     -1.798382e-04
     -1.744435e-04
     -1.689819e-04
     -1.634562e-04
     -1.578690e-04
     -1.522232e-04
     -1.465214e-04
     -1.407664e-04
     -1.349611e-04
     -1.291080e-04
     -1.232101e-04
     -1.172700e-04
     -1.112904e-04
     -1.052742e-04
     -9.922381e-05
     -9.314208e-05
     -8.703158e-05
     -8.089492e-05
     -7.473468e-05
     -6.855338e-05
     -6.235352e-05
     -5.613757e-05
     -4.990793e-05
     -4.366698e-05
     -3.741705e-05
     -3.116043e-05
     -2.489936e-05
     -1.863602e-05
     -1.237258e-05
     -6.111122e-06
      1.462926e-07
      6.397657e-06
      1.264101e-05
      1.887443e-05
      2.509605e-05
      3.130404e-05
      3.749661e-05
      4.367202e-05
      4.982857e-05
      5.596457e-05
      6.207842e-05
      6.816850e-05
      7.423327e-05
      8.027118e-05
      8.628075e-05
      9.226050e-05
      9.820900e-05
      1.041248e-04
      1.100066e-04
      1.158529e-04
      1.216624e-04
      1.274338e-04
      1.331658e-04
      1.388570e-04
      1.445062e-04
      1.501122e-04
      1.556736e-04
      1.611892e-04
      1.666578e-04
      1.720781e-04
      1.774490e-04
      1.827691e-04
      1.880375e-04
      1.932527e-04
      1.984136e-04
      2.035192e-04
      2.085680e-04
      2.135591e-04
      2.184912e-04
      2.233632e-04
      2.281738e-04
      2.329220e-04
      2.376066e-04
      2.422265e-04
      2.467804e-04
      2.512673e-04
      2.556861e-04
      2.600355e-04
      2.643145e-04
      2.685220e-04
      2.726568e-04
      2.767179e-04
      2.807040e-04
      2.846142e-04
      2.884474e-04
      2.922023e-04
      2.958781e-04
      2.994735e-04
      3.029875e-04
      3.064190e-04
      3.097670e-04
      3.130304e-04
      3.162082e-04
      3.192993e-04
      3.223026e-04
      3.252173e-04
      3.280421e-04
      3.307761e-04
      3.334183e-04
      3.359677e-04
      3.384233e-04
      3.407841e-04
      3.430491e-04
      3.452174e-04
      3.472881e-04
      3.492601e-04
      3.511326e-04
      3.529046e-04
      3.545753e-04
      3.561438e-04
      3.576093e-04
      3.589709e-04
      3.602278e-04
      3.613793e-04
      3.624246e-04
      3.633631e-04
      3.641939e-04
      3.649166e-04
      3.655304e-04
      3.660349e-04
      3.664295e-04
      3.667137e-04
      3.668872e-04
      3.669496e-04
      3.669005e-04
      3.667398e-04
      3.664671e-04
      3.660826e-04
      3.655859e-04
      3.649773e-04
      3.642568e-04
      3.634245e-04
      3.624807e-04
      3.614257e-04
      3.602600e-04
      3.589840e-04
      3.575984e-04
      3.561037e-04
      3.545008e-04
      3.527906e-04
      3.509739e-04
      3.490518e-04
      3.470255e-04
      3.448961e-04
      3.426650e-04
      3.403337e-04
      3.379035e-04
      3.353763e-04
      3.327535e-04
      3.300371e-04
      3.272289e-04
      3.243308e-04
      3.213450e-04
      3.182735e-04
      3.151186e-04
      3.118826e-04
      3.085679e-04
      3.051768e-04
      3.017119e-04
      2.981759e-04
      2.945712e-04
      2.909007e-04
      2.871671e-04
      2.833733e-04
      2.795219e-04
      2.756161e-04
      2.716586e-04
      2.676526e-04
      2.636009e-04
      2.595067e-04
      2.553729e-04
      2.512027e-04
      2.469991e-04
      2.427653e-04
      2.385043e-04
      2.342192e-04
      2.299132e-04
      2.255893e-04
      2.212506e-04
      2.169002e-04
      2.125412e-04
      2.081765e-04
      2.038092e-04
      1.994423e-04
      1.950787e-04
      1.907213e-04
      1.863731e-04
      1.820367e-04
      1.777151e-04
      1.734110e-04
      1.691271e-04
      1.648660e-04
      1.606304e-04
      1.564227e-04
      1.522456e-04
      1.481013e-04
      1.439923e-04
      1.399210e-04
      1.358894e-04
      1.318999e-04
      1.279544e-04
      1.240551e-04
      1.202040e-04
      1.164029e-04
      1.126536e-04
      1.089579e-04
      1.053174e-04
      1.017338e-04
      9.820862e-05
      9.474320e-05
      9.133894e-05
      8.799709e-05
      8.471886e-05
      8.150532e-05
      7.835752e-05
      7.527636e-05
      7.226270e-05
      6.931729e-05
      6.644079e-05
      6.363379e-05
      6.089678e-05
      5.823014e-05
      5.563421e-05
      5.310919e-05
      5.065522e-05
      4.827236e-05
      4.596054e-05
      4.371965e-05
      4.154947e-05
      3.944969e-05
      3.741994e-05
      3.545973e-05
      3.356853e-05
      3.174570e-05
      2.999054e-05
      2.830226e-05
      2.668001e-05
      2.512286e-05
      2.362982e-05
      2.219984e-05
      2.083179e-05
      1.952448e-05
      1.827670e-05
      1.708715e-05
      1.595450e-05
      1.487736e-05
      1.385433e-05
      1.288393e-05
      1.196468e-05
      1.109507e-05
      1.027355e-05
      9.498557e-06
      8.768509e-06
      8.081816e-06
      7.436878e-06
      6.832090e-06
      6.265849e-06
      5.736554e-06
      5.242614e-06
      4.782448e-06
      4.354491e-06
      3.957196e-06
      3.589040e-06
      3.248523e-06
      2.934175e-06
      2.644556e-06
      2.378261e-06
      2.133920e-06
      1.910202e-06
      1.705817e-06
      1.519515e-06
      1.350092e-06
      1.196388e-06
      1.057289e-06
      9.317273e-07
      8.186834e-07
      7.171855e-07
      6.263099e-07
      5.451806e-07
      4.729696e-07
      4.088962e-07
      3.522263e-07
      3.022719e-07
      2.583897e-07
      2.199806e-07
      1.864879e-07
      1.573961e-07
      1.322299e-07
      1.105517e-07
      9.196107e-08
      7.609202e-08
      6.261194e-08
      5.121946e-08
      4.164278e-08
      3.363775e-08
      2.698607e-08
      2.149348e-08
      1.698797e-08
      1.331800e-08
      1.035080e-08
      7.970723e-09
      6.077652e-09
      4.585460e-09
      3.420568e-09
      2.520579e-09
      1.832988e-09
      1.313983e-09
      9.273348e-10
      6.433765e-10
      4.380680e-10
      2.921525e-10
      1.903972e-10
      1.209179e-10
      7.458305e-11
      4.449448e-11
      2.553897e-11
      1.400682e-11
      7.271334e-12
      3.523998e-12
      1.559498e-12
      6.047162e-13
      1.859893e-13
      2.895236e-14
     -1.446333e-14
     -1.702246e-14
     -9.965597e-15
     -3.931165e-15
     -8.251676e-16
      2.108591e-16
      3.088267e-16
      1.623334e-16
      4.292485e-17
     -5.344310e-18
     -1.164404e-17
     -5.740106e-18
     -9.749472e-19
      5.743062e-19
      4.870558e-19
      1.371619e-19
     -2.483276e-20
     -3.717211e-20
     -1.211517e-20
      1.583861e-21
      2.855978e-21
      8.470193e-22
     -1.883949e-22
     -2.181776e-22
     -4.250579e-23
      2.388898e-23
      1.482984e-23
      3.508884e-25
     -2.410296e-24
     -7.058472e-25
      2.216986e-25
      1.693667e-25
      1.883268e-27
     -2.703331e-26
     -5.634706e-27
      3.267901e-27
      1.446268e-27
     -2.837592e-28
     -2.654054e-28
      8.663817e-30
      4.152776e-29
      3.137850e-30
     -5.933469e-30
     -9.604032e-31
      8.073255e-31
      1.889829e-31
     -1.081067e-31
     -3.126424e-32
      1.463585e-32
      4.658844e-33
     -2.038635e-33
     -6.382667e-34
      2.930647e-34
      7.990241e-35
     -4.295972e-35
     -8.798066e-36
      6.277880e-36
      7.540566e-37
     -8.893537e-37
     -2.250647e-38
      1.182485e-37
     -9.499706e-39
     -1.412957e-38
      2.956966e-39
      1.400776e-39
     -5.704435e-40
     -8.954149e-41
      8.508343e-41
     -3.209401e-42
     -9.858364e-42
      2.209641e-42
      7.651838e-43
     -4.191617e-43
     -3.489202e-45
      5.040486e-44
     -1.095345e-44
     -3.335135e-45
      2.076482e-45
     -1.323227e-46
     -2.040313e-46
      6.900125e-47
      4.325803e-48
     -8.966048e-48
      2.087802e-48
      3.813097e-49
     -3.452082e-49
      6.470969e-50
      1.717894e-50
     -1.254907e-50
      2.289181e-51
      5.711954e-52
     -4.394548e-52
      9.360332e-53
      1.271220e-53
     -1.438869e-53
      4.009673e-54
     -2.795609e-56
     -4.000499e-55
      1.587612e-55
     -2.239595e-56
     -6.959490e-57
      5.083571e-57
     -1.417117e-57
      9.430137e-59
      9.890154e-59
     -5.203463e-59
      1.324658e-59
     -8.746368e-61
     -8.756964e-61
      4.830962e-61
     -1.403522e-61
      2.018756e-62
      3.574234e-63
     -3.589282e-63
      1.408461e-63
     -3.602432e-64
      4.981881e-65
      7.745637e-66
     -8.406750e-66
      3.599995e-66
     -1.108777e-66
      2.591488e-67
     -3.884642e-68
     -1.999957e-69
      4.435474e-69
     -2.221775e-69
      8.301961e-70
     -2.670122e-70
      7.773222e-71
     -2.098928e-71
      5.331436e-72
     -1.285539e-72
      2.961149e-73
     -6.546024e-74
      1.393707e-74
     -2.865834e-75
      5.704157e-76
     -1.101020e-76
      2.064101e-77
     -3.763248e-78
      6.679883e-79
     -1.155463e-79
      1.949259e-80
     -3.209236e-81
      5.159348e-82
     -8.102991e-83
      1.243668e-83
     -1.865852e-84
      2.736654e-85
     -3.924054e-86
      5.499994e-87
     -7.532966e-88
      1.007665e-88
     -1.315404e-89
      1.673681e-90
     -2.072034e-91
      2.489525e-92
     -2.891751e-93
      3.227964e-94
     -3.428669e-95
      3.404099e-96
     -3.044007e-97
      2.219176e-98
    -7.849819e-100
    -1.412812e-100
     4.530045e-101
    -8.714184e-102
     1.409289e-102
    -2.076184e-103
     2.877283e-104
    -3.812312e-105
     4.874714e-106
    -6.051163e-107
     7.321485e-108
    -8.659045e-109
     1.003160e-109
    -1.140261e-110
     1.273287e-111
    -1.398246e-112
     1.511277e-113
    -1.608847e-114
     1.687943e-115
    -1.746217e-116
     1.782103e-117
    -1.794875e-118
     1.784665e-119
    -1.752420e-120
     1.699824e-121
    -1.629173e-122
     1.543237e-123
    -1.445094e-124
     1.337970e-125
    -1.225085e-126
     1.109514e-127
    -9.940735e-129
     8.812352e-130
    -7.730669e-131
     6.712049e-132
    -5.768514e-133
     4.907934e-134
    -4.134394e-135
     3.448686e-136
    -2.848868e-137
     2.330849e-138
    -1.888962e-139
     1.516500e-140
    -1.206183e-141
     9.505494e-143
    -7.422767e-144
     5.744121e-145
    -4.405385e-146
     3.348742e-147
    -2.523195e-148
     1.884621e-149
    -1.395512e-150
     1.024496e-151
    -7.457342e-153
     5.382510e-154
    -3.852488e-155
     2.734520e-156
    -1.925005e-157
     1.344064e-158
    -9.308330e-160
     6.394587e-161
    -4.357798e-162
     2.946183e-163
    -1.976125e-164
     1.315087e-165
    -8.683657e-167
     5.689594e-168
    -3.699238e-169
     2.386806e-170
    -1.528329e-171
     9.712528e-173
    -6.126092e-174
     3.835222e-175
    -2.383267e-176
     1.470109e-177
    -9.002009e-179
     5.472191e-180
    -3.302426e-181
     1.978667e-182
    -1.177058e-183
     6.952256e-185
    -4.077306e-186
     2.374419e-187
    -1.373075e-188
     7.884972e-190
    -4.496671e-191
     2.546729e-192
    -1.432487e-193
     8.002574e-195
    -4.440329e-196
     2.447156e-197
    -1.339626e-198
     7.284433e-200
    -3.934701e-201
     2.111280e-202
    -1.125411e-203
     5.959668e-205
    -3.135388e-206
     1.638823e-207
    -8.510550e-209
     4.391171e-210
    -2.251195e-211
     1.146749e-212
    -5.804410e-214
     2.919407e-215
    -1.459116e-216
     7.246958e-218
    -3.576875e-219
     1.754468e-220
    -8.552477e-222
     4.143379e-223
    -1.995008e-224
     9.547130e-226
    -4.540983e-227
     2.146775e-228
    -1.008773e-229
     4.711732e-231
    -2.187553e-232
     1.009572e-233
    -4.631560e-235
     2.112214e-236
    -9.575888e-238
     4.315792e-239
    -1.933712e-240
     8.613551e-242
    -3.814533e-243
     1.679493e-244
    -7.351941e-246
     3.199792e-247
    -1.384670e-248
     5.957782e-250
    -2.548856e-251
     1.084269e-252
    -4.586359e-254
     1.929066e-255
    -8.068309e-257
     3.355694e-258
    -1.387890e-259
     5.708320e-261
    -2.334803e-262
     9.497055e-264
    -3.841776e-265
     1.545565e-266
    -6.183897e-268
     2.460733e-269
    -9.738717e-271
     3.833374e-272
    -1.500756e-273
     5.843808e-275
    -2.263319e-276
     8.718998e-278
    -3.340916e-279
     1.273356e-280
    -4.827538e-282
     1.820542e-283
    -6.829375e-285
     2.548435e-286
    -9.459866e-288
     3.493187e-289
    -1.283188e-290
     4.689185e-292
    -1.704704e-293
     6.165260e-295
    -2.218253e-296
     7.940246e-298
    -2.827654e-299
     1.001830e-300
    -3.531372e-302
     1.238455e-303
    -4.321257e-305
     1.500165e-306
    -5.181709e-308
     1.780810e-309
    -6.089451e-311
     2.071861e-312
    -7.014074e-314
     2.362724e-315
    -7.919430e-317
     2.641305e-318
    -8.766207e-320
     2.905106e-321
    -8.399116e-323
      0.000000e+00
      0.000000e+00
      0.000000e+00
      0.000000e+00
      0.000000e+00
      0.000000e+00
      0.000000e+00
      0.000000e+00
      0.000000e+00
      0.000000e+00
      0.000000e+00
      0.000000e+00
      0.000000e+00
      0.000000e+00
      0.000000e+00
      0.000000e+00
      0.000000e+00
      0.000000e+00
      0.000000e+00
      0.000000e+00
      0.000000e+00
      0.000000e+00
      0.000000e+00
      0.000000e+00
      0.000000e+00
      0.000000e+00
      0.000000e+00
      0.000000e+00
      0.000000e+00
      0.000000e+00
      0.000000e+00
      0.000000e+00
      0.000000e+00
      0.000000e+00
      0.000000e+00
      0.000000e+00
      0.000000e+00
      0.000000e+00
      0.000000e+00
      0.000000e+00
      0.000000e+00
      0.000000e+00
      0.000000e+00
      0.000000e+00
      0.000000e+00
      0.000000e+00
      0.000000e+00
      0.000000e+00
      0.000000e+00
      0.000000e+00
      0.000000e+00
      0.000000e+00
      0.000000e+00
      0.000000e+00
      0.000000e+00
      0.000000e+00
      0.000000e+00
      0.000000e+00
      0.000000e+00
      0.000000e+00
      0.000000e+00
      0.000000e+00
      0.000000e+00
      0.000000e+00
      0.000000e+00
      0.000000e+00
      0.000000e+00
      0.000000e+00
      0.000000e+00
      0.000000e+00
      0.000000e+00
      0.000000e+00
      0.000000e+00
      0.000000e+00
      0.000000e+00
      0.000000e+00
      0.000000e+00
      0.000000e+00
      0.000000e+00
      0.000000e+00
      0.000000e+00
      0.000000e+00
      0.000000e+00
      0.000000e+00
      0.000000e+00
      0.000000e+00
      0.000000e+00
      0.000000e+00
      0.000000e+00
      0.000000e+00
      0.000000e+00
      0.000000e+00
      0.000000e+00
      0.000000e+00
      0.000000e+00
      0.000000e+00
      0.000000e+00
      0.000000e+00
      0.000000e+00
      0.000000e+00
      0.000000e+00
      0.000000e+00
      0.000000e+00
      0.000000e+00
      0.000000e+00
      0.000000e+00
      0.000000e+00
      0.000000e+00
      0.000000e+00
      0.000000e+00
      0.000000e+00
      0.000000e+00
      0.000000e+00
      0.000000e+00
      0.000000e+00
      0.000000e+00
      0.000000e+00
      0.000000e+00
      0.000000e+00
      0.000000e+00
      0.000000e+00
      0.000000e+00
      0.000000e+00
      0.000000e+00
      0.000000e+00
      0.000000e+00
      0.000000e+00
      0.000000e+00
      0.000000e+00
      0.000000e+00
      0.000000e+00
      0.000000e+00
      0.000000e+00
      0.000000e+00
      0.000000e+00
      0.000000e+00
      0.000000e+00
      0.000000e+00
      0.000000e+00
      0.000000e+00
      0.000000e+00
      0.000000e+00
      0.000000e+00
      0.000000e+00
      0.000000e+00
      0.000000e+00
      0.000000e+00
      0.000000e+00
      0.000000e+00
      0.000000e+00
      0.000000e+00
      0.000000e+00
      0.000000e+00
      0.000000e+00
      0.000000e+00
      0.000000e+00
      0.000000e+00
      0.000000e+00
      0.000000e+00
      0.000000e+00
      0.000000e+00
      0.000000e+00
      0.000000e+00
      0.000000e+00
      0.000000e+00
      0.000000e+00
      0.000000e+00
      0.000000e+00
      0.000000e+00
      0.000000e+00
      0.000000e+00
      0.000000e+00
      0.000000e+00
      0.000000e+00
      0.000000e+00
      0.000000e+00
      0.000000e+00
      0.000000e+00
      0.000000e+00
      0.000000e+00
      0.000000e+00
      0.000000e+00
      0.000000e+00
      0.000000e+00
      0.000000e+00
      0.000000e+00
      0.000000e+00
      0.000000e+00
      0.000000e+00
      0.000000e+00
      0.000000e+00
      0.000000e+00
      0.000000e+00
      0.000000e+00
      0.000000e+00
      0.000000e+00
      0.000000e+00
      0.000000e+00
      0.000000e+00
      0.000000e+00
      0.000000e+00
      0.000000e+00
      0.000000e+00
      0.000000e+00
      0.000000e+00
      0.000000e+00
      0.000000e+00
      0.000000e+00
      0.000000e+00
      0.000000e+00
      0.000000e+00
      0.000000e+00
      0.000000e+00
      0.000000e+00
      0.000000e+00
      0.000000e+00
      0.000000e+00
      0.000000e+00
      0.000000e+00
      0.000000e+00
      0.000000e+00
      0.000000e+00
      0.000000e+00
      0.000000e+00
      0.000000e+00
      0.000000e+00
      0.000000e+00
      0.000000e+00
      0.000000e+00
      0.000000e+00
      0.000000e+00
      0.000000e+00
      0.000000e+00
      0.000000e+00
      0.000000e+00
      0.000000e+00
      0.000000e+00
      0.000000e+00
      0.000000e+00
      0.000000e+00
      0.000000e+00
      0.000000e+00
      0.000000e+00
      0.000000e+00
      0.000000e+00
      0.000000e+00
      0.000000e+00
      0.000000e+00
      0.000000e+00
      0.000000e+00
      0.000000e+00
      0.000000e+00
      0.000000e+00
      0.000000e+00
      0.000000e+00
      0.000000e+00
      0.000000e+00
      0.000000e+00
      0.000000e+00
      0.000000e+00
      0.000000e+00
      0.000000e+00
      0.000000e+00
      0.000000e+00
      0.000000e+00
      0.000000e+00
      0.000000e+00
      0.000000e+00
      0.000000e+00
      0.000000e+00
      0.000000e+00
      0.000000e+00
      0.000000e+00
      0.000000e+00
      0.000000e+00
      0.000000e+00
      0.000000e+00
      0.000000e+00
      0.000000e+00
      0.000000e+00
      0.000000e+00
      0.000000e+00
      0.000000e+00
      0.000000e+00
      0.000000e+00
      0.000000e+00
      0.000000e+00
      0.000000e+00
      0.000000e+00
      0.000000e+00
      0.000000e+00
      0.000000e+00
      0.000000e+00
      0.000000e+00
      0.000000e+00
      0.000000e+00
      0.000000e+00
      0.000000e+00
      0.000000e+00
      0.000000e+00
      0.000000e+00
      0.000000e+00
      0.000000e+00
      0.000000e+00
      0.000000e+00
      0.000000e+00
      0.000000e+00
      0.000000e+00
      0.000000e+00
      0.000000e+00
      0.000000e+00
      0.000000e+00
      0.000000e+00
      0.000000e+00
      0.000000e+00
      0.000000e+00
      0.000000e+00
      0.000000e+00
      0.000000e+00
      0.000000e+00
      0.000000e+00
      0.000000e+00
      0.000000e+00
      0.000000e+00
      0.000000e+00
      0.000000e+00
      0.000000e+00
      0.000000e+00
      0.000000e+00
      0.000000e+00
      0.000000e+00
      0.000000e+00
      0.000000e+00
      0.000000e+00
      0.000000e+00
      0.000000e+00
      0.000000e+00
      0.000000e+00
      0.000000e+00
      0.000000e+00
      0.000000e+00
      0.000000e+00
      0.000000e+00
      0.000000e+00
      0.000000e+00
      0.000000e+00
      0.000000e+00
      0.000000e+00
      0.000000e+00
      0.000000e+00
      0.000000e+00
      0.000000e+00
      0.000000e+00
      0.000000e+00
      0.000000e+00
      0.000000e+00
      0.000000e+00
      0.000000e+00
      0.000000e+00
      0.000000e+00
      0.000000e+00
      0.000000e+00
      0.000000e+00
      0.000000e+00
      0.000000e+00
      0.000000e+00
      0.000000e+00
      0.000000e+00
      0.000000e+00
      0.000000e+00
      0.000000e+00
      0.000000e+00
      0.000000e+00
      0.000000e+00
      0.000000e+00
      0.000000e+00
      0.000000e+00
      0.000000e+00
      0.000000e+00
      0.000000e+00
      0.000000e+00
      0.000000e+00
      0.000000e+00
      0.000000e+00
      0.000000e+00
      0.000000e+00
      0.000000e+00
      0.000000e+00
      0.000000e+00
      0.000000e+00
      0.000000e+00
      0.000000e+00
      0.000000e+00
      0.000000e+00
      0.000000e+00
      0.000000e+00
      0.000000e+00
      0.000000e+00
