      0.000000e+00
      0.000000e+00
     -2.492458e-22
     -9.964082e-22
     -1.338752e-21
     -6.647414e-22
      5.043180e-22
      2.615163e-22
     -3.057249e-21
     -8.492250e-21
     -1.212314e-20
     -1.018971e-20
     -3.264227e-21
      3.106047e-21
      2.947834e-21
     -4.718751e-21
     -1.570011e-20
     -2.550890e-20
     -3.214359e-20
     -3.285808e-20
     -2.154941e-20
      5.101050e-21
      3.779956e-20
      5.629051e-20
      4.649688e-20
      1.579619e-20
     -1.273584e-20
     -2.218113e-20
     -1.525364e-20
     -6.268184e-21
     -4.785565e-21
     -1.047651e-20
     -2.072362e-20
     -3.702003e-20
     -6.104281e-20
     -8.680512e-20
     -1.018563e-19
     -9.894478e-20
     -8.267253e-20
     -5.950068e-20
     -2.524672e-20
      2.691448e-20
      8.521172e-20
      1.188583e-19
      1.080133e-19
      6.815046e-20
      3.470486e-20
      2.413650e-20
      1.844905e-20
     -7.763993e-21
     -4.989703e-20
     -7.168507e-20
     -4.474889e-20
      1.587263e-20
      6.348548e-20
      6.529973e-20
      2.914800e-20
     -1.130903e-20
     -2.449559e-20
      5.255374e-21
      7.014725e-20
      1.317034e-19
      1.382989e-19
      7.551616e-20
     -2.558495e-21
     -1.688603e-20
      4.932601e-20
      1.204358e-19
      1.027316e-19
     -1.130459e-20
     -1.262921e-19
     -1.395017e-19
     -4.796028e-20
      4.909825e-20
      5.394490e-20
     -3.339767e-20
     -1.236656e-19
     -1.286555e-19
     -3.529449e-20
      9.263294e-20
      1.648426e-19
      1.253893e-19
     -6.110834e-21
     -1.429088e-19
     -1.985610e-19
     -1.601889e-19
     -8.953148e-20
     -4.981266e-20
     -4.555976e-20
     -3.910476e-20
     -5.722553e-21
      4.636636e-20
      9.909680e-20
      1.421691e-19
      1.642878e-19
      1.484088e-19
      9.262071e-20
      2.841635e-20
     -8.789870e-22
      1.445892e-20
      3.963494e-20
      3.960538e-20
      2.233191e-20
      2.090095e-20
      4.246373e-20
      6.368930e-20
      7.797002e-20
      1.106220e-19
      1.673044e-19
      1.986277e-19
      1.520551e-19
      4.579646e-20
     -4.415938e-20
     -6.861947e-20
     -4.736076e-20
     -2.662658e-20
     -2.619076e-20
     -3.870075e-20
     -5.298849e-20
     -5.687822e-20
     -3.512213e-20
      8.684605e-21
      3.490246e-20
      2.020113e-21
     -7.477072e-20
     -1.247239e-19
     -9.897392e-20
     -2.881567e-20
      1.513264e-20
      8.392117e-21
     -8.705567e-21
      9.390537e-21
      6.246264e-20
      1.142866e-19
      1.316789e-19
      1.097392e-19
      7.422856e-20
      6.189740e-20
      8.365081e-20
      1.032098e-19
      6.768493e-20
     -3.094922e-20
     -1.351260e-19
     -1.734610e-19
     -1.282116e-19
     -4.471062e-20
      1.674240e-20
      2.825302e-20
      4.722907e-21
     -1.663829e-20
     -1.194270e-20
      1.789840e-21
     -1.714952e-20
     -7.758107e-20
     -1.280351e-19
     -1.116104e-19
     -3.900880e-20
      2.480126e-20
      4.518304e-20
      5.275430e-20
      8.371306e-20
      1.214046e-19
      1.248605e-19
      8.988572e-20
      5.021763e-20
      5.074859e-20
      3.731158e-20
     -1.277845e-19
      3.147979e-19
      7.769731e-19
     -5.405272e-18
     -6.365857e-19
      5.666853e-17
     -4.704811e-17
     -5.501509e-16
      6.029869e-16
      5.431458e-15
     -3.505381e-15
     -5.374424e-14
     -2.526746e-14
      4.530537e-13
      1.004917e-12
     -1.937397e-12
     -1.329281e-11
     -1.900138e-11
      5.571122e-11
      3.440050e-10
      7.833929e-10
      2.347429e-10
     -5.481743e-09
     -2.697701e-08
     -8.613272e-08
     -2.219815e-07
     -4.968256e-07
     -1.001547e-06
     -1.859001e-06
     -3.224529e-06
     -5.282875e-06
     -8.241265e-06
     -1.231883e-05
     -1.773312e-05
     -2.468477e-05
     -3.334183e-05
     -4.382523e-05
     -5.619670e-05
     -7.045051e-05
     -8.650942e-05
     -1.042253e-04
     -1.233842e-04
     -1.437141e-04
     -1.648962e-04
     -1.865765e-04
     -2.083777e-04
     -2.299098e-04
     -2.507797e-04
     -2.705981e-04
     -2.889853e-04
     -3.055760e-04
     -3.200232e-04
     -3.320024e-04
     -3.412175e-04
     -3.474068e-04
     -3.503512e-04
     -3.498828e-04
     -3.458934e-04
     -3.383423e-04
     -3.272614e-04
     -3.127580e-04
     -2.950124e-04
     -2.742725e-04
     -2.508431e-04
     -2.250724e-04
     -1.973356e-04
     -1.680178e-04
     -1.374973e-04
     -1.061306e-04
     -7.424083e-05
     -4.211022e-05
     -9.976677e-06
      2.196552e-05
      5.356166e-05
      8.469022e-05
      1.152552e-04
      1.451787e-04
      1.743939e-04
      2.028407e-04
      2.304617e-04
      2.572016e-04
      2.830060e-04
      3.078217e-04
      3.315965e-04
      3.542776e-04
      3.758083e-04
      3.961243e-04
      4.151473e-04
      4.327790e-04
      4.488959e-04
      4.633451e-04
      4.759428e-04
      4.864771e-04
      4.947137e-04
      5.004057e-04
      5.033075e-04
      5.031892e-04
      4.998534e-04
      4.931505e-04
      4.829914e-04
      4.693580e-04
      4.523080e-04
      4.319760e-04
      4.085699e-04
      3.823631e-04
      3.536850e-04
      3.229082e-04
      2.904373e-04
      2.566974e-04
      2.221237e-04
      1.871540e-04
      1.522218e-04
      1.177514e-04
      8.415344e-05
      5.181988e-05
      2.111875e-05
     -7.612691e-06
     -3.407596e-05
     -5.802029e-05
     -7.925175e-05
     -9.764160e-05
     -1.131327e-04
     -1.257429e-04
     -1.355645e-04
     -1.427596e-04
     -1.475505e-04
     -1.502072e-04
     -1.510315e-04
     -1.503396e-04
     -1.484453e-04
     -1.456444e-04
     -1.422021e-04
     -1.383443e-04
     -1.342535e-04
     -1.300681e-04
     -1.258862e-04
     -1.217712e-04
     -1.177600e-04
     -1.138699e-04
     -1.101064e-04
     -1.064686e-04
     -1.029526e-04
     -9.955412e-05
     -9.626899e-05
     -9.309335e-05
     -9.002347e-05
     -8.705571e-05
     -8.418646e-05
     -8.141227e-05
     -7.872980e-05
     -7.613586e-05
     -7.362739e-05
     -7.120145e-05
     -6.885517e-05
     -6.658582e-05
     -6.439077e-05
     -6.226747e-05
     -6.021347e-05
     -5.822643e-05
     -5.630407e-05
     -5.444421e-05
     -5.264473e-05
     -5.090361e-05
     -4.921889e-05
     -4.758868e-05
     -4.601116e-05
     -4.448459e-05
     -4.300727e-05
     -4.157756e-05
     -4.019390e-05
     -3.885477e-05
     -3.755870e-05
     -3.630428e-05
     -3.509016e-05
     -3.391500e-05
     -3.277756e-05
     -3.167659e-05
     -3.061092e-05
     -2.957941e-05
     -2.858094e-05
     -2.761447e-05
     -2.667895e-05
     -2.577340e-05
     -2.489686e-05
     -2.404840e-05
     -2.322712e-05
     -2.243216e-05
     -2.166268e-05
     -2.091788e-05
     -2.019697e-05
     -1.949920e-05
     -1.882383e-05
     -1.817017e-05
     -1.753752e-05
     -1.692523e-05
     -1.633267e-05
     -1.575920e-05
     -1.520424e-05
     -1.466721e-05
     -1.414755e-05
     -1.364471e-05
     -1.315818e-05
     -1.268745e-05
     -1.223202e-05
     -1.179142e-05
     -1.136519e-05
     -1.095289e-05
     -1.055409e-05
     -1.016837e-05
     -9.795320e-06
     -9.434556e-06
     -9.085696e-06
     -8.748373e-06
     -8.422233e-06
     -8.106930e-06
     -7.802131e-06
     -7.507511e-06
     -7.222758e-06
     -6.947568e-06
     -6.681646e-06
     -6.424707e-06
     -6.176473e-06
     -5.936677e-06
     -5.705059e-06
     -5.481365e-06
     -5.265352e-06
     -5.056783e-06
     -4.855427e-06
     -4.661061e-06
     -4.473468e-06
     -4.292439e-06
     -4.117770e-06
     -3.949263e-06
     -3.786726e-06
     -3.949263e-06
     -4.117770e-06
     -4.292439e-06
     -4.473468e-06
     -4.661061e-06
     -4.855427e-06
     -5.056783e-06
     -5.265352e-06
     -5.481365e-06
     -5.705059e-06
     -5.936677e-06
     -6.176473e-06
     -6.424707e-06
     -6.681646e-06
     -6.947568e-06
     -7.222758e-06
     -7.507511e-06
     -7.802131e-06
     -8.106930e-06
     -8.422233e-06
     -8.748373e-06
     -9.085696e-06
     -9.434556e-06
     -9.795320e-06
     -1.016837e-05
     -1.055409e-05
     -1.095289e-05
     -1.136519e-05
     -1.179142e-05
     -1.223202e-05
     -1.268745e-05
     -1.315818e-05
     -1.364471e-05
     -1.414755e-05
     -1.466721e-05
     -1.520424e-05
     -1.575920e-05
     -1.633267e-05
     -1.692523e-05
     -1.753752e-05
     -1.817017e-05
     -1.882383e-05
     -1.949920e-05
     -2.019697e-05
     -2.091788e-05
     -2.166268e-05
     -2.243216e-05
     -2.322712e-05
     -2.404840e-05
     -2.489686e-05
     -2.577340e-05
     -2.667895e-05
     -2.761447e-05
     -2.858094e-05
     -2.957941e-05
     -3.061092e-05
     -3.167659e-05
     -3.277756e-05
     -3.391500e-05
     -3.509016e-05
     -3.630428e-05
     -3.755870e-05
     -3.885477e-05
     -4.019390e-05
     -4.157756e-05
     -4.300727e-05
     -4.448459e-05
     -4.601116e-05
     -4.758868e-05
     -4.921889e-05
     -5.090361e-05
     -5.264473e-05
     -5.444421e-05
     -5.630407e-05
     -5.822643e-05
     -6.021347e-05
     -6.226747e-05
     -6.439077e-05
     -6.658582e-05
     -6.885517e-05
     -7.120145e-05
     -7.362739e-05
     -7.613586e-05
     -7.872979e-05
     -8.141227e-05
     -8.418647e-05
     -8.705573e-05
     -9.002348e-05
     -9.309331e-05
     -9.626894e-05
     -9.955425e-05
     -1.029533e-04
     -1.064701e-04
     -1.101092e-04
     -1.138750e-04
     -1.177722e-04
     -1.218053e-04
     -1.259786e-04
     -1.302954e-04
     -1.347575e-04
     -1.393638e-04
     -1.441094e-04
     -1.489837e-04
     -1.539692e-04
     -1.590404e-04
     -1.641616e-04
     -1.692871e-04
     -1.743603e-04
     -1.793140e-04
     -1.840711e-04
     -1.885461e-04
     -1.926467e-04
     -1.962762e-04
     -1.993358e-04
     -2.017273e-04
     -2.033552e-04
     -2.041294e-04
     -2.039670e-04
     -2.027944e-04
     -2.005481e-04
     -1.971767e-04
     -1.926412e-04
     -1.869160e-04
     -1.799894e-04
     -1.718643e-04
     -1.625580e-04
     -1.521026e-04
     -1.405449e-04
     -1.279458e-04
     -1.143796e-04
     -9.993286e-05
     -8.470245e-05
     -6.879396e-05
     -5.231914e-05
     -3.539344e-05
     -1.813344e-05
     -6.542733e-07
      1.693254e-05
      3.452102e-05
      5.201211e-05
      6.931448e-05
      8.634491e-05
      1.030280e-04
      1.192957e-04
      1.350862e-04
      1.503432e-04
      1.650148e-04
      1.790520e-04
      1.924089e-04
      2.050412e-04
      2.169062e-04
      2.279625e-04
      2.381701e-04
      2.474901e-04
      2.558852e-04
      2.633190e-04
      2.697569e-04
      2.751655e-04
      2.795133e-04
      2.827706e-04
      2.849102e-04
      2.859084e-04
      2.857457e-04
      2.844089e-04
      2.818918e-04
      2.781979e-04
      2.733413e-04
      2.673490e-04
      2.602617e-04
      2.521345e-04
      2.430376e-04
      2.330556e-04
      2.222861e-04
      2.108387e-04
      1.988324e-04
      1.863932e-04
      1.736516e-04
      1.607396e-04
      1.477882e-04
      1.349250e-04
      1.222719e-04
      1.099434e-04
      9.804466e-05
      8.667053e-05
      7.590411e-05
      6.581582e-05
      5.646249e-05
      4.788665e-05
      4.011591e-05
      3.316271e-05
      2.702420e-05
      2.168274e-05
      1.710668e-05
      1.325176e-05
      1.006297e-05
      7.476882e-06
      5.424272e-06
      3.832985e-06
      2.630784e-06
      1.748028e-06
      1.119982e-06
      6.886414e-07
      4.039435e-07
      2.243518e-07
      1.168278e-07
      5.627587e-08
      2.458849e-08
      9.441900e-09
      3.001107e-09
      6.749531e-10
      3.160766e-11
     -5.830625e-11
     -3.011907e-11
     -6.071737e-12
      1.131236e-12
      1.107922e-12
      2.162986e-13
     -7.105965e-14
     -4.324418e-14
     -6.785616e-16
      4.986183e-15
      7.871549e-16
     -4.906098e-16
     -1.260745e-16
      4.963448e-17
      1.430891e-17
     -5.668011e-18
     -1.209741e-18
      6.871907e-19
      4.512277e-20
     -7.448710e-20
      8.207408e-21
      5.456264e-21
     -1.972372e-21
     -6.451368e-24
      1.763149e-22
     -5.155712e-23
      1.552982e-24
      3.707297e-24
     -1.462850e-24
      2.687945e-25
      3.064264e-27
     -2.092089e-26
      8.820694e-27
     -2.509594e-27
      5.730281e-28
     -1.113904e-28
      1.893612e-29
     -2.850003e-30
      3.805789e-31
     -4.466246e-32
      4.461972e-33
     -3.434974e-34
      1.146727e-35
      2.426848e-36
     -7.048848e-37
      1.224413e-37
     -1.738844e-38
      2.183834e-39
     -2.506338e-40
      2.674411e-41
     -2.681310e-42
      2.543595e-43
     -2.294672e-44
      1.976151e-45
     -1.629483e-46
      1.289643e-47
     -9.816629e-49
      7.199137e-50
     -5.094185e-51
      3.482705e-52
     -2.303106e-53
      1.474760e-54
     -9.152723e-56
      5.510308e-57
     -3.220632e-58
      1.828783e-59
     -1.009559e-60
      5.421529e-62
     -2.833905e-63
      1.442645e-64
     -7.155938e-66
      3.460315e-67
     -1.631938e-68
      7.509598e-70
     -3.373112e-71
      1.479492e-72
     -6.339000e-74
      2.654028e-75
     -1.086201e-76
      4.346817e-78
     -1.701450e-79
      6.515950e-81
     -2.442115e-82
      8.959786e-84
     -3.218706e-85
      1.132455e-86
     -3.903164e-88
      1.318148e-89
     -4.362697e-91
      1.415395e-92
     -4.502111e-94
      1.404276e-95
     -4.295998e-97
      1.289218e-98
    -3.795870e-100
     1.096701e-101
    -3.109741e-103
     8.655311e-105
    -2.364970e-106
     6.344715e-108
    -1.671472e-109
     4.324555e-111
    -1.098984e-112
     2.743468e-114
    -6.728451e-116
     1.621375e-117
    -3.839279e-119
     8.934215e-121
    -2.043359e-122
     4.593603e-124
    -1.015127e-125
     2.205366e-127
    -4.710520e-129
     9.892749e-131
    -2.042941e-132
     4.148722e-134
    -8.285527e-136
     1.627417e-137
    -3.143946e-139
     5.974082e-141
    -1.116627e-142
     2.053079e-144
    -3.713480e-146
     6.607708e-148
    -1.156722e-149
     1.992180e-151
    -3.375672e-153
     5.627726e-155
    -9.231108e-157
     1.489800e-158
    -2.365693e-160
     3.696118e-162
    -5.681838e-164
     8.593762e-166
    -1.278859e-167
     1.872393e-169
    -2.697081e-171
     3.822059e-173
    -5.328283e-175
     7.307008e-177
    -9.856568e-179
     1.307711e-180
    -1.706309e-182
     2.189361e-184
    -2.762079e-186
     3.425711e-188
    -4.176258e-190
     5.003334e-192
    -5.889329e-194
     6.809059e-196
    -7.730041e-198
     8.613534e-200
    -9.416357e-202
     1.009345e-203
    -1.060105e-205
     1.090015e-207
    -1.096000e-209
     1.076127e-211
    -1.029840e-213
     9.580956e-216
    -8.633660e-218
     7.495121e-220
    -6.215248e-222
     4.851644e-224
    -3.465316e-226
     2.116161e-228
    -8.586726e-231
    -2.616872e-233
     1.211121e-234
    -1.968936e-236
     2.527733e-238
    -2.892446e-240
     3.078435e-242
    -3.108948e-244
     3.012271e-246
    -2.818894e-248
     2.558971e-250
    -2.260259e-252
     1.946659e-254
    -1.637374e-256
     1.346640e-258
    -1.083929e-260
     8.544929e-263
    -6.601179e-265
     4.999626e-267
    -3.713768e-269
     2.706333e-271
      0.000000e+00
      0.000000e+00
