      0.000000e+00
      0.000000e+00
     -2.207836e-21
     -2.251671e-21
     -1.894937e-22
     -6.149030e-21
     -2.120780e-20
     -2.827356e-20
     -2.843544e-20
     -3.956628e-20
     -4.712170e-20
     -2.963854e-20
     -1.013277e-20
     -1.536425e-20
     -3.024700e-20
     -2.823724e-20
     -9.584681e-21
      9.167226e-21
      2.445204e-20
      3.368157e-20
      1.074476e-20
     -5.170894e-20
     -1.015849e-19
     -9.137930e-20
     -5.050885e-20
     -3.808776e-20
     -4.479744e-20
     -2.473433e-20
      1.491664e-21
     -9.166931e-21
     -3.754762e-20
     -6.735657e-20
     -1.015509e-19
     -2.481544e-19
      2.101392e-18
     -3.049672e-17
      3.668715e-16
     -3.531763e-15
      2.419279e-14
     -6.592065e-14
     -9.065304e-13
      1.494465e-11
     -1.052267e-10
      2.779607e-10
      1.278183e-09
     -9.883164e-09
     -1.175036e-08
      1.824208e-07
      4.590416e-07
     -1.696808e-06
     -1.366089e-05
     -4.612617e-05
     -1.056209e-04
     -1.865149e-04
     -2.700815e-04
     -3.313925e-04
     -3.487961e-04
     -3.117965e-04
     -2.251652e-04
     -1.064836e-04
      2.292725e-05
      1.473207e-04
      2.592314e-04
      3.558821e-04
      4.340897e-04
      4.865883e-04
      5.014803e-04
      4.671685e-04
      3.812954e-04
      2.564664e-04
      1.174264e-04
     -7.853586e-06
     -9.767151e-05
     -1.435580e-04
     -1.521648e-04
     -1.396585e-04
     -1.214788e-04
     -1.054402e-04
     -9.247741e-05
     -8.127300e-05
     -7.115980e-05
     -6.217321e-05
     -5.433807e-05
     -4.750500e-05
     -4.151017e-05
     -3.624403e-05
     -3.162256e-05
     -2.756717e-05
     -2.400706e-05
     -2.088157e-05
     -1.813827e-05
     -1.573122e-05
     -1.362018e-05
     -1.176992e-05
     -1.014954e-05
     -8.731912e-06
     -7.493134e-06
     -6.412169e-06
     -5.470450e-06
     -4.651578e-06
     -3.941043e-06
     -4.651580e-06
     -5.470452e-06
     -6.412171e-06
     -7.493137e-06
     -8.731915e-06
     -1.014955e-05
     -1.176992e-05
     -1.362018e-05
     -1.573123e-05
     -1.813828e-05
     -2.088155e-05
     -2.400702e-05
     -2.756735e-05
     -3.162293e-05
     -3.624315e-05
     -4.150785e-05
     -4.750890e-05
     -5.435281e-05
     -6.216463e-05
     -7.108885e-05
     -8.127962e-05
     -9.289619e-05
     -1.061538e-04
     -1.214143e-04
     -1.390860e-04
     -1.590110e-04
     -1.794446e-04
     -1.964073e-04
     -2.042384e-04
     -1.973129e-04
     -1.720415e-04
     -1.282382e-04
     -6.936628e-05
     -1.541185e-06
      6.832165e-05
      1.342246e-04
      1.917670e-04
      2.377834e-04
      2.696634e-04
      2.850163e-04
      2.819948e-04
      2.603074e-04
      2.224277e-04
      1.740012e-04
      1.227873e-04
      7.653401e-05
      4.081593e-05
      1.769175e-05
      5.666024e-06
      1.038928e-06
     -3.615068e-08
     -5.783105e-08
      2.219975e-09
      5.518269e-09
     -2.251681e-10
     -4.065178e-10
      6.200048e-11
      1.302867e-11
     -6.042757e-12
      1.028743e-12
     -8.601637e-14
     -1.194927e-15
      1.535961e-15
     -2.716127e-16
      3.191843e-17
     -2.939855e-18
      2.256257e-19
     -1.489653e-20
      8.629842e-22
     -4.446704e-23
      2.058325e-24
     -8.624632e-26
      3.291017e-27
     -1.149170e-28
      3.686499e-30
     -1.089983e-31
      2.978128e-33
     -7.535353e-35
      1.768553e-36
     -3.854896e-38
      7.809451e-40
     -1.470846e-41
      2.574769e-43
     -4.185239e-45
      6.305149e-47
     -8.775157e-49
      1.122140e-50
     -1.306357e-52
      1.361414e-54
     -1.226676e-56
      8.724286e-59
     -3.178675e-61
     -3.647452e-63
      1.064232e-64
     -1.659697e-66
      2.054377e-68
     -2.201245e-70
      2.111080e-72
      0.000000e+00
      0.000000e+00
