      0.000000e+00
      0.000000e+00
     -2.413282e-23
     -1.599675e-22
     -2.723833e-22
     -2.477019e-22
     -1.637052e-23
      3.800694e-22
      7.928270e-22
      1.046512e-21
      1.032807e-21
      7.387042e-22
      2.066573e-22
     -4.963318e-22
     -1.253674e-21
     -1.879614e-21
     -2.189480e-21
     -2.123982e-21
     -1.801923e-21
     -1.476895e-21
     -1.522455e-21
     -2.485210e-21
     -4.986939e-21
     -9.271142e-21
     -1.466979e-20
     -1.967287e-20
     -2.288433e-20
     -2.409656e-20
     -2.421066e-20
     -2.371567e-20
     -2.121142e-20
     -1.402038e-20
     -1.135104e-21
      1.401263e-20
      2.421255e-20
      2.310366e-20
      1.032133e-20
     -7.458248e-21
     -2.085365e-20
     -2.386379e-20
     -1.654082e-20
     -2.612370e-21
      1.463347e-20
      3.370309e-20
      5.267098e-20
      6.687796e-20
      7.023530e-20
      5.975782e-20
      3.917438e-20
      1.790409e-20
      5.620740e-21
      6.132156e-21
      1.468226e-20
      2.051349e-20
      1.345906e-20
     -9.177931e-21
     -4.002828e-20
     -6.585668e-20
     -7.646792e-20
     -7.216091e-20
     -6.378286e-20
     -6.458702e-20
     -7.963112e-20
     -1.012102e-19
     -1.148980e-19
     -1.121556e-19
     -9.882294e-20
     -9.098543e-20
     -1.005866e-19
     -1.232960e-19
     -1.400065e-19
     -1.311407e-19
     -9.170256e-20
     -3.546135e-20
      1.336099e-20
      3.388220e-20
      1.959499e-20
     -1.845838e-20
     -5.798488e-20
     -7.831332e-20
     -7.172671e-20
     -4.515738e-20
     -1.274442e-20
      1.159579e-20
      1.556031e-20
     -1.064465e-20
     -6.599866e-20
     -1.287483e-19
     -1.619382e-19
     -1.392375e-19
     -6.957542e-20
      7.532997e-21
      5.638592e-20
      7.617246e-20
      9.631184e-20
      1.403022e-19
      1.954185e-19
      2.198767e-19
      1.817443e-19
      9.308124e-20
      6.839924e-21
     -2.272929e-20
      1.695599e-20
      8.731431e-20
      1.307904e-19
      1.164645e-19
      5.991683e-20
      3.697801e-21
     -1.869133e-20
     -1.770900e-21
      4.001558e-20
      8.904657e-20
      1.296225e-19
      1.430983e-19
      1.101707e-19
      2.730381e-20
     -7.768152e-20
     -1.521473e-19
     -1.501939e-19
     -6.670950e-20
      5.562853e-20
      1.554075e-19
      1.948818e-19
      1.797781e-19
      1.413544e-19
      1.020003e-19
      5.985324e-20
      4.081576e-21
     -6.177445e-20
     -1.162773e-19
     -1.375928e-19
     -1.200249e-19
     -7.397261e-20
     -1.520662e-20
      4.326182e-20
      9.326204e-20
      1.310047e-19
      1.540732e-19
      1.553793e-19
      1.219974e-19
      4.787601e-20
     -4.754833e-20
     -1.182983e-19
     -1.194944e-19
     -4.294006e-20
      7.324361e-20
      1.707227e-19
      2.084533e-19
      1.813705e-19
      1.139252e-19
      4.336985e-20
      5.075065e-21
      1.933638e-20
      7.896282e-20
      1.474390e-19
      1.772573e-19
      1.402459e-19
      4.652113e-20
     -6.331261e-20
     -1.442231e-19
     -1.692365e-19
     -1.357560e-19
     -5.994469e-20
      3.147994e-20
      1.088827e-19
      1.476969e-19
      1.354745e-19
      7.580825e-20
     -1.056781e-20
     -8.864592e-20
     -1.221896e-19
     -9.813711e-20
     -4.506951e-20
     -2.004882e-20
     -6.277498e-20
     -1.554664e-19
     -2.324654e-19
     -2.375330e-19
     -1.745988e-19
     -1.002381e-19
     -6.563485e-20
     -6.865856e-20
     -6.462619e-20
     -2.049771e-20
      4.828541e-20
      9.722662e-20
      1.038169e-19
      9.166987e-20
      1.016529e-19
      1.437785e-19
      1.829648e-19
      1.724144e-19
      9.872840e-20
     -3.944827e-21
     -7.902875e-20
     -8.722263e-20
     -3.184041e-20
      4.395909e-20
      8.513659e-20
      6.133433e-20
     -1.278372e-20
     -8.996849e-20
     -1.260647e-19
     -1.086548e-19
     -5.691491e-20
      1.777678e-22
      4.365876e-20
      6.916387e-20
      8.121834e-20
      8.624181e-20
      8.672281e-20
      7.740608e-20
      4.811698e-20
     -5.248987e-21
     -7.072598e-20
     -1.234804e-19
     -1.418694e-19
     -1.214815e-19
     -7.402300e-20
     -1.431443e-20
      4.961513e-20
      1.138512e-19
      1.687671e-19
      1.954703e-19
      1.761134e-19
      1.118127e-19
      3.120539e-20
     -2.433437e-20
     -3.297771e-20
     -1.378350e-20
     -1.014550e-20
     -4.376351e-20
     -8.522071e-20
     -7.937349e-20
     -6.603284e-21
      8.569519e-20
      1.225125e-19
      7.462934e-20
     -1.426266e-20
     -7.858770e-20
     -1.021149e-19
     -1.269062e-19
     -1.917032e-19
     -2.765713e-19
     -3.214142e-19
     -2.932841e-19
     -2.182144e-19
     -1.422267e-19
     -7.809520e-20
     -8.969070e-21
      6.048344e-20
      8.203983e-20
      1.147040e-20
     -1.271110e-19
     -2.420490e-19
     -2.487973e-19
     -1.421813e-19
      5.379770e-21
      1.093872e-19
      1.329627e-19
      9.423662e-20
      3.665243e-20
      1.353276e-21
      1.469723e-20
      7.900680e-20
      1.646007e-19
      2.197687e-19
      2.042032e-19
      1.204325e-19
      1.133833e-20
     -7.563117e-20
     -1.225330e-19
     -1.422800e-19
     -1.524337e-19
     -1.533357e-19
     -1.330100e-19
     -8.961224e-20
     -4.312903e-20
     -2.067077e-20
     -3.010700e-20
     -5.187850e-20
     -6.021812e-20
     -5.156762e-20
     -4.803973e-20
     -7.072981e-20
     -1.116702e-19
     -1.356679e-19
     -1.121928e-19
     -4.709937e-20
      1.610482e-20
      2.834382e-20
     -2.584233e-20
     -1.152499e-19
     -1.867170e-19
     -2.057021e-19
     -1.765930e-19
     -1.283481e-19
     -8.701293e-20
     -6.552549e-20
     -7.302186e-20
     -1.185116e-19
     -1.951805e-19
     -2.668172e-19
     -2.860602e-19
     -2.371052e-19
     -1.570940e-19
     -1.040686e-19
     -9.793211e-20
     -9.806758e-20
     -4.797303e-20
      5.636934e-20
      1.497730e-19
      1.570606e-19
      6.962301e-20
     -4.183508e-20
     -9.350210e-20
     -6.538852e-20
     -1.145291e-20
      2.063018e-21
     -3.749766e-20
     -8.385135e-20
     -8.484418e-20
     -3.598041e-20
      1.677024e-20
      2.318411e-20
     -2.272375e-20
     -7.845340e-20
     -9.720261e-20
     -7.668835e-20
     -6.071484e-20
     -8.870680e-20
     -1.478174e-19
     -1.848509e-19
     -1.681625e-19
     -1.276307e-19
     -1.227455e-19
     -1.731739e-19
     -2.306682e-19
     -2.230511e-19
     -1.223017e-19
      2.936659e-20
      1.515746e-19
      1.811350e-19
      1.097850e-19
     -1.375367e-20
     -1.148065e-19
     -1.402900e-19
     -9.286160e-20
     -2.175146e-20
      2.320538e-20
      1.579155e-20
     -5.483862e-20
     -7.290563e-20
      3.380624e-19
      9.065407e-19
     -1.209142e-18
     -7.422535e-18
     -6.212742e-19
      5.204323e-17
      8.996508e-17
     -1.978182e-16
     -1.001677e-15
     -7.878124e-16
      4.869234e-15
      1.700544e-14
      1.240333e-14
     -7.502601e-14
     -2.964226e-13
     -4.358726e-13
      4.421052e-13
      4.186063e-12
      1.210435e-11
      1.924419e-11
      7.098866e-13
     -1.140257e-10
     -4.822204e-10
     -1.406414e-09
     -3.411106e-09
     -7.337592e-09
     -1.445728e-08
     -2.660460e-08
     -4.633100e-08
     -7.708063e-08
     -1.233857e-07
     -1.910763e-07
     -2.874944e-07
     -4.217009e-07
     -6.046609e-07
     -8.493943e-07
     -1.171081e-06
     -1.587112e-06
     -2.117078e-06
     -2.782700e-06
     -3.607685e-06
     -4.617525e-06
     -5.839223e-06
     -7.300970e-06
     -9.031757e-06
     -1.106095e-05
     -1.341780e-05
     -1.613099e-05
     -1.922808e-05
     -2.273499e-05
     -2.667553e-05
     -3.107085e-05
     -3.593903e-05
     -4.129464e-05
     -4.714835e-05
     -5.350667e-05
     -6.037164e-05
     -6.774071e-05
     -7.560662e-05
     -8.395731e-05
     -9.277602e-05
     -1.020413e-04
     -1.117274e-04
     -1.218040e-04
     -1.322369e-04
     -1.429881e-04
     -1.540162e-04
     -1.652766e-04
     -1.767218e-04
     -1.883019e-04
     -1.999647e-04
     -2.116561e-04
     -2.233205e-04
     -2.349006e-04
     -2.463383e-04
     -2.575743e-04
     -2.685484e-04
     -2.792000e-04
     -2.894679e-04
     -2.992905e-04
     -3.086059e-04
     -3.173523e-04
     -3.254677e-04
     -3.328905e-04
     -3.395592e-04
     -3.454130e-04
     -3.503919e-04
     -3.544368e-04
     -3.574899e-04
     -3.594950e-04
     -3.603975e-04
     -3.601454e-04
     -3.586889e-04
     -3.559811e-04
     -3.519781e-04
     -3.466397e-04
     -3.399291e-04
     -3.318135e-04
     -3.222645e-04
     -3.112575e-04
     -2.987729e-04
     -2.847950e-04
     -2.693130e-04
     -2.523206e-04
     -2.338159e-04
     -2.138017e-04
     -1.922854e-04
     -1.692791e-04
     -1.447997e-04
     -1.188695e-04
     -9.151667e-05
     -6.277576e-05
     -3.268922e-05
     -1.308677e-06
      3.130295e-05
      6.506889e-05
      9.989530e-05
      1.356672e-04
      1.722435e-04
      2.094517e-04
      2.470807e-04
      2.848738e-04
      3.225208e-04
      3.596500e-04
      3.958209e-04
      4.305190e-04
      4.631535e-04
      4.930616e-04
      5.195198e-04
      5.417669e-04
      5.590411e-04
      5.706314e-04
      5.759437e-04
      5.745770e-04
      5.663999e-04
      5.516150e-04
      5.307951e-04
      5.048764e-04
      4.751027e-04
      4.429213e-04
      4.098473e-04
      3.773204e-04
      3.465805e-04
      3.185845e-04
      2.939722e-04
      2.730793e-04
      2.559845e-04
      2.425716e-04
      2.325945e-04
      2.257324e-04
      2.216324e-04
      2.199393e-04
      2.203138e-04
      2.224427e-04
      2.260434e-04
      2.308644e-04
      2.366836e-04
      2.433056e-04
      2.505584e-04
      2.582898e-04
      2.663646e-04
      2.746614e-04
      2.830703e-04
      2.914911e-04
      2.998310e-04
      3.080040e-04
      3.159292e-04
      3.235306e-04
      3.307362e-04
      3.374779e-04
      3.436909e-04
      3.493143e-04
      3.542908e-04
      3.585668e-04
      3.620928e-04
      3.648235e-04
      3.667182e-04
      3.677407e-04
      3.678601e-04
      3.670504e-04
      3.652910e-04
      3.625668e-04
      3.588680e-04
      3.541902e-04
      3.485344e-04
      3.419068e-04
      3.343185e-04
      3.257856e-04
      3.163284e-04
      3.059714e-04
      2.947431e-04
      2.826751e-04
      2.698025e-04
      2.561629e-04
      2.417962e-04
      2.267445e-04
      2.110516e-04
      1.947627e-04
      1.779242e-04
      1.605834e-04
      1.427882e-04
      1.245873e-04
      1.060296e-04
      8.716411e-05
      6.804009e-05
      4.870657e-05
      2.921239e-05
      9.605962e-06
     -1.006482e-05
     -2.975284e-05
     -4.941186e-05
     -6.899680e-05
     -8.846391e-05
     -1.077710e-04
     -1.268777e-04
     -1.457454e-04
     -1.643379e-04
     -1.826211e-04
     -2.005633e-04
     -2.181350e-04
     -2.353089e-04
     -2.520598e-04
     -2.683638e-04
     -2.841981e-04
     -2.995400e-04
     -3.143658e-04
     -3.286498e-04
     -3.423622e-04
     -3.554677e-04
     -3.679230e-04
     -3.796742e-04
     -3.906542e-04
     -4.007794e-04
     -4.099468e-04
     -4.180309e-04
     -4.248812e-04
     -4.303202e-04
     -4.341438e-04
     -4.361231e-04
     -4.360095e-04
     -4.335448e-04
     -4.284760e-04
     -4.205760e-04
     -4.096700e-04
     -3.956669e-04
     -3.785903e-04
     -3.586073e-04
     -3.360447e-04
     -3.113898e-04
     -2.852682e-04
     -2.583996e-04
     -2.315361e-04
     -2.053937e-04
     -1.805892e-04
     -1.575945e-04
     -1.367156e-04
     -1.180963e-04
     -1.017411e-04
     -8.754904e-05
     -7.534980e-05
     -6.493596e-05
     -5.608796e-05
     -4.859141e-05
     -4.224761e-05
     -3.687879e-05
     -3.232996e-05
     -2.846834e-05
     -2.518165e-05
     -2.237578e-05
     -1.997230e-05
     -1.790611e-05
     -1.612327e-05
     -1.457909e-05
     -1.323655e-05
     -1.206494e-05
     -1.103871e-05
     -1.013659e-05
     -9.340799e-06
     -8.636436e-06
     -8.010972e-06
     -7.453843e-06
     -6.956108e-06
     -6.510175e-06
     -6.109578e-06
     -5.748792e-06
     -5.423076e-06
     -5.128355e-06
     -4.861113e-06
     -4.618306e-06
     -4.397292e-06
     -4.195771e-06
     -4.011737e-06
     -3.843432e-06
     -3.689317e-06
     -3.548035e-06
     -3.418392e-06
     -3.299333e-06
     -3.189924e-06
     -3.089336e-06
     -2.996833e-06
     -2.911759e-06
     -2.833532e-06
     -2.761629e-06
     -2.695584e-06
     -2.634982e-06
     -2.579450e-06
     -2.528653e-06
     -2.482291e-06
     -2.440098e-06
     -2.401832e-06
     -2.367279e-06
     -2.336244e-06
     -2.308558e-06
     -2.284064e-06
     -2.262628e-06
     -2.244126e-06
     -2.228452e-06
     -2.215509e-06
     -2.205213e-06
     -2.197491e-06
     -2.192277e-06
     -2.189517e-06
     -2.189159e-06
     -2.191162e-06
     -2.195488e-06
     -2.202101e-06
     -2.210972e-06
     -2.222070e-06
     -2.235365e-06
     -2.250825e-06
     -2.268413e-06
     -2.288086e-06
     -2.309792e-06
     -2.333465e-06
     -2.359022e-06
     -2.386357e-06
     -2.415338e-06
     -2.445797e-06
     -2.477523e-06
     -2.510253e-06
     -2.543661e-06
     -2.577347e-06
     -2.610818e-06
     -2.643482e-06
     -2.674621e-06
     -2.703383e-06
     -2.728764e-06
     -2.749592e-06
     -2.764525e-06
     -2.772050e-06
     -2.770502e-06
     -2.758096e-06
     -2.732993e-06
     -2.693394e-06
     -2.637671e-06
     -2.564533e-06
     -2.473222e-06
     -2.363709e-06
     -2.236875e-06
     -2.094613e-06
     -1.939834e-06
     -1.776330e-06
     -1.608494e-06
     -1.440935e-06
     -1.278044e-06
     -1.123601e-06
     -9.804924e-07
     -8.505854e-07
     -7.347487e-07
     -6.329968e-07
     -5.446977e-07
     -4.687930e-07
     -4.039947e-07
     -3.489392e-07
     -3.022939e-07
     -2.628225e-07
     -2.294191e-07
     -2.011187e-07
     -1.770946e-07
     -1.566481e-07
     -1.391931e-07
     -1.242417e-07
     -1.113886e-07
     -1.002982e-07
     -9.069249e-08
     -8.234112e-08
     -7.505299e-08
     -6.866925e-08
     -6.305752e-08
     -5.810720e-08
     -5.372560e-08
     -4.983480e-08
     -4.636907e-08
     -4.327280e-08
     -4.049878e-08
     -3.800677e-08
     -3.576240e-08
     -3.373620e-08
     -3.190281e-08
     -3.024035e-08
     -2.872989e-08
     -2.735500e-08
     -2.610138e-08
     -2.495653e-08
     -2.390954e-08
     -2.295081e-08
     -2.207191e-08
     -2.126543e-08
     -2.052478e-08
     -1.984416e-08
     -1.921842e-08
     -1.864297e-08
     -1.811373e-08
     -1.762709e-08
     -1.717979e-08
     -1.676894e-08
     -1.639194e-08
     -1.604648e-08
     -1.573048e-08
     -1.544207e-08
     -1.517959e-08
     -1.494154e-08
     -1.472659e-08
     -1.453353e-08
     -1.436129e-08
     -1.420892e-08
     -1.407557e-08
     -1.396047e-08
     -1.386296e-08
     -1.378245e-08
     -1.371840e-08
     -1.367036e-08
     -1.363793e-08
     -1.362075e-08
     -1.361853e-08
     -1.363099e-08
     -1.365790e-08
     -1.369904e-08
     -1.375422e-08
     -1.382326e-08
     -1.390597e-08
     -1.400214e-08
     -1.411155e-08
     -1.423394e-08
     -1.436897e-08
     -1.451623e-08
     -1.467522e-08
     -1.484527e-08
     -1.467522e-08
     -1.451623e-08
     -1.436897e-08
     -1.423394e-08
     -1.411155e-08
     -1.400214e-08
     -1.390597e-08
     -1.382326e-08
     -1.375422e-08
     -1.369904e-08
     -1.365790e-08
     -1.363099e-08
     -1.361853e-08
     -1.362075e-08
     -1.363793e-08
     -1.367036e-08
     -1.371840e-08
     -1.378245e-08
     -1.386296e-08
     -1.396047e-08
     -1.407557e-08
     -1.420892e-08
     -1.436129e-08
     -1.453353e-08
     -1.472659e-08
     -1.494154e-08
     -1.517959e-08
     -1.544207e-08
     -1.573048e-08
     -1.604648e-08
     -1.639194e-08
     -1.676894e-08
     -1.717979e-08
     -1.762709e-08
     -1.811374e-08
     -1.864297e-08
     -1.921842e-08
     -1.984416e-08
     -2.052478e-08
     -2.126543e-08
     -2.207192e-08
     -2.295081e-08
     -2.390954e-08
     -2.495653e-08
     -2.610138e-08
     -2.735501e-08
     -2.872989e-08
     -3.024035e-08
     -3.190281e-08
     -3.373621e-08
     -3.576241e-08
     -3.800678e-08
     -4.049879e-08
     -4.327282e-08
     -4.636909e-08
     -4.983482e-08
     -5.372563e-08
     -5.810724e-08
     -6.305756e-08
     -6.866930e-08
     -7.505305e-08
     -8.234119e-08
     -9.069257e-08
     -1.002983e-07
     -1.113887e-07
     -1.242417e-07
     -1.391931e-07
     -1.566480e-07
     -1.770944e-07
     -2.011182e-07
     -2.294184e-07
     -2.628214e-07
     -3.022923e-07
     -3.489371e-07
     -4.039924e-07
     -4.687910e-07
     -5.446968e-07
     -6.329978e-07
     -7.347523e-07
     -8.505916e-07
     -9.805001e-07
     -1.123608e-06
     -1.278049e-06
     -1.440937e-06
     -1.608491e-06
     -1.776324e-06
     -1.939826e-06
     -2.094605e-06
     -2.236869e-06
     -2.363706e-06
     -2.473220e-06
     -2.564533e-06
     -2.637672e-06
     -2.693396e-06
     -2.732995e-06
     -2.758098e-06
     -2.770504e-06
     -2.772051e-06
     -2.764525e-06
     -2.749592e-06
     -2.728764e-06
     -2.703383e-06
     -2.674621e-06
     -2.643482e-06
     -2.610818e-06
     -2.577346e-06
     -2.543661e-06
     -2.510253e-06
     -2.477523e-06
     -2.445797e-06
     -2.415338e-06
     -2.386357e-06
     -2.359022e-06
     -2.333465e-06
     -2.309792e-06
     -2.288086e-06
     -2.268413e-06
     -2.250825e-06
     -2.235365e-06
     -2.222070e-06
     -2.210972e-06
     -2.202101e-06
     -2.195488e-06
     -2.191162e-06
     -2.189159e-06
     -2.189517e-06
     -2.192277e-06
     -2.197491e-06
     -2.205213e-06
     -2.215509e-06
     -2.228452e-06
     -2.244126e-06
     -2.262628e-06
     -2.284064e-06
     -2.308558e-06
     -2.336244e-06
     -2.367279e-06
     -2.401832e-06
     -2.440098e-06
     -2.482292e-06
     -2.528653e-06
     -2.579450e-06
     -2.634982e-06
     -2.695584e-06
     -2.761629e-06
     -2.833532e-06
     -2.911759e-06
     -2.996833e-06
     -3.089336e-06
     -3.189924e-06
     -3.299333e-06
     -3.418392e-06
     -3.548035e-06
     -3.689317e-06
     -3.843432e-06
     -4.011737e-06
     -4.195771e-06
     -4.397292e-06
     -4.618307e-06
     -4.861114e-06
     -5.128356e-06
     -5.423077e-06
     -5.748793e-06
     -6.109580e-06
     -6.510177e-06
     -6.956110e-06
     -7.453847e-06
     -8.010976e-06
     -8.636441e-06
     -9.340805e-06
     -1.013660e-05
     -1.103872e-05
     -1.206495e-05
     -1.323656e-05
     -1.457910e-05
     -1.612328e-05
     -1.790612e-05
     -1.997231e-05
     -2.237578e-05
     -2.518164e-05
     -2.846831e-05
     -3.232990e-05
     -3.687868e-05
     -4.224744e-05
     -4.859120e-05
     -5.608770e-05
     -6.493572e-05
     -7.534978e-05
     -8.754961e-05
     -1.017430e-04
     -1.181008e-04
     -1.367247e-04
     -1.576118e-04
     -1.806203e-04
     -2.054472e-04
     -2.316251e-04
     -2.585429e-04
     -2.854921e-04
     -3.117297e-04
     -3.365470e-04
     -3.593314e-04
     -3.796110e-04
     -3.970767e-04
     -4.115816e-04
     -4.231247e-04
     -4.318222e-04
     -4.378759e-04
     -4.415422e-04
     -4.431049e-04
     -4.428545e-04
     -4.410725e-04
     -4.380214e-04
     -4.339392e-04
     -4.290363e-04
     -4.234953e-04
     -4.174721e-04
     -4.110984e-04
     -4.044833e-04
     -3.977169e-04
     -3.908721e-04
     -3.840075e-04
     -3.771696e-04
     -3.703945e-04
     -3.637101e-04
     -3.571370e-04
     -3.506903e-04
     -3.443802e-04
     -3.382134e-04
     -3.321936e-04
     -3.263217e-04
     -3.205973e-04
     -3.150182e-04
     -3.095810e-04
     -3.042817e-04
     -2.991156e-04
     -2.940774e-04
     -2.891617e-04
     -2.843628e-04
     -2.796749e-04
     -2.750922e-04
     -2.706086e-04
     -2.662186e-04
     -2.619162e-04
     -2.576959e-04
     -2.535521e-04
     -2.494794e-04
     -2.454723e-04
     -2.415257e-04
     -2.376346e-04
     -2.337940e-04
     -2.299990e-04
     -2.262449e-04
     -2.225272e-04
     -2.188414e-04
     -2.151832e-04
     -2.115483e-04
     -2.079325e-04
     -2.043318e-04
     -2.007421e-04
     -1.971595e-04
     -1.935800e-04
     -1.899997e-04
     -1.864145e-04
     -1.828204e-04
     -1.792130e-04
     -1.755880e-04
     -1.719405e-04
     -1.682657e-04
     -1.645578e-04
     -1.608110e-04
     -1.570185e-04
     -1.531728e-04
     -1.492654e-04
     -1.452868e-04
     -1.412261e-04
     -1.370706e-04
     -1.328060e-04
     -1.284157e-04
     -1.238805e-04
     -1.191780e-04
     -1.142824e-04
     -1.091635e-04
     -1.037861e-04
     -9.810915e-05
     -9.208448e-05
     -8.565563e-05
     -7.875627e-05
     -7.130843e-05
     -6.322031e-05
     -5.438388e-05
     -4.467208e-05
     -3.393574e-05
     -2.200040e-05
     -8.663113e-06
      6.310154e-06
      2.318597e-05
      4.226264e-05
      6.386559e-05
      8.833705e-05
      1.160174e-04
      1.472154e-04
      1.821653e-04
      2.209714e-04
      2.635434e-04
      3.095337e-04
      3.582907e-04
      4.088464e-04
      4.599495e-04
      5.101492e-04
      5.579194e-04
      6.018014e-04
      6.405400e-04
      6.731869e-04
      6.991577e-04
      7.182377e-04
      7.305461e-04
      7.364715e-04
      7.365949e-04
      7.316136e-04
      7.222749e-04
      7.093238e-04
      6.934666e-04
      6.753473e-04
      6.555360e-04
      6.345245e-04
      6.127284e-04
      5.904925e-04
      5.680976e-04
      5.457688e-04
      5.236834e-04
      5.019780e-04
      4.807559e-04
      4.600924e-04
      4.400408e-04
      4.206360e-04
      4.018986e-04
      3.838380e-04
      3.664547e-04
      3.497424e-04
      3.336900e-04
      3.182824e-04
      3.035019e-04
      2.893291e-04
      2.757434e-04
      2.627235e-04
      2.502478e-04
      2.382950e-04
      2.268440e-04
      2.158739e-04
      2.053648e-04
      1.952972e-04
      1.856523e-04
      1.764122e-04
      1.675596e-04
      1.590781e-04
      1.509519e-04
      1.431660e-04
      1.357062e-04
      1.285589e-04
      1.217111e-04
      1.151506e-04
      1.088658e-04
      1.028456e-04
      9.707970e-05
      9.155807e-05
      8.627143e-05
      8.121094e-05
      7.636826e-05
      7.173555e-05
      6.730539e-05
      6.307079e-05
      5.902519e-05
      5.516238e-05
      5.147652e-05
      4.796212e-05
      4.461395e-05
      4.142711e-05
      3.839690e-05
      3.551889e-05
      3.278880e-05
      3.020254e-05
      2.775617e-05
      2.544582e-05
      2.326775e-05
      2.121823e-05
      1.929361e-05
      1.749021e-05
      1.580438e-05
      1.423241e-05
      1.277057e-05
      1.141507e-05
      1.016203e-05
      9.007544e-06
      7.947597e-06
      6.978112e-06
      6.094938e-06
      5.293854e-06
      4.570585e-06
      3.920806e-06
      3.340161e-06
      2.824273e-06
      2.368766e-06
      1.969282e-06
      1.621501e-06
      1.321160e-06
      1.064072e-06
      8.461507e-07
      6.634248e-07
      5.120583e-07
      3.883677e-07
      2.888380e-07
      2.101384e-07
      1.491380e-07
      1.029223e-07
      6.881081e-08
      4.437639e-08
      2.746525e-08
      1.621409e-08
      9.061196e-09
      4.746790e-09
      2.299675e-09
      1.009624e-09
      3.879354e-10
      1.211671e-10
      2.413457e-11
     -2.303874e-12
     -5.019503e-12
     -2.663129e-12
     -7.800980e-13
     -3.061937e-14
      1.003870e-13
      5.449190e-14
      1.074923e-14
     -3.302012e-15
     -2.977934e-15
     -6.875848e-16
      1.830591e-16
      1.631290e-16
      2.548273e-17
     -1.594669e-17
     -7.933425e-18
      3.020101e-19
      1.177301e-18
      1.927535e-19
     -1.274028e-19
     -4.581405e-20
      1.102345e-20
      7.302928e-21
     -7.874446e-22
     -1.001349e-21
      5.138855e-23
      1.282483e-22
     -5.107317e-24
     -1.579655e-23
      1.054707e-24
      1.855918e-24
     -2.433313e-25
     -1.985617e-25
      4.776577e-26
      1.728997e-26
     -7.690419e-27
     -7.990868e-28
      9.816471e-28
     -8.880871e-29
     -8.869045e-29
      2.808467e-29
      3.038294e-30
     -3.650979e-30
      6.125887e-31
      2.073226e-31
     -1.198106e-31
      1.472343e-32
      7.215006e-33
     -3.741131e-33
      5.573411e-34
      1.608919e-34
     -1.097148e-34
      2.578223e-35
      1.495427e-37
     -2.379739e-36
      9.500818e-37
     -1.861986e-37
     -2.888187e-39
      1.717938e-38
     -7.436156e-39
      1.968191e-39
     -3.080577e-40
     -1.253485e-41
      3.055437e-41
     -1.404924e-41
      4.668212e-42
     -1.303605e-42
      3.227830e-43
     -7.276141e-44
      1.516373e-44
     -2.950885e-45
      5.399131e-46
     -9.333742e-47
      1.530013e-47
     -2.384197e-48
      3.537704e-49
     -5.002700e-50
      6.741897e-51
     -8.649334e-52
      1.053643e-52
     -1.212846e-53
      1.307587e-54
     -1.298263e-55
      1.145071e-56
     -8.135985e-58
      2.807467e-59
      4.600162e-60
     -1.395103e-60
      2.489755e-61
     -3.689912e-62
      4.926881e-63
     -6.124219e-64
      7.205798e-65
     -8.103864e-66
      8.765900e-67
     -9.159368e-68
      9.273801e-69
     -9.120165e-70
      8.727861e-71
     -8.140003e-72
      7.407834e-73
     -6.585089e-74
      5.723016e-75
     -4.866535e-76
      4.051771e-77
     -3.304959e-78
      2.642545e-79
     -2.072197e-80
      1.594374e-81
     -1.204153e-82
      8.930474e-84
     -6.506163e-85
      4.657781e-86
     -3.277734e-87
      2.267971e-88
     -1.543448e-89
      1.033361e-90
     -6.808104e-92
      4.414872e-93
     -2.818554e-94
      1.771924e-95
     -1.097145e-96
      6.692212e-98
     -4.022020e-99
     2.382140e-100
    -1.390641e-101
     8.003145e-103
    -4.541249e-104
     2.541131e-105
    -1.402432e-106
     7.634898e-108
    -4.100654e-109
     2.173156e-110
    -1.136513e-111
     5.866241e-113
    -2.988831e-114
     1.503321e-115
    -7.465553e-117
     3.660851e-118
    -1.772802e-119
     8.478982e-121
    -4.005697e-122
     1.869425e-123
    -8.619394e-125
     3.926690e-126
    -1.767661e-127
     7.863824e-129
    -3.457565e-130
     1.502612e-131
    -6.455065e-133
     2.741373e-134
    -1.151025e-135
     4.778433e-137
    -1.961571e-138
     7.962946e-140
    -3.196885e-141
     1.269391e-142
    -4.985517e-144
     1.936874e-145
    -7.443873e-147
     2.830295e-148
    -1.064702e-149
     3.962928e-151
    -1.459563e-152
     5.319553e-154
    -1.918664e-155
     6.848884e-157
    -2.419708e-158
     8.461606e-160
    -2.928961e-161
     1.003619e-162
    -3.404409e-164
     1.143286e-165
    -3.801285e-167
     1.251383e-168
    -4.079021e-170
     1.316583e-171
    -4.208114e-173
     1.331970e-174
    -4.175305e-176
     1.296250e-177
    -3.985794e-179
     1.213907e-180
    -3.662000e-182
     1.094289e-183
    -3.239246e-185
     9.498858e-187
    -2.759507e-188
     7.942203e-190
    -2.264728e-191
     6.398424e-193
    -1.791131e-194
     4.968153e-196
    -1.365497e-197
     3.719029e-199
    -1.003751e-200
     2.684696e-202
    -7.116235e-204
     1.869415e-205
    -4.867150e-207
     1.255946e-208
    -3.212236e-210
     8.143234e-212
    -2.046219e-213
     5.096656e-215
    -1.258371e-216
     3.079884e-218
    -7.472634e-220
     1.797374e-221
    -4.285877e-223
     1.013185e-224
    -2.374629e-226
     5.517879e-228
    -1.271241e-229
     2.903845e-231
    -6.576860e-233
     1.476975e-234
    -3.288873e-236
     7.261885e-238
    -1.589972e-239
     3.452044e-241
    -7.432224e-243
     1.586812e-244
    -3.359736e-246
     7.054495e-248
    -1.468980e-249
     3.033633e-251
    -6.213195e-253
     1.262059e-254
    -2.542518e-256
     5.080140e-258
    -1.006750e-259
     1.978830e-261
    -3.857833e-263
     7.459896e-265
    -1.430813e-266
     2.722075e-268
    -5.136772e-270
     9.615227e-272
    -1.785309e-273
     3.288195e-275
    -6.007551e-277
     1.088775e-278
    -1.957423e-280
     3.490939e-282
    -6.176113e-284
     1.083948e-285
    -1.887235e-287
     3.259660e-289
    -5.585363e-291
     9.494392e-293
    -1.601118e-294
     2.678696e-296
    -4.446013e-298
     7.320969e-300
    -1.195969e-301
     1.938330e-303
    -3.116695e-305
     4.971901e-307
    -7.868906e-309
     1.235583e-310
    -1.924853e-312
     2.975038e-314
    -4.562032e-316
     6.940590e-318
    -1.047567e-319
     1.561247e-321
    -1.482197e-323
      0.000000e+00
      0.000000e+00
      0.000000e+00
      0.000000e+00
      0.000000e+00
      0.000000e+00
      0.000000e+00
      0.000000e+00
      0.000000e+00
      0.000000e+00
      0.000000e+00
      0.000000e+00
      0.000000e+00
      0.000000e+00
      0.000000e+00
      0.000000e+00
      0.000000e+00
      0.000000e+00
      0.000000e+00
      0.000000e+00
      0.000000e+00
      0.000000e+00
      0.000000e+00
      0.000000e+00
      0.000000e+00
      0.000000e+00
      0.000000e+00
      0.000000e+00
      0.000000e+00
      0.000000e+00
      0.000000e+00
      0.000000e+00
      0.000000e+00
      0.000000e+00
      0.000000e+00
      0.000000e+00
      0.000000e+00
      0.000000e+00
      0.000000e+00
      0.000000e+00
      0.000000e+00
      0.000000e+00
      0.000000e+00
      0.000000e+00
      0.000000e+00
      0.000000e+00
      0.000000e+00
      0.000000e+00
      0.000000e+00
      0.000000e+00
      0.000000e+00
      0.000000e+00
      0.000000e+00
      0.000000e+00
      0.000000e+00
      0.000000e+00
      0.000000e+00
      0.000000e+00
      0.000000e+00
      0.000000e+00
      0.000000e+00
      0.000000e+00
      0.000000e+00
      0.000000e+00
      0.000000e+00
      0.000000e+00
      0.000000e+00
      0.000000e+00
      0.000000e+00
      0.000000e+00
      0.000000e+00
      0.000000e+00
      0.000000e+00
      0.000000e+00
      0.000000e+00
      0.000000e+00
      0.000000e+00
      0.000000e+00
      0.000000e+00
      0.000000e+00
      0.000000e+00
      0.000000e+00
      0.000000e+00
      0.000000e+00
      0.000000e+00
      0.000000e+00
      0.000000e+00
      0.000000e+00
      0.000000e+00
      0.000000e+00
      0.000000e+00
      0.000000e+00
      0.000000e+00
      0.000000e+00
      0.000000e+00
      0.000000e+00
      0.000000e+00
      0.000000e+00
      0.000000e+00
      0.000000e+00
      0.000000e+00
      0.000000e+00
      0.000000e+00
      0.000000e+00
      0.000000e+00
      0.000000e+00
      0.000000e+00
