      0.000000e+00
      0.000000e+00
     -2.413282e-23
     -1.599675e-22
     -2.723833e-22
     -2.477019e-22
     -1.637052e-23
      3.800694e-22
      7.928270e-22
      1.046512e-21
      1.032807e-21
      7.387042e-22
      2.066573e-22
     -4.963318e-22
     -1.253674e-21
     -1.879614e-21
     -2.189480e-21
     -2.123982e-21
     -1.801923e-21
     -1.476895e-21
     -1.522455e-21
     -2.485210e-21
     -4.986939e-21
     -9.271142e-21
     -1.466979e-20
     -1.967287e-20
     -2.288433e-20
     -2.409656e-20
     -2.421066e-20
     -2.371567e-20
     -2.121142e-20
     -1.402038e-20
     -1.135104e-21
      1.401263e-20
      2.421255e-20
      2.310366e-20
      1.032133e-20
     -7.458248e-21
     -2.085365e-20
     -2.386379e-20
     -1.654082e-20
     -2.612370e-21
      1.463347e-20
      3.370309e-20
      5.267098e-20
      6.687796e-20
      7.023530e-20
      5.975782e-20
      3.917438e-20
      1.790409e-20
      5.620740e-21
      6.132156e-21
      1.468226e-20
      2.051349e-20
      1.345906e-20
     -9.177931e-21
     -4.002828e-20
     -6.585668e-20
     -7.646792e-20
     -7.216091e-20
     -6.378286e-20
     -6.458702e-20
     -7.963112e-20
     -1.012102e-19
     -1.148980e-19
     -1.121556e-19
     -9.882294e-20
     -9.098543e-20
     -1.005866e-19
     -1.232960e-19
     -1.400065e-19
     -1.311407e-19
     -9.170256e-20
     -3.546135e-20
      1.336099e-20
      3.388220e-20
      1.959499e-20
     -1.845838e-20
     -5.798488e-20
     -7.831332e-20
     -7.172671e-20
     -4.515738e-20
     -1.274442e-20
      1.159579e-20
      1.556031e-20
     -1.064465e-20
     -6.599866e-20
     -1.287483e-19
     -1.619382e-19
     -1.392375e-19
     -6.957542e-20
      7.532997e-21
      5.638592e-20
      7.617246e-20
      9.631184e-20
      1.403022e-19
      1.954185e-19
      2.198767e-19
      1.817443e-19
      9.308124e-20
      6.839924e-21
     -2.272929e-20
      1.695599e-20
      8.731431e-20
      1.307904e-19
      1.164645e-19
      5.991683e-20
      3.697801e-21
     -1.869133e-20
     -1.770900e-21
      4.001558e-20
      8.904657e-20
      1.296225e-19
      1.430983e-19
      1.101707e-19
      2.730381e-20
     -7.768152e-20
     -1.521473e-19
     -1.501939e-19
     -6.670950e-20
      5.562853e-20
      1.554075e-19
      1.948818e-19
      1.797781e-19
      1.413544e-19
      1.020003e-19
      5.985324e-20
      4.081576e-21
     -6.177445e-20
     -1.162773e-19
     -1.375928e-19
     -1.200249e-19
     -7.397261e-20
     -1.520662e-20
      4.326182e-20
      9.326204e-20
      1.310047e-19
      1.540732e-19
      1.553793e-19
      1.219974e-19
      4.787601e-20
     -4.754833e-20
     -1.182983e-19
     -1.194944e-19
     -4.294006e-20
      7.324361e-20
      1.707227e-19
      2.084533e-19
      1.813705e-19
      1.139252e-19
      4.336985e-20
      5.075065e-21
      1.933638e-20
      7.896282e-20
      1.474390e-19
      1.772573e-19
      1.402459e-19
      4.652113e-20
     -6.331261e-20
     -1.442231e-19
     -1.692365e-19
     -1.357560e-19
     -5.994469e-20
      3.147994e-20
      1.088827e-19
      1.476969e-19
      1.354745e-19
      7.580825e-20
     -1.056781e-20
     -8.864592e-20
     -1.221896e-19
     -9.813711e-20
     -4.506951e-20
     -2.004882e-20
     -6.277498e-20
     -1.554664e-19
     -2.324654e-19
     -2.375330e-19
     -1.745988e-19
     -1.002381e-19
     -6.563485e-20
     -6.865856e-20
     -6.462619e-20
     -2.049771e-20
      4.828541e-20
      9.722662e-20
      1.038169e-19
      9.166987e-20
      1.016529e-19
      1.437785e-19
      1.829648e-19
      1.724144e-19
      9.872840e-20
     -3.944827e-21
     -7.902875e-20
     -8.722263e-20
     -3.184041e-20
      4.395909e-20
      8.513659e-20
      6.133433e-20
     -1.278372e-20
     -8.996849e-20
     -1.260647e-19
     -1.086548e-19
     -5.691491e-20
      1.777678e-22
      4.365876e-20
      6.916387e-20
      8.121834e-20
      8.624181e-20
      8.672281e-20
      7.740608e-20
      4.811698e-20
     -5.248987e-21
     -7.072598e-20
     -1.234804e-19
     -1.418694e-19
     -1.214815e-19
     -7.402300e-20
     -1.431443e-20
      4.961513e-20
      1.138512e-19
      1.687671e-19
      1.954703e-19
      1.761134e-19
      1.118127e-19
      3.120539e-20
     -2.433437e-20
     -3.297771e-20
     -1.378350e-20
     -1.014550e-20
     -4.376351e-20
     -8.522071e-20
     -7.937349e-20
     -6.603284e-21
      8.569519e-20
      1.225125e-19
      7.462934e-20
     -1.426266e-20
     -7.858770e-20
     -1.021149e-19
     -1.269062e-19
     -1.917032e-19
     -2.765713e-19
     -3.214142e-19
     -2.932841e-19
     -2.182144e-19
     -1.422267e-19
     -7.809520e-20
     -8.969070e-21
      6.048344e-20
      8.203983e-20
      1.147040e-20
     -1.271110e-19
     -2.420490e-19
     -2.487973e-19
     -1.421813e-19
      5.379770e-21
      1.093872e-19
      1.329627e-19
      9.423662e-20
      3.665243e-20
      1.353276e-21
      1.469723e-20
      7.900680e-20
      1.646007e-19
      2.197687e-19
      2.042032e-19
      1.204325e-19
      1.133833e-20
     -7.563117e-20
     -1.225330e-19
     -1.422800e-19
     -1.524337e-19
     -1.533357e-19
     -1.330100e-19
     -8.961224e-20
     -4.312903e-20
     -2.067077e-20
     -3.010700e-20
     -5.187850e-20
     -6.021812e-20
     -5.156762e-20
     -4.803973e-20
     -7.072981e-20
     -1.116702e-19
     -1.356679e-19
     -1.121928e-19
     -4.709937e-20
      1.610482e-20
      2.834382e-20
     -2.584233e-20
     -1.152499e-19
     -1.867170e-19
     -2.057021e-19
     -1.765930e-19
     -1.283481e-19
     -8.701293e-20
     -6.552549e-20
     -7.302186e-20
     -1.185116e-19
     -1.951805e-19
     -2.668172e-19
     -2.860602e-19
     -2.371052e-19
     -1.570940e-19
     -1.040686e-19
     -9.793211e-20
     -9.806758e-20
     -4.797303e-20
      5.636934e-20
      1.497730e-19
      1.570606e-19
      6.962301e-20
     -4.183508e-20
     -9.350210e-20
     -6.538852e-20
     -1.145291e-20
      2.063018e-21
     -3.749766e-20
     -8.385135e-20
     -8.484418e-20
     -3.598041e-20
      1.677024e-20
      2.318411e-20
     -2.272375e-20
     -7.845340e-20
     -9.720261e-20
     -7.668835e-20
     -6.071484e-20
     -8.870680e-20
     -1.478174e-19
     -1.848509e-19
     -1.681625e-19
     -1.276307e-19
     -1.227455e-19
     -1.731739e-19
     -2.306682e-19
     -2.230511e-19
     -1.223017e-19
      2.936657e-20
      1.515746e-19
      1.811352e-19
      1.097851e-19
     -1.375469e-20
     -1.148075e-19
     -1.402833e-19
     -9.285532e-20
     -2.179402e-20
      2.318168e-20
      1.611030e-20
     -5.480079e-20
     -7.598545e-20
      3.361771e-19
      9.345812e-19
     -1.154680e-18
     -7.576137e-18
     -1.306761e-18
      5.200015e-17
      9.473160e-17
     -1.892836e-16
     -1.020701e-15
     -8.921391e-16
      4.766031e-15
      1.750200e-14
      1.444526e-14
     -7.284555e-14
     -3.043081e-13
     -4.754707e-13
      3.674799e-13
      4.202356e-12
      1.267003e-11
      2.124144e-11
      4.655126e-12
     -1.114813e-10
     -4.978831e-10
     -1.491371e-09
     -3.689247e-09
     -8.068338e-09
     -1.612705e-08
     -3.004726e-08
     -5.287146e-08
     -8.868930e-08
     -1.428264e-07
     -2.220275e-07
     -3.346253e-07
     -4.906862e-07
     -7.021245e-07
     -9.827765e-07
     -1.348428e-06
     -1.816791e-06
     -2.407417e-06
     -3.141557e-06
     -4.041960e-06
     -5.132608e-06
     -6.438398e-06
     -7.984773e-06
     -9.797307e-06
     -1.190126e-05
     -1.432111e-05
     -1.708005e-05
     -2.019951e-05
     -2.369870e-05
     -2.759412e-05
     -3.189917e-05
     -3.662374e-05
     -4.177393e-05
     -4.735177e-05
     -5.335503e-05
     -5.977709e-05
     -6.660692e-05
     -7.382908e-05
     -8.142385e-05
     -8.936736e-05
     -9.763186e-05
     -1.061859e-04
     -1.149949e-04
     -1.240212e-04
     -1.332244e-04
     -1.425624e-04
     -1.519909e-04
     -1.614644e-04
     -1.709364e-04
     -1.803598e-04
     -1.896871e-04
     -1.988708e-04
     -2.078638e-04
     -2.166195e-04
     -2.250918e-04
     -2.332357e-04
     -2.410073e-04
     -2.483637e-04
     -2.552634e-04
     -2.616663e-04
     -2.675338e-04
     -2.728289e-04
     -2.775166e-04
     -2.815634e-04
     -2.849382e-04
     -2.876118e-04
     -2.895578e-04
     -2.907521e-04
     -2.911737e-04
     -2.908044e-04
     -2.896296e-04
     -2.876382e-04
     -2.848229e-04
     -2.811804e-04
     -2.767116e-04
     -2.714218e-04
     -2.653208e-04
     -2.584227e-04
     -2.507464e-04
     -2.423150e-04
     -2.331561e-04
     -2.233012e-04
     -2.127858e-04
     -2.016488e-04
     -1.899323e-04
     -1.776810e-04
     -1.649417e-04
     -1.517632e-04
     -1.381950e-04
     -1.242875e-04
     -1.100909e-04
     -9.565498e-05
     -8.102858e-05
     -6.625896e-05
     -5.139148e-05
     -3.646923e-05
     -2.153271e-05
     -6.619612e-06
      8.235385e-06
      2.300069e-05
      3.764783e-05
      5.215142e-05
      6.648910e-05
      8.064133e-05
      9.459126e-05
      1.083245e-04
      1.218288e-04
      1.350938e-04
      1.481110e-04
      1.608732e-04
      1.733743e-04
      1.856091e-04
      1.975733e-04
      2.092629e-04
      2.206744e-04
      2.318047e-04
      2.426506e-04
      2.532092e-04
      2.634778e-04
      2.734536e-04
      2.831339e-04
      2.925161e-04
      3.015978e-04
      3.103764e-04
      3.188497e-04
      3.270153e-04
      3.348708e-04
      3.424137e-04
      3.496414e-04
      3.565508e-04
      3.631383e-04
      3.693999e-04
      3.753304e-04
      3.809238e-04
      3.861728e-04
      3.910689e-04
      3.956017e-04
      3.997596e-04
      4.035289e-04
      4.068941e-04
      4.098382e-04
      4.123422e-04
      4.143855e-04
      4.159461e-04
      4.170010e-04
      4.175259e-04
      4.174962e-04
      4.168870e-04
      4.156739e-04
      4.138331e-04
      4.113418e-04
      4.081792e-04
      4.043266e-04
      3.997680e-04
      3.944904e-04
      3.884843e-04
      3.817441e-04
      3.742683e-04
      3.660597e-04
      3.571256e-04
      3.474780e-04
      3.371333e-04
      3.261125e-04
      3.144410e-04
      3.021482e-04
      2.892676e-04
      2.758363e-04
      2.618945e-04
      2.474854e-04
      2.326546e-04
      2.174501e-04
      2.019211e-04
      1.861184e-04
      1.700939e-04
      1.538996e-04
      1.375883e-04
      1.212123e-04
      1.048239e-04
      8.847482e-05
      7.221614e-05
      5.609801e-05
      4.016956e-05
      2.447885e-05
      9.072622e-06
     -6.003702e-06
     -2.070620e-05
     -3.499254e-05
     -4.882213e-05
     -6.215627e-05
     -7.495831e-05
     -8.719383e-05
     -9.883088e-05
     -1.098402e-04
     -1.201953e-04
     -1.298732e-04
     -1.388538e-04
     -1.471212e-04
     -1.546630e-04
     -1.614709e-04
     -1.675411e-04
     -1.728738e-04
     -1.774741e-04
     -1.813511e-04
     -1.845188e-04
     -1.869951e-04
     -1.888026e-04
     -1.899673e-04
     -1.905192e-04
     -1.904915e-04
     -1.899201e-04
     -1.888437e-04
     -1.873025e-04
     -1.853383e-04
     -1.829936e-04
     -1.803113e-04
     -1.773340e-04
     -1.741035e-04
     -1.706604e-04
     -1.670437e-04
     -1.632900e-04
     -1.594339e-04
     -1.555070e-04
     -1.515382e-04
     -1.475533e-04
     -1.435752e-04
     -1.396235e-04
     -1.357151e-04
     -1.318639e-04
     -1.280812e-04
     -1.243756e-04
     -1.207539e-04
     -1.172206e-04
     -1.137787e-04
     -1.104296e-04
     -1.071737e-04
     -1.040104e-04
     -1.009386e-04
     -9.795638e-05
     -9.506174e-05
     -9.225240e-05
     -8.952600e-05
     -8.688014e-05
     -8.431246e-05
     -8.182066e-05
     -7.940250e-05
     -7.705581e-05
     -7.477846e-05
     -7.256842e-05
     -7.042370e-05
     -6.834237e-05
     -6.632255e-05
     -6.436242e-05
     -6.246022e-05
     -6.061424e-05
     -5.882282e-05
     -5.708435e-05
     -5.539725e-05
     -5.376001e-05
     -5.217116e-05
     -5.062927e-05
     -4.913295e-05
     -4.768085e-05
     -4.627167e-05
     -4.490414e-05
     -4.357702e-05
     -4.228912e-05
     -4.103929e-05
     -3.982640e-05
     -3.864935e-05
     -3.750709e-05
     -3.639859e-05
     -3.532284e-05
     -3.427890e-05
     -3.326580e-05
     -3.228265e-05
     -3.132855e-05
     -3.040265e-05
     -2.950412e-05
     -2.863214e-05
     -2.778593e-05
     -2.696474e-05
     -2.616781e-05
     -2.539443e-05
     -2.464391e-05
     -2.391557e-05
     -2.320876e-05
     -2.252284e-05
     -2.185719e-05
     -2.121121e-05
     -2.058433e-05
     -1.997597e-05
     -1.938559e-05
     -1.881266e-05
     -1.825666e-05
     -1.771709e-05
     -1.719347e-05
     -1.668533e-05
     -1.619220e-05
     -1.571365e-05
     -1.524924e-05
     -1.479856e-05
     -1.436120e-05
     -1.393676e-05
     -1.352487e-05
     -1.312515e-05
     -1.273724e-05
     -1.236080e-05
     -1.199548e-05
     -1.164096e-05
     -1.129692e-05
     -1.096304e-05
     -1.063904e-05
     -1.032461e-05
     -1.001947e-05
     -9.723347e-06
     -9.435979e-06
     -9.157103e-06
     -8.886470e-06
     -8.623835e-06
     -8.368962e-06
     -8.121622e-06
     -7.881592e-06
     -7.648656e-06
     -7.422604e-06
     -7.203233e-06
     -6.990345e-06
     -6.783749e-06
     -6.583259e-06
     -6.388694e-06
     -6.199880e-06
     -6.016646e-06
     -5.838827e-06
     -5.666264e-06
     -5.498800e-06
     -5.336286e-06
     -5.178575e-06
     -5.025525e-06
     -4.876998e-06
     -4.732861e-06
     -4.592984e-06
     -4.457241e-06
     -4.325509e-06
     -4.197671e-06
     -4.073611e-06
     -3.953218e-06
     -3.836383e-06
     -3.723000e-06
     -3.612969e-06
     -3.506190e-06
     -3.402566e-06
     -3.302005e-06
     -3.204416e-06
     -3.109711e-06
     -3.017806e-06
     -2.928616e-06
     -2.842062e-06
     -2.758067e-06
     -2.676553e-06
     -2.597449e-06
     -2.520683e-06
     -2.446186e-06
     -2.373890e-06
     -2.303731e-06
     -2.235645e-06
     -2.169572e-06
     -2.105451e-06
     -2.043226e-06
     -1.982840e-06
     -1.924238e-06
     -1.867368e-06
     -1.812179e-06
     -1.758621e-06
     -1.706646e-06
     -1.656207e-06
     -1.607258e-06
     -1.559757e-06
     -1.513659e-06
     -1.468924e-06
     -1.425510e-06
     -1.383380e-06
     -1.342495e-06
     -1.302818e-06
     -1.264314e-06
     -1.226948e-06
     -1.190686e-06
     -1.155496e-06
     -1.121346e-06
     -1.088205e-06
     -1.056044e-06
     -1.024833e-06
     -9.945448e-07
     -9.651516e-07
     -9.366271e-07
     -9.089455e-07
     -8.820821e-07
     -8.560127e-07
     -8.307137e-07
     -8.061624e-07
     -7.823367e-07
     -7.592151e-07
     -7.367769e-07
     -7.150019e-07
     -6.938704e-07
     -6.733634e-07
     -6.534625e-07
     -6.341498e-07
     -6.154078e-07
     -5.972198e-07
     -5.795693e-07
     -5.624404e-07
     -5.458178e-07
     -5.296864e-07
     -5.140318e-07
     -4.988399e-07
     -4.840969e-07
     -4.697897e-07
     -4.559053e-07
     -4.424313e-07
     -4.293555e-07
     -4.166661e-07
     -4.043518e-07
     -3.924014e-07
     -3.808041e-07
     -3.695497e-07
     -3.586278e-07
     -3.480288e-07
     -3.377430e-07
     -3.480288e-07
     -3.586278e-07
     -3.695497e-07
     -3.808041e-07
     -3.924014e-07
     -4.043518e-07
     -4.166661e-07
     -4.293555e-07
     -4.424313e-07
     -4.559053e-07
     -4.697897e-07
     -4.840969e-07
     -4.988399e-07
     -5.140318e-07
     -5.296864e-07
     -5.458178e-07
     -5.624404e-07
     -5.795693e-07
     -5.972198e-07
     -6.154078e-07
     -6.341498e-07
     -6.534625e-07
     -6.733634e-07
     -6.938704e-07
     -7.150019e-07
     -7.367769e-07
     -7.592151e-07
     -7.823367e-07
     -8.061624e-07
     -8.307137e-07
     -8.560127e-07
     -8.820821e-07
     -9.089455e-07
     -9.366271e-07
     -9.651516e-07
     -9.945448e-07
     -1.024833e-06
     -1.056044e-06
     -1.088205e-06
     -1.121346e-06
     -1.155496e-06
     -1.190686e-06
     -1.226948e-06
     -1.264314e-06
     -1.302818e-06
     -1.342495e-06
     -1.383380e-06
     -1.425510e-06
     -1.468924e-06
     -1.513659e-06
     -1.559757e-06
     -1.607258e-06
     -1.656207e-06
     -1.706646e-06
     -1.758621e-06
     -1.812179e-06
     -1.867368e-06
     -1.924238e-06
     -1.982840e-06
     -2.043226e-06
     -2.105451e-06
     -2.169572e-06
     -2.235645e-06
     -2.303731e-06
     -2.373890e-06
     -2.446186e-06
     -2.520683e-06
     -2.597449e-06
     -2.676553e-06
     -2.758067e-06
     -2.842062e-06
     -2.928616e-06
     -3.017806e-06
     -3.109711e-06
     -3.204416e-06
     -3.302005e-06
     -3.402566e-06
     -3.506190e-06
     -3.612969e-06
     -3.723000e-06
     -3.836383e-06
     -3.953218e-06
     -4.073611e-06
     -4.197671e-06
     -4.325509e-06
     -4.457241e-06
     -4.592984e-06
     -4.732861e-06
     -4.876998e-06
     -5.025525e-06
     -5.178575e-06
     -5.336286e-06
     -5.498800e-06
     -5.666264e-06
     -5.838827e-06
     -6.016646e-06
     -6.199880e-06
     -6.388694e-06
     -6.583259e-06
     -6.783749e-06
     -6.990345e-06
     -7.203233e-06
     -7.422604e-06
     -7.648656e-06
     -7.881592e-06
     -8.121622e-06
     -8.368962e-06
     -8.623835e-06
     -8.886470e-06
     -9.157103e-06
     -9.435979e-06
     -9.723347e-06
     -1.001947e-05
     -1.032461e-05
     -1.063904e-05
     -1.096304e-05
     -1.129692e-05
     -1.164096e-05
     -1.199548e-05
     -1.236080e-05
     -1.273724e-05
     -1.312515e-05
     -1.352487e-05
     -1.393676e-05
     -1.436120e-05
     -1.479856e-05
     -1.524924e-05
     -1.571365e-05
     -1.619220e-05
     -1.668533e-05
     -1.719347e-05
     -1.771709e-05
     -1.825666e-05
     -1.881266e-05
     -1.938559e-05
     -1.997597e-05
     -2.058433e-05
     -2.121121e-05
     -2.185719e-05
     -2.252284e-05
     -2.320876e-05
     -2.391557e-05
     -2.464391e-05
     -2.539443e-05
     -2.616781e-05
     -2.696474e-05
     -2.778593e-05
     -2.863214e-05
     -2.950412e-05
     -3.040265e-05
     -3.132855e-05
     -3.228265e-05
     -3.326580e-05
     -3.427890e-05
     -3.532284e-05
     -3.639859e-05
     -3.750709e-05
     -3.864935e-05
     -3.982640e-05
     -4.103929e-05
     -4.228912e-05
     -4.357702e-05
     -4.490414e-05
     -4.627167e-05
     -4.768085e-05
     -4.913295e-05
     -5.062927e-05
     -5.217116e-05
     -5.376001e-05
     -5.539725e-05
     -5.708435e-05
     -5.882282e-05
     -6.061424e-05
     -6.246022e-05
     -6.436242e-05
     -6.632255e-05
     -6.834237e-05
     -7.042370e-05
     -7.256843e-05
     -7.477846e-05
     -7.705581e-05
     -7.940250e-05
     -8.182067e-05
     -8.431248e-05
     -8.688018e-05
     -8.952607e-05
     -9.225254e-05
     -9.506204e-05
     -9.795710e-05
     -1.009403e-04
     -1.040143e-04
     -1.071818e-04
     -1.104457e-04
     -1.138085e-04
     -1.172733e-04
     -1.208427e-04
     -1.245194e-04
     -1.283061e-04
     -1.322051e-04
     -1.362186e-04
     -1.403486e-04
     -1.445964e-04
     -1.489633e-04
     -1.534497e-04
     -1.580555e-04
     -1.627797e-04
     -1.676208e-04
     -1.725761e-04
     -1.776420e-04
     -1.828140e-04
     -1.880861e-04
     -1.934515e-04
     -1.989018e-04
     -2.044277e-04
     -2.100183e-04
     -2.156616e-04
     -2.213443e-04
     -2.270518e-04
     -2.327684e-04
     -2.384772e-04
     -2.441603e-04
     -2.497989e-04
     -2.553733e-04
     -2.608631e-04
     -2.662473e-04
     -2.715043e-04
     -2.766124e-04
     -2.815494e-04
     -2.862932e-04
     -2.908218e-04
     -2.951133e-04
     -2.991459e-04
     -3.028987e-04
     -3.063509e-04
     -3.094825e-04
     -3.122744e-04
     -3.147082e-04
     -3.167663e-04
     -3.184322e-04
     -3.196907e-04
     -3.205272e-04
     -3.209289e-04
     -3.208837e-04
     -3.203812e-04
     -3.194121e-04
     -3.179687e-04
     -3.160444e-04
     -3.136343e-04
     -3.107350e-04
     -3.073445e-04
     -3.034623e-04
     -2.990898e-04
     -2.942295e-04
     -2.888859e-04
     -2.830647e-04
     -2.767733e-04
     -2.700209e-04
     -2.628178e-04
     -2.551760e-04
     -2.471088e-04
     -2.386309e-04
     -2.297583e-04
     -2.205079e-04
     -2.108980e-04
     -2.009477e-04
     -1.906768e-04
     -1.801060e-04
     -1.692564e-04
     -1.581496e-04
     -1.468076e-04
     -1.352523e-04
     -1.235059e-04
     -1.115902e-04
     -9.952700e-05
     -8.733766e-05
     -7.504315e-05
     -6.266387e-05
     -5.021967e-05
     -3.772971e-05
     -2.521249e-05
     -1.268574e-05
     -1.664818e-07
      1.232902e-05
      2.478523e-05
      3.718732e-05
      4.952115e-05
      6.177321e-05
      7.393059e-05
      8.598090e-05
      9.791228e-05
      1.097133e-04
      1.213728e-04
      1.328801e-04
      1.442248e-04
      1.553965e-04
      1.663854e-04
      1.771816e-04
      1.877753e-04
      1.981569e-04
      2.083169e-04
      2.182460e-04
      2.279348e-04
      2.373739e-04
      2.465543e-04
      2.554668e-04
      2.641023e-04
      2.724518e-04
      2.805065e-04
      2.882575e-04
      2.956962e-04
      3.028137e-04
      3.096016e-04
      3.160514e-04
      3.221546e-04
      3.279030e-04
      3.332884e-04
      3.383028e-04
      3.429382e-04
      3.471869e-04
      3.510414e-04
      3.544943e-04
      3.575386e-04
      3.601676e-04
      3.623750e-04
      3.641551e-04
      3.655024e-04
      3.664125e-04
      3.668813e-04
      3.669057e-04
      3.664835e-04
      3.656135e-04
      3.642955e-04
      3.625306e-04
      3.603210e-04
      3.576703e-04
      3.545836e-04
      3.510672e-04
      3.471292e-04
      3.427789e-04
      3.380273e-04
      3.328868e-04
      3.273713e-04
      3.214962e-04
      3.152782e-04
      3.087353e-04
      3.018867e-04
      2.947529e-04
      2.873551e-04
      2.797157e-04
      2.718575e-04
      2.638044e-04
      2.555803e-04
      2.472099e-04
      2.387178e-04
      2.301288e-04
      2.214677e-04
      2.127592e-04
      2.040275e-04
      1.952967e-04
      1.865901e-04
      1.779307e-04
      1.693407e-04
      1.608414e-04
      1.524536e-04
      1.441969e-04
      1.360899e-04
      1.281506e-04
      1.203953e-04
      1.128397e-04
      1.054981e-04
      9.838344e-05
      9.150765e-05
      8.488121e-05
      7.851331e-05
      7.241176e-05
      6.658297e-05
      6.103197e-05
      5.576234e-05
      5.077627e-05
      4.607449e-05
      4.165636e-05
      3.751984e-05
      3.366155e-05
      3.007680e-05
      2.675968e-05
      2.370310e-05
      2.089887e-05
      1.833784e-05
      1.600995e-05
      1.390437e-05
      1.200961e-05
      1.031367e-05
      8.804122e-06
      7.468305e-06
      6.293408e-06
      5.266623e-06
      4.375261e-06
      3.606878e-06
      2.949376e-06
      2.391109e-06
      1.920967e-06
      1.528450e-06
      1.203731e-06
      9.376973e-07
      7.219832e-07
      5.489875e-07
      4.118754e-07
      3.045678e-07
      2.217198e-07
      1.586882e-07
      1.114904e-07
      7.675618e-08
      5.167462e-08
      3.393739e-08
      2.168048e-08
      1.342602e-08
      8.025596e-09
      4.606460e-09
      2.521631e-09
      1.304738e-09
      6.301708e-10
      2.788291e-10
      1.095215e-10
      3.583480e-11
      8.103470e-12
     -5.297457e-14
     -1.269799e-12
     -7.740493e-13
     -2.618946e-13
     -2.850880e-14
      2.512753e-14
      1.727941e-14
      4.507198e-15
     -5.947893e-16
     -9.478631e-16
     -2.925914e-16
      3.326763e-17
      5.578481e-17
      1.318373e-17
     -4.318050e-18
     -3.123865e-18
     -1.528245e-19
      4.155020e-19
      1.057606e-19
     -3.965896e-20
     -2.092906e-20
      2.664872e-21
      3.147294e-21
     -7.370606e-23
     -4.232969e-22
     -1.107164e-23
      5.454505e-23
      1.922259e-24
     -6.914043e-24
     -4.036696e-26
      8.541578e-25
     -5.099785e-26
     -9.842526e-26
      1.595521e-26
      9.660109e-27
     -3.145170e-27
     -6.301919e-28
      4.603032e-28
     -1.379247e-29
     -4.797306e-29
      1.173491e-29
      2.477817e-30
     -1.847740e-30
      2.154303e-31
      1.329947e-31
     -5.997810e-32
      4.470515e-33
      4.596449e-33
     -1.935803e-33
      2.061866e-34
      1.141446e-34
     -6.104149e-35
      1.216657e-35
      9.580642e-37
     -1.496867e-36
      5.267558e-37
     -8.797530e-38
     -8.476841e-39
      1.140689e-38
     -4.434161e-39
      1.084569e-39
     -1.417358e-40
     -2.102883e-41
      2.179673e-41
     -9.191068e-42
      2.945805e-42
     -8.054844e-43
      1.965531e-43
     -4.380572e-44
      9.041066e-45
     -1.743704e-45
      3.162219e-46
     -5.415965e-47
      8.786949e-48
     -1.353052e-48
      1.979228e-49
     -2.749746e-50
      3.622557e-51
     -4.509315e-52
      5.267567e-53
     -5.700186e-54
      5.564845e-55
     -4.594866e-56
      2.530606e-57
      8.419704e-59
     -5.651107e-59
      1.190438e-59
     -1.946611e-60
      2.805245e-61
     -3.724693e-62
      4.653544e-63
     -5.535635e-64
      6.315868e-65
     -6.945952e-66
      7.389265e-67
     -7.624163e-68
      7.645369e-69
     -7.463381e-70
      7.102173e-71
     -6.595660e-72
      5.983532e-73
     -5.307063e-74
      4.605418e-75
     -3.912795e-76
      3.256598e-77
     -2.656636e-78
      2.125210e-79
     -1.667891e-80
      1.284720e-81
     -9.716069e-83
      7.217200e-84
     -5.267300e-85
      3.778198e-86
     -2.664325e-87
      1.847637e-88
     -1.260341e-89
      8.458837e-91
     -5.587125e-92
      3.632623e-93
     -2.325420e-94
      1.465959e-95
     -9.102673e-97
      5.568341e-98
     -3.356393e-99
     1.993824e-100
    -1.167460e-101
     6.739234e-103
    -3.835844e-104
     2.153081e-105
    -1.191991e-106
     6.509709e-108
    -3.507410e-109
     1.864689e-110
    -9.783135e-112
     5.065900e-113
    -2.589378e-114
     1.306613e-115
    -6.509700e-117
     3.202486e-118
    -1.555869e-119
     7.465610e-121
    -3.538417e-122
     1.656717e-123
    -7.663483e-125
     3.502551e-126
    -1.581845e-127
     7.059998e-129
    -3.114190e-130
     1.357761e-131
    -5.851627e-133
     2.493106e-134
    -1.050150e-135
     4.373636e-137
    -1.801144e-138
     7.335031e-140
    -2.954167e-141
     1.176737e-142
    -4.636241e-144
     1.806862e-145
    -6.966033e-147
     2.656910e-148
    -1.002599e-149
     3.743383e-151
    -1.382978e-152
     5.055992e-154
    -1.829212e-155
     6.549585e-157
    -2.321028e-158
     8.141197e-160
    -2.826582e-161
     9.714576e-163
    -3.305203e-164
     1.113286e-165
    -3.712552e-167
     1.225792e-168
    -4.007380e-170
     1.297255e-171
    -4.158447e-173
     1.320075e-174
    -4.149990e-176
     1.292100e-177
    -3.984416e-179
     1.216946e-180
    -3.681583e-182
     1.103246e-183
    -3.274930e-185
     9.630331e-187
    -2.805477e-188
     8.096836e-190
    -2.315172e-191
     6.558837e-193
    -1.841033e-194
     5.120389e-196
    -1.411128e-197
     3.853598e-199
    -1.042841e-200
     2.796633e-202
    -7.432464e-204
     1.957600e-205
    -5.110019e-207
     1.322031e-208
    -3.389961e-210
     8.615776e-212
    -2.170468e-213
     5.419808e-215
    -1.341524e-216
     3.291610e-218
    -8.006188e-220
     1.930466e-221
    -4.614541e-223
     1.093543e-224
    -2.569186e-226
     5.984359e-228
    -1.382015e-229
     3.164398e-231
    -7.183938e-233
     1.617101e-234
    -3.609310e-236
     7.987913e-238
    -1.752967e-239
     3.814648e-241
    -8.231600e-243
     1.761456e-244
    -3.737883e-246
     7.866002e-248
    -1.641592e-249
     3.397557e-251
    -6.973755e-253
     1.419621e-254
    -2.866102e-256
     5.738936e-258
    -1.139721e-259
     2.244917e-261
    -4.385743e-263
     8.498333e-265
    -1.633347e-266
     3.113746e-268
    -5.887818e-270
     1.104327e-271
    -2.054560e-273
     3.791606e-275
    -6.940909e-277
     1.260385e-278
    -2.270331e-280
     4.056756e-282
    -7.190796e-284
     1.264410e-285
    -2.205546e-287
     3.816505e-289
    -6.551502e-291
     1.115694e-292
    -1.884874e-294
     3.159045e-296
    -5.252535e-298
     8.664126e-300
    -1.417837e-301
     2.301845e-303
    -3.707464e-305
     5.924218e-307
    -9.391622e-309
     1.477092e-310
    -2.304802e-312
     3.567965e-314
    -5.479861e-316
     8.349917e-318
    -1.262190e-319
     1.887331e-321
    -2.470328e-323
      0.000000e+00
      0.000000e+00
      0.000000e+00
      0.000000e+00
      0.000000e+00
      0.000000e+00
      0.000000e+00
      0.000000e+00
      0.000000e+00
      0.000000e+00
      0.000000e+00
      0.000000e+00
      0.000000e+00
      0.000000e+00
      0.000000e+00
      0.000000e+00
      0.000000e+00
      0.000000e+00
      0.000000e+00
      0.000000e+00
      0.000000e+00
      0.000000e+00
      0.000000e+00
      0.000000e+00
      0.000000e+00
      0.000000e+00
      0.000000e+00
      0.000000e+00
      0.000000e+00
      0.000000e+00
      0.000000e+00
      0.000000e+00
      0.000000e+00
      0.000000e+00
      0.000000e+00
      0.000000e+00
      0.000000e+00
      0.000000e+00
      0.000000e+00
      0.000000e+00
      0.000000e+00
      0.000000e+00
      0.000000e+00
      0.000000e+00
      0.000000e+00
      0.000000e+00
      0.000000e+00
      0.000000e+00
      0.000000e+00
      0.000000e+00
      0.000000e+00
      0.000000e+00
      0.000000e+00
      0.000000e+00
      0.000000e+00
      0.000000e+00
      0.000000e+00
      0.000000e+00
      0.000000e+00
      0.000000e+00
      0.000000e+00
      0.000000e+00
      0.000000e+00
      0.000000e+00
      0.000000e+00
      0.000000e+00
      0.000000e+00
      0.000000e+00
      0.000000e+00
      0.000000e+00
      0.000000e+00
      0.000000e+00
      0.000000e+00
      0.000000e+00
      0.000000e+00
      0.000000e+00
      0.000000e+00
      0.000000e+00
      0.000000e+00
      0.000000e+00
      0.000000e+00
      0.000000e+00
      0.000000e+00
      0.000000e+00
      0.000000e+00
      0.000000e+00
      0.000000e+00
      0.000000e+00
      0.000000e+00
      0.000000e+00
      0.000000e+00
      0.000000e+00
      0.000000e+00
      0.000000e+00
      0.000000e+00
      0.000000e+00
      0.000000e+00
      0.000000e+00
      0.000000e+00
      0.000000e+00
      0.000000e+00
      0.000000e+00
      0.000000e+00
      0.000000e+00
      0.000000e+00
      0.000000e+00
      0.000000e+00
