      0.000000e+00
      0.000000e+00
     -2.207836e-21
     -2.251671e-21
     -1.894937e-22
     -6.149030e-21
     -2.120780e-20
     -2.827356e-20
     -2.843544e-20
     -3.956628e-20
     -4.712170e-20
     -2.963854e-20
     -1.013277e-20
     -1.536425e-20
     -3.024700e-20
     -2.823724e-20
     -9.584681e-21
      9.167226e-21
      2.445204e-20
      3.368157e-20
      1.074476e-20
     -5.170894e-20
     -1.015849e-19
     -9.137930e-20
     -5.050885e-20
     -3.808776e-20
     -4.479744e-20
     -2.473433e-20
      1.491640e-21
     -9.166260e-21
     -3.756435e-20
     -6.697779e-20
     -1.092669e-19
     -1.079845e-19
     -1.417108e-19
      5.928096e-19
      3.034553e-18
     -8.988854e-17
      2.472607e-16
      2.032933e-14
     -4.721568e-13
      5.551615e-12
     -3.526781e-11
      4.194815e-11
      1.096442e-09
     -6.100309e-09
     -1.338232e-08
      1.381143e-07
      4.235717e-07
     -1.340809e-06
     -1.227434e-05
     -4.365898e-05
     -1.037455e-04
     -1.886017e-04
     -2.788972e-04
     -3.447976e-04
     -3.543143e-04
     -2.842818e-04
     -1.123216e-04
      1.588786e-04
      4.189007e-04
      4.978860e-04
      3.798715e-04
      2.417715e-04
      2.242771e-04
      2.955959e-04
      3.576839e-04
      3.614687e-04
      3.034358e-04
      1.928930e-04
      4.699173e-05
     -1.095385e-04
     -2.557409e-04
     -3.777464e-04
     -4.268619e-04
     -3.470787e-04
     -1.834441e-04
     -5.524479e-05
     -9.919438e-06
     -6.108328e-06
     -5.481434e-06
     -3.084184e-06
     -1.986723e-06
     -1.772171e-06
     -1.655653e-06
     -1.623576e-06
     -1.720390e-06
     -1.929283e-06
     -2.001425e-06
     -1.570498e-06
     -7.976579e-07
     -2.416092e-07
     -6.778721e-08
     -3.515522e-08
     -1.864448e-08
     -1.154237e-08
     -9.213801e-09
     -7.791196e-09
     -7.116130e-09
     -7.068586e-09
     -7.496768e-09
     -7.113056e-09
     -7.375820e-09
     -8.187088e-09
     -8.970701e-09
     -9.423356e-09
     -1.532560e-08
     -4.601255e-08
     -1.203920e-07
     -2.881298e-07
     -7.753747e-07
     -1.639728e-06
     -2.152403e-06
     -1.960988e-06
     -1.694110e-06
     -1.621447e-06
     -1.700095e-06
     -1.955178e-06
     -2.110848e-06
     -2.221658e-06
     -4.024358e-06
     -9.040409e-06
     -1.985171e-05
     -6.254502e-05
     -1.848127e-04
     -3.601898e-04
     -4.562201e-04
     -4.205792e-04
     -3.509707e-04
     -3.052923e-04
     -2.677039e-04
     -2.352693e-04
     -2.069676e-04
     -1.773306e-04
     -1.423589e-04
     -1.065917e-04
     -5.548855e-05
      8.646069e-05
      3.715798e-04
      6.613062e-04
      7.236562e-04
      5.552451e-04
      3.631424e-04
      2.476504e-04
      1.696238e-04
      1.091169e-04
      6.769465e-05
      3.872815e-05
      1.959837e-05
      8.128075e-06
      2.357918e-06
      2.479714e-07
     -1.118518e-07
     -2.286711e-08
      1.845829e-08
      4.315924e-09
     -2.341451e-09
     -1.874315e-10
      2.579430e-10
     -6.506648e-11
      8.108914e-12
     -2.895431e-13
     -9.382878e-14
      2.360267e-14
     -3.320643e-15
      3.486671e-16
     -2.975629e-17
      2.149905e-18
     -1.347224e-19
      7.442120e-21
     -3.666986e-22
      1.626243e-23
     -6.537564e-25
      2.396122e-26
     -8.045194e-28
      2.484469e-29
     -7.080527e-31
      1.867571e-32
     -4.570106e-34
      1.039708e-35
     -2.202864e-37
      4.352935e-39
     -8.031578e-41
      1.384945e-42
     -2.233307e-44
      3.368969e-46
     -4.754358e-48
      6.274677e-50
     -7.738648e-52
      8.907186e-54
     -9.548054e-56
      9.501789e-58
     -8.735352e-60
      7.361011e-62
     -5.610216e-64
      3.770526e-66
     -2.108962e-68
      8.096747e-71
      5.446908e-74
      0.000000e+00
      0.000000e+00
