      0.000000e+00
      0.000000e+00
     -1.314921e-22
      5.448046e-25
     -5.258828e-23
     -7.454562e-22
     -9.256715e-22
      9.020830e-22
      1.340005e-21
     -7.914132e-21
     -2.833916e-20
     -4.556082e-20
     -4.216359e-20
     -2.078225e-20
     -4.561039e-21
     -1.067707e-20
     -3.016160e-20
     -3.691897e-20
     -1.273170e-20
      3.507636e-20
      7.472222e-20
      7.320606e-20
      2.993600e-20
     -1.657070e-20
     -2.984103e-20
     -1.844466e-20
     -2.076872e-20
     -5.196710e-20
     -8.499165e-20
     -8.520590e-20
     -5.108580e-20
     -1.404773e-20
     -2.051766e-21
     -1.485582e-20
     -3.783897e-20
     -6.182321e-20
     -7.729314e-20
     -6.898363e-20
     -3.494071e-20
      4.413166e-21
      2.985429e-20
      3.699064e-20
      1.934279e-20
     -3.199272e-20
     -1.004423e-19
     -1.440056e-19
     -1.334639e-19
     -7.255525e-20
      1.382085e-20
      8.873317e-20
      1.144414e-19
      8.573699e-20
      4.497755e-20
      3.964391e-20
      6.993279e-20
      9.121334e-20
      6.357309e-20
     -4.469023e-21
     -6.286777e-20
     -7.491912e-20
     -5.157834e-20
     -2.157083e-20
      3.996503e-21
      2.321720e-20
      3.430578e-20
      4.545431e-20
      6.110897e-20
      6.032482e-20
      2.332230e-20
     -2.928067e-20
     -6.235061e-20
     -8.088705e-20
     -1.073156e-19
     -1.110109e-19
     -3.839492e-20
      8.066812e-20
      1.467757e-19
     -1.617960e-19
      2.447672e-18
     -1.830276e-17
      1.004327e-16
     -3.633945e-16
      3.935916e-16
      4.368038e-15
     -2.661488e-14
      2.945962e-14
      3.219053e-13
     -1.143085e-12
     -2.899092e-12
      1.788756e-11
      3.750741e-11
     -2.078329e-10
     -7.386656e-10
      1.118430e-09
      1.174497e-08
      2.451160e-08
     -4.204069e-08
     -4.658717e-07
     -1.871571e-06
     -5.322996e-06
     -1.225773e-05
     -2.421638e-05
     -4.242051e-05
     -6.734098e-05
     -9.841910e-05
     -1.340414e-04
     -1.717604e-04
     -2.086561e-04
     -2.417037e-04
     -2.680501e-04
     -2.851913e-04
     -2.911080e-04
     -2.844281e-04
     -2.646312e-04
     -2.322333e-04
     -1.888396e-04
     -1.369795e-04
     -7.971786e-05
     -2.014706e-05
      3.907897e-05
      9.602040e-05
      1.494786e-04
      1.988251e-04
      2.437566e-04
      2.840947e-04
      3.196865e-04
      3.503737e-04
      3.759540e-04
      3.960804e-04
      4.101133e-04
      4.170150e-04
      4.153939e-04
      4.037556e-04
      3.809149e-04
      3.464358e-04
      3.009335e-04
      2.461285e-04
      1.846482e-04
      1.196726e-04
      5.455890e-05
     -7.450120e-06
     -6.341541e-05
     -1.108416e-04
     -1.478379e-04
     -1.733244e-04
     -1.872275e-04
     -1.905579e-04
     -1.852761e-04
     -1.739301e-04
     -1.591577e-04
     -1.432125e-04
     -1.276663e-04
     -1.133601e-04
     -1.005619e-04
     -8.921493e-05
     -7.915266e-05
     -7.021502e-05
     -6.227625e-05
     -5.523188e-05
     -4.898544e-05
     -4.344658e-05
     -3.853404e-05
     -3.417664e-05
     -3.031187e-05
     -2.688419e-05
     -2.384416e-05
     -2.114788e-05
     -1.875648e-05
     -1.663550e-05
     -1.475437e-05
     -1.308595e-05
     -1.160620e-05
     -1.029377e-05
     -9.129757e-06
     -8.097368e-06
     -7.181721e-06
     -6.369615e-06
     -5.649341e-06
     -5.010516e-06
     -4.443929e-06
     -3.941411e-06
     -3.495718e-06
     -3.100424e-06
     -2.749829e-06
     -2.438880e-06
     -2.163092e-06
     -1.918490e-06
     -1.701548e-06
     -1.509138e-06
     -1.338485e-06
     -1.187130e-06
     -1.052890e-06
     -9.338294e-07
     -8.282323e-07
     -7.345761e-07
     -6.515106e-07
     -5.778380e-07
     -5.124963e-07
     -4.545435e-07
     -4.031439e-07
     -3.575565e-07
     -4.031439e-07
     -4.545435e-07
     -5.124964e-07
     -5.778381e-07
     -6.515107e-07
     -7.345763e-07
     -8.282325e-07
     -9.338295e-07
     -1.052890e-06
     -1.187130e-06
     -1.338485e-06
     -1.509138e-06
     -1.701549e-06
     -1.918491e-06
     -2.163092e-06
     -2.438880e-06
     -2.749830e-06
     -3.100424e-06
     -3.495719e-06
     -3.941412e-06
     -4.443930e-06
     -5.010517e-06
     -5.649342e-06
     -6.369616e-06
     -7.181722e-06
     -8.097369e-06
     -9.129759e-06
     -1.029377e-05
     -1.160620e-05
     -1.308595e-05
     -1.475437e-05
     -1.663551e-05
     -1.875648e-05
     -2.114788e-05
     -2.384417e-05
     -2.688422e-05
     -3.031188e-05
     -3.417655e-05
     -3.853396e-05
     -4.344690e-05
     -4.898618e-05
     -5.523176e-05
     -6.227384e-05
     -7.021376e-05
     -7.916486e-05
     -8.925425e-05
     -1.006265e-04
     -1.134465e-04
     -1.278941e-04
     -1.441387e-04
     -1.622850e-04
     -1.822934e-04
     -2.038933e-04
     -2.265168e-04
     -2.492803e-04
     -2.710251e-04
     -2.904116e-04
     -3.060436e-04
     -3.165951e-04
     -3.209206e-04
     -3.181399e-04
     -3.077003e-04
     -2.894222e-04
     -2.635242e-04
     -2.306201e-04
     -1.916758e-04
     -1.479209e-04
     -1.007256e-04
     -5.146959e-05
     -1.431514e-06
      4.827490e-05
      9.671257e-05
      1.430919e-04
      1.867238e-04
      2.269772e-04
      2.632525e-04
      2.949709e-04
      3.215716e-04
      3.425131e-04
      3.572813e-04
      3.654161e-04
      3.665649e-04
      3.605631e-04
      3.475227e-04
      3.279041e-04
      3.025420e-04
      2.726113e-04
      2.395378e-04
      2.048755e-04
      1.701771e-04
      1.368797e-04
      1.062148e-04
      7.914084e-05
      5.629310e-05
      3.795193e-05
      2.403794e-05
      1.414622e-05
      7.625399e-06
      3.692726e-06
      1.561514e-06
      5.500005e-07
      1.463939e-07
      2.121107e-08
     -3.025357e-09
     -2.464681e-09
     -3.434567e-10
      1.513481e-10
      5.705829e-11
     -7.319090e-12
     -6.049171e-12
      4.220341e-13
      5.416478e-13
     -6.194521e-14
     -3.912631e-14
      1.020048e-14
      1.147701e-15
     -9.841712e-16
      1.727887e-16
      1.345544e-17
     -1.481259e-17
      4.403804e-18
     -8.615972e-19
      1.255536e-19
     -1.373941e-20
      9.947495e-22
     -5.559845e-24
     -1.285885e-23
      2.706765e-24
     -3.854601e-25
      4.484895e-26
     -4.532046e-27
      4.094791e-28
     -3.364317e-29
      2.541587e-30
     -1.779465e-31
      1.161572e-32
     -7.102672e-34
      4.083970e-35
     -2.215229e-36
      1.136612e-37
     -5.529471e-39
      2.555785e-40
     -1.124401e-41
      4.716008e-43
     -1.888475e-44
      7.229298e-46
     -2.648747e-47
      9.298408e-49
     -3.130570e-50
      1.011746e-51
     -3.141276e-53
      9.376726e-55
     -2.692799e-56
      7.444511e-58
     -1.982429e-59
      5.087638e-61
     -1.258926e-62
      3.004965e-64
     -6.921580e-66
      1.539048e-67
     -3.304590e-69
      6.853667e-71
     -1.373325e-72
      2.659238e-74
     -4.976755e-76
      9.003159e-78
     -1.574488e-79
      2.661926e-81
     -4.350707e-83
      6.873883e-85
     -1.049704e-86
      1.549053e-88
     -2.208388e-90
      3.040350e-92
     -4.040023e-94
      5.177938e-96
     -6.395118e-98
     7.602176e-100
    -8.684126e-102
     9.511689e-104
    -9.958393e-106
     9.921100e-108
    -9.340180e-110
     8.214891e-112
    -6.609944e-114
     4.650865e-116
    -2.508182e-118
     3.731204e-121
     1.570429e-122
    -3.172003e-124
     4.333587e-126
    -5.018282e-128
     5.247846e-130
    -5.090897e-132
     4.645321e-134
    -4.019181e-136
     3.313945e-138
    -2.612635e-140
      0.000000e+00
      0.000000e+00
