      0.000000e+00
      0.000000e+00
     -1.314921e-22
      5.448046e-25
     -5.258828e-23
     -7.454562e-22
     -9.256715e-22
      9.020830e-22
      1.340005e-21
     -7.914132e-21
     -2.833916e-20
     -4.556082e-20
     -4.216359e-20
     -2.078225e-20
     -4.561039e-21
     -1.067707e-20
     -3.016160e-20
     -3.691897e-20
     -1.273170e-20
      3.507636e-20
      7.472222e-20
      7.320606e-20
      2.993600e-20
     -1.657070e-20
     -2.984103e-20
     -1.844466e-20
     -2.076872e-20
     -5.196710e-20
     -8.499165e-20
     -8.520590e-20
     -5.108580e-20
     -1.404773e-20
     -2.051766e-21
     -1.485582e-20
     -3.783897e-20
     -6.182321e-20
     -7.729314e-20
     -6.898363e-20
     -3.494071e-20
      4.413166e-21
      2.985429e-20
      3.699064e-20
      1.934279e-20
     -3.199272e-20
     -1.004423e-19
     -1.440056e-19
     -1.334639e-19
     -7.255525e-20
      1.382085e-20
      8.873317e-20
      1.144414e-19
      8.573699e-20
      4.497755e-20
      3.964391e-20
      6.993279e-20
      9.121334e-20
      6.357309e-20
     -4.469023e-21
     -6.286777e-20
     -7.491912e-20
     -5.157834e-20
     -2.157083e-20
      3.996503e-21
      2.321720e-20
      3.430578e-20
      4.545431e-20
      6.110897e-20
      6.032482e-20
      2.332230e-20
     -2.928067e-20
     -6.235061e-20
     -8.088704e-20
     -1.073159e-19
     -1.110051e-19
     -3.847125e-20
      8.152027e-20
      1.386965e-19
     -9.757049e-20
      2.034735e-18
     -1.634405e-17
      9.571675e-17
     -3.831256e-16
      6.779440e-16
      2.915259e-15
     -2.429084e-14
      4.602429e-14
      2.167276e-13
     -1.085676e-12
     -1.464537e-12
      1.492762e-11
      2.103210e-11
     -1.700296e-10
     -5.233749e-10
      9.699412e-10
      9.195196e-09
      1.961256e-08
     -3.281423e-08
     -3.871994e-07
     -1.619960e-06
     -4.782818e-06
     -1.140231e-05
     -2.326167e-05
     -4.198719e-05
     -6.856695e-05
     -1.029711e-04
     -1.439972e-04
     -1.893626e-04
     -2.359645e-04
     -2.801854e-04
     -3.181471e-04
     -3.458940e-04
     -3.595547e-04
     -3.555484e-04
     -3.308550e-04
     -2.832966e-04
     -2.117360e-04
     -1.161652e-04
      2.192722e-06
      1.402565e-04
      2.903586e-04
      4.340548e-04
      5.378724e-04
      5.646630e-04
      5.029564e-04
      3.871417e-04
      2.785188e-04
      2.208504e-04
      2.165975e-04
      2.424080e-04
      2.766319e-04
      3.096529e-04
      3.381230e-04
      3.587354e-04
      3.676846e-04
      3.622233e-04
      3.412290e-04
      3.049768e-04
      2.548729e-04
      1.932040e-04
      1.228169e-04
      4.681443e-05
     -3.166605e-05
     -1.096236e-04
     -1.843743e-04
     -2.537245e-04
     -3.159869e-04
     -3.695361e-04
     -4.113678e-04
     -4.343079e-04
     -4.256354e-04
     -3.739947e-04
     -2.842102e-04
     -1.828115e-04
     -1.012009e-04
     -5.286740e-05
     -3.027731e-05
     -1.980312e-05
     -1.355927e-05
     -9.432028e-06
     -6.915193e-06
     -5.398774e-06
     -4.392350e-06
     -3.682783e-06
     -3.182089e-06
     -2.827889e-06
     -2.575799e-06
     -2.399448e-06
     -2.282783e-06
     -2.215271e-06
     -2.190250e-06
     -2.203775e-06
     -2.253450e-06
     -2.337068e-06
     -2.450369e-06
     -2.582675e-06
     -2.708429e-06
     -2.772915e-06
     -2.682244e-06
     -2.341945e-06
     -1.765159e-06
     -1.125094e-06
     -6.259231e-07
     -3.363954e-07
     -1.950062e-07
     -1.234406e-07
     -8.238761e-08
     -5.790936e-08
     -4.307579e-08
     -3.360369e-08
     -2.725510e-08
     -2.287573e-08
     -1.979043e-08
     -1.758923e-08
     -1.602055e-08
     -1.492508e-08
     -1.420030e-08
     -1.378060e-08
     -1.362505e-08
     -1.370916e-08
     -1.401791e-08
     -1.453739e-08
     -1.401757e-08
     -1.370909e-08
     -1.362512e-08
     -1.378080e-08
     -1.420076e-08
     -1.492619e-08
     -1.602278e-08
     -1.759233e-08
     -1.979267e-08
     -2.287710e-08
     -2.727107e-08
     -3.369799e-08
     -4.334250e-08
     -5.812610e-08
     -8.155004e-08
     -1.211207e-07
     -1.944678e-07
     -3.416364e-07
     -6.317784e-07
     -1.121550e-06
     -1.756180e-06
     -2.340163e-06
     -2.687031e-06
     -2.776086e-06
     -2.708732e-06
     -2.582288e-06
     -2.450097e-06
     -2.336935e-06
     -2.253396e-06
     -2.203763e-06
     -2.190262e-06
     -2.215304e-06
     -2.282853e-06
     -2.399578e-06
     -2.576160e-06
     -2.828945e-06
     -3.183097e-06
     -3.679801e-06
     -4.388235e-06
     -5.423913e-06
     -6.991739e-06
     -9.451166e-06
     -1.331987e-05
     -1.943568e-05
     -3.041847e-05
     -5.376488e-05
     -1.018929e-04
     -1.823162e-04
     -2.833068e-04
     -3.746159e-04
     -4.293432e-04
     -4.432018e-04
     -4.300859e-04
     -4.054234e-04
     -3.779879e-04
     -3.514033e-04
     -3.269390e-04
     -3.048224e-04
     -2.848450e-04
     -2.666565e-04
     -2.498833e-04
     -2.341709e-04
     -2.191971e-04
     -2.046719e-04
     -1.903279e-04
     -1.759086e-04
     -1.611427e-04
     -1.456245e-04
     -1.285937e-04
     -1.089871e-04
     -8.586563e-05
     -5.731550e-05
     -1.534693e-05
      5.881953e-05
      1.861362e-04
      3.646368e-04
      5.523946e-04
      6.874232e-04
      7.322222e-04
      6.962993e-04
      6.168178e-04
      5.267560e-04
      4.423381e-04
      3.682944e-04
      3.049934e-04
      2.514725e-04
      2.063848e-04
      1.684160e-04
      1.364278e-04
      1.094735e-04
      8.678165e-05
      6.773160e-05
      5.183046e-05
      3.868885e-05
      2.799486e-05
      1.948600e-05
      1.292181e-05
      8.061343e-06
      4.650185e-06
      2.418687e-06
      1.090242e-06
      3.966406e-07
      9.823747e-08
      5.369822e-09
     -7.209992e-09
     -2.373147e-09
      3.206162e-10
      3.197688e-10
     -5.262035e-12
     -3.564164e-11
      7.284284e-13
      3.455058e-12
     -4.301097e-13
     -2.267517e-13
      7.684296e-14
     -1.379703e-15
     -4.576024e-15
      1.349002e-15
     -1.592240e-16
     -1.347115e-17
      1.046503e-17
     -2.686903e-18
      4.765845e-19
     -6.602501e-20
      7.412525e-21
     -6.711329e-22
      4.574809e-23
     -1.600465e-24
     -1.383645e-25
      3.671507e-26
     -4.907038e-27
      5.113419e-28
     -4.570414e-29
      3.641973e-30
     -2.640532e-31
      1.763769e-32
     -1.094633e-33
      6.351165e-35
     -3.461410e-36
      1.778717e-37
     -8.644913e-39
      3.984226e-40
     -1.745110e-41
      7.278377e-43
     -2.895436e-44
      1.100301e-45
     -3.999514e-47
      1.392267e-48
     -4.646517e-50
      1.488155e-51
     -4.577959e-53
      1.353791e-54
     -3.851324e-56
      1.054731e-57
     -2.782381e-59
      7.074265e-61
     -1.734448e-62
      4.102632e-64
     -9.366389e-66
      2.064715e-67
     -4.396222e-69
      9.044151e-71
     -1.798234e-72
      3.456380e-74
     -6.423692e-76
      1.154548e-77
     -2.007074e-79
      3.375081e-81
     -5.490372e-83
      8.640243e-85
     -1.315368e-86
      1.937023e-88
     -2.758882e-90
      3.799787e-92
     -5.059385e-94
      6.510191e-96
     -8.091792e-98
     9.709302e-100
    -1.123786e-101
     1.253399e-103
    -1.345316e-105
     1.387113e-107
    -1.370532e-109
     1.293168e-111
    -1.159308e-113
     9.796537e-116
    -7.699429e-118
     5.486852e-120
    -3.344782e-122
     1.434326e-124
     1.279659e-127
    -1.280476e-128
     2.016612e-130
    -2.376018e-132
     2.429966e-134
    -2.264711e-136
     1.966302e-138
    -1.609260e-140
      0.000000e+00
      0.000000e+00
