      0.000000e+00
      0.000000e+00
     -1.314921e-22
      5.448046e-25
     -5.258828e-23
     -7.454562e-22
     -9.256715e-22
      9.020830e-22
      1.340005e-21
     -7.914132e-21
     -2.833916e-20
     -4.556082e-20
     -4.216359e-20
     -2.078225e-20
     -4.561039e-21
     -1.067707e-20
     -3.016160e-20
     -3.691897e-20
     -1.273170e-20
      3.507636e-20
      7.472222e-20
      7.320606e-20
      2.993600e-20
     -1.657070e-20
     -2.984103e-20
     -1.844466e-20
     -2.076872e-20
     -5.196710e-20
     -8.499165e-20
     -8.520590e-20
     -5.108580e-20
     -1.404773e-20
     -2.051766e-21
     -1.485582e-20
     -3.783897e-20
     -6.182321e-20
     -7.729314e-20
     -6.898363e-20
     -3.494071e-20
      4.413166e-21
      2.985429e-20
      3.699064e-20
      1.934279e-20
     -3.199272e-20
     -1.004423e-19
     -1.440056e-19
     -1.334639e-19
     -7.255525e-20
      1.382085e-20
      8.873317e-20
      1.144414e-19
      8.573699e-20
      4.497755e-20
      3.964391e-20
      6.993279e-20
      9.121334e-20
      6.357309e-20
     -4.469023e-21
     -6.286777e-20
     -7.491912e-20
     -5.157834e-20
     -2.157083e-20
      3.996503e-21
      2.321720e-20
      3.430578e-20
      4.545431e-20
      6.110897e-20
      6.032482e-20
      2.332230e-20
     -2.928067e-20
     -6.235061e-20
     -8.088704e-20
     -1.073157e-19
     -1.110102e-19
     -3.839727e-20
      8.065292e-20
      1.471779e-19
     -1.665082e-19
      2.486769e-18
     -1.854474e-17
      1.014794e-16
     -3.655695e-16
      3.858280e-16
      4.449889e-15
     -2.683474e-14
      2.884253e-14
      3.272907e-13
     -1.144648e-12
     -2.979426e-12
      1.796733e-11
      3.865965e-11
     -2.082188e-10
     -7.548346e-10
      1.092671e-09
      1.188996e-08
      2.529480e-08
     -4.093542e-08
     -4.707792e-07
     -1.909045e-06
     -5.467761e-06
     -1.267577e-05
     -2.521800e-05
     -4.451112e-05
     -7.125332e-05
     -1.051124e-04
     -1.446605e-04
     -1.875565e-04
     -2.308820e-04
     -2.714952e-04
     -3.063095e-04
     -3.324813e-04
     -3.475635e-04
     -3.496919e-04
     -3.378232e-04
     -3.119602e-04
     -2.732525e-04
     -2.238751e-04
     -1.666720e-04
     -1.046578e-04
     -4.054022e-05
      2.358546e-05
      8.629975e-05
      1.467201e-04
      2.042767e-04
      2.585236e-04
      3.090415e-04
      3.554074e-04
      3.971551e-04
      4.336702e-04
      4.640321e-04
      4.868926e-04
      5.005028e-04
      5.029547e-04
      4.926025e-04
      4.685307e-04
      4.309040e-04
      3.810750e-04
      3.214333e-04
      2.550812e-04
      1.854689e-04
      1.160945e-04
      5.029501e-05
     -8.920914e-06
     -5.906735e-05
     -9.842816e-05
     -1.263021e-04
     -1.431343e-04
     -1.504303e-04
     -1.504274e-04
     -1.456047e-04
     -1.381915e-04
     -1.298339e-04
     -1.215021e-04
     -1.136119e-04
     -1.062492e-04
     -9.937468e-05
     -9.293884e-05
     -8.691254e-05
     -8.127615e-05
     -7.600771e-05
     -7.108199e-05
     -6.647446e-05
     -6.216328e-05
     -5.812884e-05
     -5.435283e-05
     -5.081808e-05
     -4.750860e-05
     -4.440960e-05
     -4.150732e-05
     -3.878898e-05
     -3.624265e-05
     -3.385727e-05
     -3.162250e-05
     -2.952873e-05
     -2.756698e-05
     -2.572891e-05
     -2.400671e-05
     -2.239310e-05
     -2.088129e-05
     -1.946491e-05
     -1.813805e-05
     -1.689515e-05
     -1.573103e-05
     -1.464083e-05
     -1.362001e-05
     -1.266432e-05
     -1.176978e-05
     -1.093264e-05
     -1.014942e-05
     -9.416839e-06
     -8.731809e-06
     -8.091448e-06
     -7.493047e-06
     -6.934059e-06
     -6.412094e-06
     -5.924908e-06
     -5.470388e-06
     -5.046549e-06
     -4.651525e-06
     -4.283559e-06
     -3.940998e-06
     -4.283559e-06
     -4.651525e-06
     -5.046549e-06
     -5.470388e-06
     -5.924908e-06
     -6.412095e-06
     -6.934059e-06
     -7.493047e-06
     -8.091448e-06
     -8.731809e-06
     -9.416839e-06
     -1.014942e-05
     -1.093264e-05
     -1.176978e-05
     -1.266432e-05
     -1.362001e-05
     -1.464083e-05
     -1.573103e-05
     -1.689515e-05
     -1.813805e-05
     -1.946491e-05
     -2.088129e-05
     -2.239310e-05
     -2.400671e-05
     -2.572891e-05
     -2.756698e-05
     -2.952873e-05
     -3.162250e-05
     -3.385727e-05
     -3.624265e-05
     -3.878898e-05
     -4.150732e-05
     -4.440960e-05
     -4.750860e-05
     -5.081808e-05
     -5.435285e-05
     -5.812884e-05
     -6.216319e-05
     -6.647438e-05
     -7.108231e-05
     -7.600844e-05
     -8.127600e-05
     -8.691008e-05
     -9.293758e-05
     -9.938705e-05
     -1.062890e-04
     -1.136771e-04
     -1.215891e-04
     -1.300620e-04
     -1.391175e-04
     -1.487311e-04
     -1.587895e-04
     -1.690463e-04
     -1.790923e-04
     -1.883546e-04
     -1.961290e-04
     -2.016414e-04
     -2.041233e-04
     -2.028850e-04
     -1.973764e-04
     -1.872304e-04
     -1.722926e-04
     -1.526381e-04
     -1.285784e-04
     -1.006499e-04
     -6.958062e-05
     -3.623245e-05
     -1.525444e-06
      3.364009e-05
      6.844656e-05
      1.021937e-04
      1.343021e-04
      1.642927e-04
      1.917573e-04
      2.163321e-04
      2.376813e-04
      2.554907e-04
      2.694660e-04
      2.793337e-04
      2.848461e-04
      2.857972e-04
      2.820551e-04
      2.736101e-04
      2.606281e-04
      2.434919e-04
      2.228153e-04
      1.994191e-04
      1.742735e-04
      1.484197e-04
      1.228868e-04
      9.861999e-05
      7.642287e-05
      5.691433e-05
      4.049626e-05
      2.733239e-05
      1.734448e-05
      1.023421e-05
      5.535470e-06
      2.691883e-06
      1.144080e-06
      4.055117e-07
      1.088799e-07
      1.608657e-08
     -2.153237e-09
     -1.835968e-09
     -2.642603e-10
      1.120790e-10
      4.347046e-11
     -5.317749e-12
     -4.621192e-12
      2.980325e-13
      4.166585e-13
     -4.545349e-14
     -3.049980e-14
      7.754051e-15
      9.392420e-16
     -7.661249e-16
      1.315751e-16
      1.146526e-17
     -1.172320e-17
      3.449806e-18
     -6.704955e-19
      9.695103e-20
     -1.046462e-20
      7.279417e-22
      3.233487e-24
     -1.106728e-23
      2.237692e-24
     -3.145636e-25
      3.637695e-26
     -3.663569e-27
      3.303518e-28
     -2.710943e-29
      2.046551e-30
     -1.432336e-31
      9.348455e-33
     -5.716444e-34
      3.287388e-35
     -1.783577e-36
      9.154219e-38
     -4.455049e-39
      2.060021e-40
     -9.066955e-42
      3.804686e-43
     -1.524292e-44
      5.838107e-46
     -2.140129e-47
      7.516829e-49
     -2.532082e-50
      8.187560e-52
     -2.543416e-53
      7.596077e-55
     -2.182561e-56
      6.036985e-58
     -1.608418e-59
      4.129809e-61
     -1.022401e-62
      2.441523e-64
     -5.626262e-66
      1.251560e-67
     -2.688395e-69
      5.577811e-71
     -1.118067e-72
      2.165669e-74
     -4.054216e-76
      7.336086e-78
     -1.283213e-79
      2.169819e-81
     -3.546750e-83
      5.603857e-85
     -8.557207e-87
      1.262618e-88
     -1.799592e-90
      2.476612e-92
     -3.289150e-94
      4.212452e-96
     -5.197503e-98
     6.170344e-100
    -7.036125e-102
     7.688506e-104
    -8.023841e-106
     7.958153e-108
    -7.443787e-110
     6.482031e-112
    -5.128407e-114
     3.488636e-116
    -1.705350e-118
    -6.222643e-122
     1.661622e-122
    -2.968789e-124
     3.903820e-126
    -4.437986e-128
     4.591501e-130
    -4.423488e-132
     4.017169e-134
    -3.463835e-136
     2.848823e-138
    -2.241650e-140
      0.000000e+00
      0.000000e+00
