      0.000000e+00
      0.000000e+00
     -2.492458e-22
     -9.964082e-22
     -1.338752e-21
     -6.647414e-22
      5.043180e-22
      2.615163e-22
     -3.057249e-21
     -8.492250e-21
     -1.212314e-20
     -1.018971e-20
     -3.264227e-21
      3.106047e-21
      2.947834e-21
     -4.718751e-21
     -1.570011e-20
     -2.550890e-20
     -3.214359e-20
     -3.285808e-20
     -2.154941e-20
      5.101050e-21
      3.779956e-20
      5.629051e-20
      4.649688e-20
      1.579619e-20
     -1.273584e-20
     -2.218113e-20
     -1.525364e-20
     -6.268184e-21
     -4.785565e-21
     -1.047651e-20
     -2.072362e-20
     -3.702003e-20
     -6.104281e-20
     -8.680512e-20
     -1.018563e-19
     -9.894478e-20
     -8.267253e-20
     -5.950068e-20
     -2.524672e-20
      2.691448e-20
      8.521172e-20
      1.188583e-19
      1.080133e-19
      6.815046e-20
      3.470486e-20
      2.413650e-20
      1.844905e-20
     -7.763993e-21
     -4.989703e-20
     -7.168507e-20
     -4.474889e-20
      1.587263e-20
      6.348548e-20
      6.529973e-20
      2.914800e-20
     -1.130903e-20
     -2.449559e-20
      5.255374e-21
      7.014725e-20
      1.317034e-19
      1.382989e-19
      7.551616e-20
     -2.558495e-21
     -1.688603e-20
      4.932601e-20
      1.204358e-19
      1.027316e-19
     -1.130459e-20
     -1.262921e-19
     -1.395017e-19
     -4.796028e-20
      4.909825e-20
      5.394490e-20
     -3.339767e-20
     -1.236656e-19
     -1.286555e-19
     -3.529449e-20
      9.263294e-20
      1.648426e-19
      1.253893e-19
     -6.110834e-21
     -1.429088e-19
     -1.985610e-19
     -1.601889e-19
     -8.953148e-20
     -4.981266e-20
     -4.555976e-20
     -3.910476e-20
     -5.722553e-21
      4.636636e-20
      9.909680e-20
      1.421691e-19
      1.642878e-19
      1.484088e-19
      9.262071e-20
      2.841635e-20
     -8.789870e-22
      1.445892e-20
      3.963494e-20
      3.960538e-20
      2.233191e-20
      2.090095e-20
      4.246373e-20
      6.368930e-20
      7.797002e-20
      1.106220e-19
      1.673044e-19
      1.986277e-19
      1.520551e-19
      4.579646e-20
     -4.415938e-20
     -6.861947e-20
     -4.736076e-20
     -2.662658e-20
     -2.619076e-20
     -3.870075e-20
     -5.298849e-20
     -5.687822e-20
     -3.512213e-20
      8.684605e-21
      3.490246e-20
      2.020113e-21
     -7.477072e-20
     -1.247239e-19
     -9.897392e-20
     -2.881567e-20
      1.513264e-20
      8.392117e-21
     -8.705567e-21
      9.390537e-21
      6.246264e-20
      1.142866e-19
      1.316789e-19
      1.097392e-19
      7.422856e-20
      6.189740e-20
      8.365081e-20
      1.032098e-19
      6.768493e-20
     -3.094922e-20
     -1.351260e-19
     -1.734610e-19
     -1.282116e-19
     -4.471062e-20
      1.674240e-20
      2.825302e-20
      4.722907e-21
     -1.663829e-20
     -1.194270e-20
      1.789840e-21
     -1.714952e-20
     -7.758107e-20
     -1.280351e-19
     -1.116104e-19
     -3.900880e-20
      2.480126e-20
      4.518304e-20
      5.275432e-20
      8.371294e-20
      1.214050e-19
      1.248603e-19
      8.988137e-20
      5.023759e-20
      5.073067e-20
      3.711723e-20
     -1.269759e-19
      3.150240e-19
      7.668016e-19
     -5.388200e-18
     -5.471474e-19
      5.636678e-17
     -4.776164e-17
     -5.465212e-16
      6.096984e-16
      5.394811e-15
     -3.588960e-15
     -5.344233e-14
     -2.412393e-14
      4.517447e-13
      9.918220e-13
     -1.951792e-12
     -1.320576e-11
     -1.863825e-11
      5.600540e-11
      3.417202e-10
      7.725625e-10
      2.127003e-10
     -5.478893e-09
     -2.676960e-08
     -8.515885e-08
     -2.188378e-07
     -4.884879e-07
     -9.821710e-07
     -1.818229e-06
     -3.145252e-06
     -5.138485e-06
     -7.992454e-06
     -1.191011e-05
     -1.708923e-05
     -2.370732e-05
     -3.190635e-05
     -4.177896e-05
     -5.335745e-05
     -6.660656e-05
     -8.142088e-05
     -9.762672e-05
     -1.149883e-04
     -1.332170e-04
     -1.519834e-04
     -1.709296e-04
     -1.896812e-04
     -2.078592e-04
     -2.250883e-04
     -2.410047e-04
     -2.552613e-04
     -2.675316e-04
     -2.775140e-04
     -2.849349e-04
     -2.895539e-04
     -2.911692e-04
     -2.896251e-04
     -2.848189e-04
     -2.767088e-04
     -2.653197e-04
     -2.507476e-04
     -2.331598e-04
     -2.127919e-04
     -1.899405e-04
     -1.649515e-04
     -1.382054e-04
     -1.101010e-04
     -8.103756e-05
     -5.139856e-05
     -2.153739e-05
      8.233325e-06
      3.764828e-05
      6.649169e-05
      9.459537e-05
      1.218337e-04
      1.481160e-04
      1.733788e-04
      1.975768e-04
      2.206767e-04
      2.426518e-04
      2.634782e-04
      2.831339e-04
      3.015979e-04
      3.188503e-04
      3.348722e-04
      3.496438e-04
      3.631414e-04
      3.753338e-04
      3.861761e-04
      3.956042e-04
      4.035298e-04
      4.098372e-04
      4.143822e-04
      4.169955e-04
      4.174888e-04
      4.156653e-04
      4.113326e-04
      4.043178e-04
      3.944828e-04
      3.817386e-04
      3.660567e-04
      3.474778e-04
      3.261150e-04
      3.021529e-04
      2.758427e-04
      2.474927e-04
      2.174576e-04
      1.861255e-04
      1.539058e-04
      1.212172e-04
      8.847858e-05
      5.610082e-05
      2.448111e-05
     -6.001527e-06
     -3.499003e-05
     -6.215314e-05
     -8.718998e-05
     -1.098358e-04
     -1.298686e-04
     -1.471170e-04
     -1.614677e-04
     -1.728722e-04
     -1.813517e-04
     -1.869982e-04
     -1.899728e-04
     -1.904992e-04
     -1.888531e-04
     -1.853485e-04
     -1.803215e-04
     -1.741127e-04
     -1.670511e-04
     -1.594390e-04
     -1.515407e-04
     -1.435752e-04
     -1.357129e-04
     -1.280773e-04
     -1.207490e-04
     -1.137736e-04
     -1.071690e-04
     -1.009348e-04
     -9.505911e-05
     -8.952450e-05
     -8.431185e-05
     -7.940241e-05
     -7.477855e-05
     -7.042378e-05
     -6.632257e-05
     -6.246023e-05
     -5.882284e-05
     -5.539728e-05
     -5.217119e-05
     -4.913298e-05
     -4.627169e-05
     -4.357704e-05
     -4.103931e-05
     -3.864937e-05
     -3.639860e-05
     -3.427891e-05
     -3.228267e-05
     -3.040267e-05
     -2.863216e-05
     -2.696475e-05
     -2.539444e-05
     -2.391559e-05
     -2.252285e-05
     -2.121122e-05
     -1.997598e-05
     -1.881267e-05
     -1.771710e-05
     -1.668534e-05
     -1.571366e-05
     -1.479857e-05
     -1.393677e-05
     -1.312515e-05
     -1.236080e-05
     -1.164097e-05
     -1.096305e-05
     -1.032461e-05
     -9.723352e-06
     -9.157108e-06
     -8.623840e-06
     -8.121626e-06
     -7.648660e-06
     -7.203236e-06
     -6.783752e-06
     -6.388697e-06
     -6.016649e-06
     -5.666266e-06
     -5.336289e-06
     -5.025527e-06
     -4.732863e-06
     -4.457243e-06
     -4.197673e-06
     -3.953220e-06
     -3.723002e-06
     -3.506191e-06
     -3.302007e-06
     -3.109713e-06
     -2.928617e-06
     -2.758068e-06
     -2.597451e-06
     -2.446187e-06
     -2.303732e-06
     -2.169573e-06
     -2.043227e-06
     -1.924239e-06
     -1.812180e-06
     -1.706647e-06
     -1.607259e-06
     -1.513660e-06
     -1.425511e-06
     -1.342496e-06
     -1.264315e-06
     -1.190687e-06
     -1.121347e-06
     -1.056045e-06
     -9.945453e-07
     -9.366275e-07
     -8.820826e-07
     -8.307141e-07
     -7.823371e-07
     -7.367773e-07
     -6.938707e-07
     -6.534628e-07
     -6.154081e-07
     -5.795695e-07
     -5.458180e-07
     -5.140321e-07
     -4.840972e-07
     -4.559056e-07
     -4.293557e-07
     -4.043520e-07
     -3.808043e-07
     -3.586280e-07
     -3.377431e-07
     -3.586280e-07
     -3.808043e-07
     -4.043520e-07
     -4.293557e-07
     -4.559056e-07
     -4.840972e-07
     -5.140321e-07
     -5.458180e-07
     -5.795696e-07
     -6.154081e-07
     -6.534628e-07
     -6.938707e-07
     -7.367773e-07
     -7.823371e-07
     -8.307141e-07
     -8.820826e-07
     -9.366275e-07
     -9.945453e-07
     -1.056045e-06
     -1.121347e-06
     -1.190687e-06
     -1.264315e-06
     -1.342496e-06
     -1.425511e-06
     -1.513660e-06
     -1.607259e-06
     -1.706647e-06
     -1.812180e-06
     -1.924239e-06
     -2.043227e-06
     -2.169573e-06
     -2.303732e-06
     -2.446187e-06
     -2.597451e-06
     -2.758068e-06
     -2.928617e-06
     -3.109713e-06
     -3.302007e-06
     -3.506192e-06
     -3.723002e-06
     -3.953220e-06
     -4.197673e-06
     -4.457243e-06
     -4.732863e-06
     -5.025527e-06
     -5.336289e-06
     -5.666266e-06
     -6.016649e-06
     -6.388697e-06
     -6.783752e-06
     -7.203236e-06
     -7.648660e-06
     -8.121626e-06
     -8.623840e-06
     -9.157108e-06
     -9.723352e-06
     -1.032461e-05
     -1.096305e-05
     -1.164097e-05
     -1.236080e-05
     -1.312515e-05
     -1.393677e-05
     -1.479857e-05
     -1.571366e-05
     -1.668534e-05
     -1.771710e-05
     -1.881267e-05
     -1.997598e-05
     -2.121122e-05
     -2.252285e-05
     -2.391559e-05
     -2.539444e-05
     -2.696475e-05
     -2.863216e-05
     -3.040267e-05
     -3.228267e-05
     -3.427891e-05
     -3.639860e-05
     -3.864937e-05
     -4.103931e-05
     -4.357704e-05
     -4.627169e-05
     -4.913298e-05
     -5.217119e-05
     -5.539728e-05
     -5.882285e-05
     -6.246025e-05
     -6.632258e-05
     -7.042374e-05
     -7.477850e-05
     -7.940255e-05
     -8.431250e-05
     -8.952602e-05
     -9.506186e-05
     -1.009399e-04
     -1.071812e-04
     -1.138076e-04
     -1.208414e-04
     -1.283046e-04
     -1.362169e-04
     -1.445947e-04
     -1.534480e-04
     -1.627783e-04
     -1.725751e-04
     -1.828135e-04
     -1.934516e-04
     -2.044284e-04
     -2.156630e-04
     -2.270536e-04
     -2.384794e-04
     -2.498014e-04
     -2.608657e-04
     -2.715068e-04
     -2.815518e-04
     -2.908240e-04
     -2.991478e-04
     -3.063525e-04
     -3.122758e-04
     -3.167674e-04
     -3.196916e-04
     -3.209297e-04
     -3.203819e-04
     -3.179692e-04
     -3.136346e-04
     -3.073445e-04
     -2.990895e-04
     -2.888852e-04
     -2.767722e-04
     -2.628162e-04
     -2.471068e-04
     -2.297559e-04
     -2.108954e-04
     -1.906741e-04
     -1.692539e-04
     -1.468054e-04
     -1.235041e-04
     -9.952568e-05
     -7.504238e-05
     -5.021945e-05
     -2.521275e-05
     -1.671306e-07
      2.478433e-05
      4.952013e-05
      7.392958e-05
      9.791138e-05
      1.213721e-04
      1.442243e-04
      1.663851e-04
      1.877751e-04
      2.083169e-04
      2.279348e-04
      2.465543e-04
      2.641023e-04
      2.805066e-04
      2.956963e-04
      3.096018e-04
      3.221550e-04
      3.332891e-04
      3.429392e-04
      3.510426e-04
      3.575401e-04
      3.623767e-04
      3.655042e-04
      3.668830e-04
      3.664851e-04
      3.642967e-04
      3.603216e-04
      3.545836e-04
      3.471286e-04
      3.380261e-04
      3.273696e-04
      3.152760e-04
      3.018843e-04
      2.873525e-04
      2.718550e-04
      2.555779e-04
      2.387156e-04
      2.214658e-04
      2.040258e-04
      1.865887e-04
      1.693395e-04
      1.524526e-04
      1.360890e-04
      1.203945e-04
      1.054974e-04
      9.150721e-05
      7.851312e-05
      6.658310e-05
      5.576287e-05
      4.607546e-05
      3.752127e-05
      3.007866e-05
      2.370531e-05
      1.834029e-05
      1.390691e-05
      1.031613e-05
      7.470526e-06
      5.268459e-06
      3.608223e-06
      2.391905e-06
      1.528696e-06
      9.374416e-07
      5.483254e-07
      3.036238e-07
      1.575993e-07
      7.565335e-08
      3.293013e-08
      1.259054e-08
      3.980136e-09
      8.869018e-10
      3.789671e-11
     -7.813169e-11
     -3.977640e-11
     -7.886726e-12
      1.535090e-12
      1.458080e-12
      2.790463e-13
     -9.462280e-14
     -5.637002e-14
     -6.690000e-16
      6.516960e-15
      1.002245e-15
     -6.420528e-16
     -1.614922e-16
      6.492107e-17
      1.830014e-17
     -7.387996e-18
     -1.535858e-18
      8.906422e-19
      5.494186e-20
     -9.585101e-20
      1.087077e-20
      6.940385e-21
     -2.545248e-21
      1.864291e-24
      2.241199e-22
     -6.630014e-23
      2.233973e-24
      4.672780e-24
     -1.861897e-24
      3.450439e-25
      2.745720e-27
     -2.633463e-26
      1.117155e-26
     -3.186825e-27
      7.290012e-28
     -1.419491e-28
      2.417625e-29
     -3.647367e-30
      4.887143e-31
     -5.766432e-32
      5.819238e-33
     -4.592353e-34
      1.781566e-35
      2.648364e-36
     -8.404564e-37
      1.489402e-37
     -2.133519e-38
      2.692095e-39
     -3.098469e-40
      3.312351e-41
     -3.324994e-42
      3.156856e-43
     -2.849517e-44
      2.454874e-45
     -2.024668e-46
      1.602581e-47
     -1.219892e-48
      8.945780e-50
     -6.329466e-51
      4.326572e-52
     -2.860617e-53
      1.831353e-54
     -1.136305e-55
      6.839188e-57
     -3.996186e-58
      2.268485e-59
     -1.251897e-60
      6.720728e-62
     -3.511828e-63
      1.787134e-64
     -8.861570e-66
      4.283545e-67
     -2.019447e-68
      9.289337e-70
     -4.170961e-71
      1.828748e-72
     -7.832429e-74
      3.278044e-75
     -1.341072e-76
      5.364698e-78
     -2.099058e-79
      8.035522e-81
     -3.010462e-82
      1.104067e-83
     -3.964694e-85
      1.394376e-86
     -4.804040e-88
      1.621754e-89
     -5.365464e-91
      1.740049e-92
     -5.532640e-94
      1.725049e-95
     -5.275290e-97
      1.582496e-98
    -4.657602e-100
     1.345163e-101
    -3.812826e-103
     1.060822e-104
    -2.897501e-106
     7.770504e-108
    -2.046333e-109
     5.292487e-111
    -1.344474e-112
     3.355090e-114
    -8.225533e-116
     1.981429e-117
    -4.690208e-119
     1.091057e-120
    -2.494515e-122
     5.605918e-124
    -1.238417e-125
     2.689568e-127
    -5.742849e-129
     1.205686e-130
    -2.489048e-132
     5.053058e-134
    -1.008845e-135
     1.980933e-137
    -3.825734e-139
     7.267450e-141
    -1.357978e-142
     2.496124e-144
    -4.513575e-146
     8.029196e-148
    -1.405190e-149
     2.419483e-151
    -4.098694e-153
     6.831452e-155
    -1.120295e-156
     1.807630e-158
    -2.869769e-160
     4.482766e-162
    -6.889785e-164
     1.041891e-165
    -1.550205e-167
     2.269331e-169
    -3.268403e-171
     4.631133e-173
    -6.455555e-175
     8.852201e-177
    -1.194023e-178
     1.584108e-180
    -2.066946e-182
     2.652166e-184
    -3.346160e-186
     4.150552e-188
    -5.060655e-190
     6.064092e-192
    -7.139785e-194
     8.257523e-196
    -9.378287e-198
     1.045549e-199
    -1.143715e-201
     1.226898e-203
    -1.289814e-205
     1.327744e-207
    -1.336956e-209
     1.315080e-211
    -1.261394e-213
     1.176987e-215
    -1.064773e-217
     9.293282e-220
    -7.765954e-222
     6.134480e-224
    -4.471805e-226
     2.849684e-228
    -1.333547e-230
    -2.185259e-234
     1.175602e-234
    -2.102379e-236
     2.792707e-238
    -3.251835e-240
     3.497493e-242
    -3.556889e-244
     3.463321e-246
    -3.252814e-248
     2.961091e-250
    -2.621115e-252
     2.261342e-254
    -1.904705e-256
     1.568278e-258
    -1.263502e-260
     9.968205e-263
    -7.705596e-265
     5.839173e-267
    -4.339290e-269
     3.163313e-271
      0.000000e+00
      0.000000e+00
