      0.000000e+00
      0.000000e+00
     -2.492458e-22
     -9.964082e-22
     -1.338752e-21
     -6.647414e-22
      5.043180e-22
      2.615163e-22
     -3.057249e-21
     -8.492250e-21
     -1.212314e-20
     -1.018971e-20
     -3.264227e-21
      3.106047e-21
      2.947834e-21
     -4.718751e-21
     -1.570011e-20
     -2.550890e-20
     -3.214359e-20
     -3.285808e-20
     -2.154941e-20
      5.101050e-21
      3.779956e-20
      5.629051e-20
      4.649688e-20
      1.579619e-20
     -1.273584e-20
     -2.218113e-20
     -1.525364e-20
     -6.268184e-21
     -4.785565e-21
     -1.047651e-20
     -2.072362e-20
     -3.702003e-20
     -6.104281e-20
     -8.680512e-20
     -1.018563e-19
     -9.894478e-20
     -8.267253e-20
     -5.950068e-20
     -2.524672e-20
      2.691448e-20
      8.521172e-20
      1.188583e-19
      1.080133e-19
      6.815046e-20
      3.470486e-20
      2.413650e-20
      1.844905e-20
     -7.763993e-21
     -4.989703e-20
     -7.168507e-20
     -4.474889e-20
      1.587263e-20
      6.348548e-20
      6.529973e-20
      2.914800e-20
     -1.130903e-20
     -2.449559e-20
      5.255374e-21
      7.014725e-20
      1.317034e-19
      1.382989e-19
      7.551616e-20
     -2.558495e-21
     -1.688603e-20
      4.932601e-20
      1.204358e-19
      1.027316e-19
     -1.130459e-20
     -1.262921e-19
     -1.395017e-19
     -4.796028e-20
      4.909825e-20
      5.394490e-20
     -3.339767e-20
     -1.236656e-19
     -1.286555e-19
     -3.529449e-20
      9.263294e-20
      1.648426e-19
      1.253893e-19
     -6.110834e-21
     -1.429088e-19
     -1.985610e-19
     -1.601889e-19
     -8.953148e-20
     -4.981266e-20
     -4.555976e-20
     -3.910476e-20
     -5.722553e-21
      4.636636e-20
      9.909680e-20
      1.421691e-19
      1.642878e-19
      1.484088e-19
      9.262071e-20
      2.841635e-20
     -8.789870e-22
      1.445892e-20
      3.963494e-20
      3.960538e-20
      2.233191e-20
      2.090095e-20
      4.246373e-20
      6.368930e-20
      7.797002e-20
      1.106220e-19
      1.673044e-19
      1.986277e-19
      1.520551e-19
      4.579646e-20
     -4.415938e-20
     -6.861947e-20
     -4.736076e-20
     -2.662658e-20
     -2.619076e-20
     -3.870075e-20
     -5.298849e-20
     -5.687822e-20
     -3.512213e-20
      8.684605e-21
      3.490246e-20
      2.020113e-21
     -7.477072e-20
     -1.247239e-19
     -9.897392e-20
     -2.881567e-20
      1.513264e-20
      8.392117e-21
     -8.705567e-21
      9.390537e-21
      6.246264e-20
      1.142866e-19
      1.316789e-19
      1.097392e-19
      7.422856e-20
      6.189740e-20
      8.365081e-20
      1.032098e-19
      6.768493e-20
     -3.094922e-20
     -1.351260e-19
     -1.734610e-19
     -1.282116e-19
     -4.471062e-20
      1.674240e-20
      2.825302e-20
      4.722907e-21
     -1.663829e-20
     -1.194270e-20
      1.789840e-21
     -1.714952e-20
     -7.758107e-20
     -1.280351e-19
     -1.116104e-19
     -3.900880e-20
      2.480125e-20
      4.518303e-20
      5.275447e-20
      8.371227e-20
      1.214062e-19
      1.248642e-19
      8.984725e-20
      5.032359e-20
      5.086995e-20
      3.548070e-20
     -1.237352e-19
      3.275585e-19
      6.945674e-19
     -5.399934e-18
      3.809419e-19
      5.525526e-17
     -5.788191e-17
     -5.263561e-16
      7.203226e-16
      5.158879e-15
     -4.890542e-15
     -5.160787e-14
     -8.555913e-15
      4.511085e-13
      8.319127e-13
     -2.233163e-12
     -1.224448e-11
     -1.366845e-11
      6.056148e-11
      3.107243e-10
      6.304997e-10
     -3.258759e-11
     -5.246053e-09
     -2.379130e-08
     -7.368589e-08
     -1.875127e-07
     -4.186770e-07
     -8.477281e-07
     -1.587460e-06
     -2.785396e-06
     -4.622560e-06
     -7.308049e-06
     -1.106953e-05
     -1.614035e-05
     -2.274427e-05
     -3.107917e-05
     -4.130122e-05
     -5.351095e-05
     -6.774242e-05
     -8.395644e-05
     -1.020382e-04
     -1.217991e-04
     -1.429822e-04
     -1.652703e-04
     -1.882958e-04
     -2.116508e-04
     -2.348962e-04
     -2.575708e-04
     -2.791972e-04
     -2.992880e-04
     -3.173497e-04
     -3.328874e-04
     -3.454091e-04
     -3.544320e-04
     -3.594895e-04
     -3.601396e-04
     -3.559755e-04
     -3.466350e-04
     -3.318102e-04
     -3.112560e-04
     -2.847952e-04
     -2.523221e-04
     -2.138035e-04
     -1.692793e-04
     -1.188657e-04
     -6.276438e-05
     -1.285512e-06
      6.510872e-05
      1.357283e-04
      2.095362e-04
      2.849755e-04
      3.597435e-04
      4.305429e-04
      4.929078e-04
      5.413127e-04
      5.698585e-04
      5.737366e-04
      5.512364e-04
      5.054183e-04
      4.442643e-04
      3.787000e-04
      3.192060e-04
      2.727871e-04
      2.418411e-04
      2.251160e-04
      2.196530e-04
      2.223988e-04
      2.309066e-04
      2.433498e-04
      2.583209e-04
      2.746847e-04
      2.915084e-04
      3.080141e-04
      3.235339e-04
      3.374763e-04
      3.493098e-04
      3.585610e-04
      3.648176e-04
      3.677358e-04
      3.670473e-04
      3.625660e-04
      3.541918e-04
      3.419106e-04
      3.257912e-04
      3.059781e-04
      2.826823e-04
      2.561698e-04
      2.267507e-04
      1.947680e-04
      1.605875e-04
      1.245907e-04
      8.716697e-05
      4.870937e-05
      9.609082e-06
     -2.974915e-05
     -6.899254e-05
     -1.077665e-04
     -1.457411e-04
     -1.826180e-04
     -2.181340e-04
     -2.520623e-04
     -2.842053e-04
     -3.143789e-04
     -3.423820e-04
     -3.679495e-04
     -3.906858e-04
     -4.099785e-04
     -4.249013e-04
     -4.341312e-04
     -4.359331e-04
     -4.283099e-04
     -4.094319e-04
     -3.783847e-04
     -3.360401e-04
     -2.855599e-04
     -2.320017e-04
     -1.809428e-04
     -1.367606e-04
     -1.015343e-04
     -7.509495e-05
     -5.592954e-05
     -4.219853e-05
     -3.233730e-05
     -2.520157e-05
     -1.998916e-05
     -1.613592e-05
     -1.324603e-05
     -1.104550e-05
     -9.345395e-06
     -8.014042e-06
     -6.958198e-06
     -6.111030e-06
     -5.424101e-06
     -4.861853e-06
     -4.397840e-06
     -4.012155e-06
     -3.689644e-06
     -3.418656e-06
     -3.190143e-06
     -2.997019e-06
     -2.833693e-06
     -2.695728e-06
     -2.579580e-06
     -2.482411e-06
     -2.401944e-06
     -2.336350e-06
     -2.284165e-06
     -2.244224e-06
     -2.215603e-06
     -2.197584e-06
     -2.189610e-06
     -2.191256e-06
     -2.202196e-06
     -2.222167e-06
     -2.250925e-06
     -2.288192e-06
     -2.333579e-06
     -2.386480e-06
     -2.445933e-06
     -2.510404e-06
     -2.577513e-06
     -2.643661e-06
     -2.703562e-06
     -2.749738e-06
     -2.772101e-06
     -2.757961e-06
     -2.692991e-06
     -2.563904e-06
     -2.363158e-06
     -2.094661e-06
     -1.777282e-06
     -1.442392e-06
     -1.124659e-06
     -8.507005e-07
     -6.324297e-07
     -4.681519e-07
     -3.485689e-07
     -2.627114e-07
     -2.011329e-07
     -1.566954e-07
     -1.242876e-07
     -1.003346e-07
     -8.236763e-08
     -6.868782e-08
     -5.812011e-08
     -4.984390e-08
     -4.327936e-08
     -3.801164e-08
     -3.373994e-08
     -3.024332e-08
     -2.735744e-08
     -2.495858e-08
     -2.295258e-08
     -2.126700e-08
     -1.984557e-08
     -1.864426e-08
     -1.762829e-08
     -1.677006e-08
     -1.604754e-08
     -1.544308e-08
     -1.494252e-08
     -1.453447e-08
     -1.420984e-08
     -1.396137e-08
     -1.378333e-08
     -1.367124e-08
     -1.362163e-08
     -1.363187e-08
     -1.369992e-08
     -1.382415e-08
     -1.400305e-08
     -1.423486e-08
     -1.451718e-08
     -1.484624e-08
     -1.451716e-08
     -1.423485e-08
     -1.400304e-08
     -1.382415e-08
     -1.369992e-08
     -1.363187e-08
     -1.362163e-08
     -1.367124e-08
     -1.378334e-08
     -1.396138e-08
     -1.420985e-08
     -1.453448e-08
     -1.494253e-08
     -1.544309e-08
     -1.604756e-08
     -1.677008e-08
     -1.762832e-08
     -1.864430e-08
     -1.984563e-08
     -2.126708e-08
     -2.295270e-08
     -2.495876e-08
     -2.735769e-08
     -3.024370e-08
     -3.374050e-08
     -3.801249e-08
     -4.328062e-08
     -4.984573e-08
     -5.812267e-08
     -6.869128e-08
     -8.237223e-08
     -1.003400e-07
     -1.242896e-07
     -1.566791e-07
     -2.010728e-07
     -2.626006e-07
     -3.484688e-07
     -4.681906e-07
     -6.326820e-07
     -8.510467e-07
     -1.124835e-06
     -1.442243e-06
     -1.776926e-06
     -2.094356e-06
     -2.363055e-06
     -2.563968e-06
     -2.693112e-06
     -2.758060e-06
     -2.772159e-06
     -2.749762e-06
     -2.703568e-06
     -2.643658e-06
     -2.577508e-06
     -2.510398e-06
     -2.445928e-06
     -2.386477e-06
     -2.333576e-06
     -2.288191e-06
     -2.250924e-06
     -2.222166e-06
     -2.202196e-06
     -2.191256e-06
     -2.189610e-06
     -2.197584e-06
     -2.215604e-06
     -2.244224e-06
     -2.284166e-06
     -2.336351e-06
     -2.401945e-06
     -2.482413e-06
     -2.579582e-06
     -2.695731e-06
     -2.833698e-06
     -2.997025e-06
     -3.190152e-06
     -3.418670e-06
     -3.689664e-06
     -4.012183e-06
     -4.397881e-06
     -4.861913e-06
     -5.424190e-06
     -6.111165e-06
     -6.958408e-06
     -8.014347e-06
     -9.345764e-06
     -1.104591e-05
     -1.324674e-05
     -1.613727e-05
     -1.999034e-05
     -2.519879e-05
     -3.232551e-05
     -4.217897e-05
     -5.591653e-05
     -7.510921e-05
     -1.015826e-04
     -1.368242e-04
     -1.809992e-04
     -2.320699e-04
     -2.857346e-04
     -3.364981e-04
     -3.793868e-04
     -4.113475e-04
     -4.316677e-04
     -4.414732e-04
     -4.428415e-04
     -4.380354e-04
     -4.290592e-04
     -4.174951e-04
     -4.045030e-04
     -3.908876e-04
     -3.771813e-04
     -3.637188e-04
     -3.506965e-04
     -3.382179e-04
     -3.263248e-04
     -3.150202e-04
     -3.042831e-04
     -2.940783e-04
     -2.843634e-04
     -2.750925e-04
     -2.662188e-04
     -2.576960e-04
     -2.494794e-04
     -2.415257e-04
     -2.337938e-04
     -2.262446e-04
     -2.188409e-04
     -2.115476e-04
     -2.043308e-04
     -1.971583e-04
     -1.899982e-04
     -1.828186e-04
     -1.755858e-04
     -1.682631e-04
     -1.608080e-04
     -1.531691e-04
     -1.452823e-04
     -1.370648e-04
     -1.284079e-04
     -1.191671e-04
     -1.091483e-04
     -9.808930e-05
     -8.563074e-05
     -7.127588e-05
     -5.434258e-05
     -3.391081e-05
     -8.743679e-06
      2.285975e-05
      6.324279e-05
      1.153414e-04
      1.819702e-04
      2.642417e-04
      3.596690e-04
      4.612106e-04
      5.583523e-04
      6.400871e-04
      6.983034e-04
      7.298027e-04
      7.361810e-04
      7.221502e-04
      6.935041e-04
      6.556330e-04
      6.128301e-04
      5.681829e-04
      5.237478e-04
      4.808016e-04
      4.400719e-04
      4.019190e-04
      3.664676e-04
      3.336978e-04
      3.035063e-04
      2.757456e-04
      2.502487e-04
      2.268440e-04
      2.053644e-04
      1.856517e-04
      1.675589e-04
      1.509512e-04
      1.357056e-04
      1.217105e-04
      1.088653e-04
      9.707921e-05
      8.627096e-05
      7.636780e-05
      6.730492e-05
      5.902473e-05
      5.147608e-05
      4.461355e-05
      3.839657e-05
      3.278856e-05
      2.775605e-05
      2.326778e-05
      1.929380e-05
      1.580473e-05
      1.277107e-05
      1.016265e-05
      7.948304e-06
      6.095686e-06
      4.571323e-06
      3.340832e-06
      2.369314e-06
      1.621882e-06
      1.064278e-06
      6.634974e-07
      3.883684e-07
      2.100739e-07
      1.026980e-07
      4.386613e-08
      1.541566e-08
      3.851153e-09
      2.776184e-10
     -3.073156e-10
     -1.677682e-10
     -3.147261e-11
      8.143847e-12
      6.242325e-12
      8.212694e-13
     -5.125156e-13
     -2.018873e-13
      2.108790e-14
      2.535384e-14
      6.940402e-16
     -2.633814e-15
     -2.274992e-16
      2.627006e-16
      2.362047e-17
     -2.652041e-17
     -9.201932e-19
      2.602212e-18
     -1.883390e-19
     -2.149738e-19
      5.113649e-20
      9.680206e-21
     -6.493698e-21
      6.975564e-22
      3.629268e-22
     -1.595900e-22
      1.960881e-23
      6.061709e-24
     -3.594330e-24
      8.672439e-25
     -7.478589e-26
     -3.041751e-26
      1.766885e-26
     -5.601498e-27
      1.363784e-27
     -2.786448e-28
      4.963304e-29
     -7.860280e-30
      1.118110e-30
     -1.433673e-31
      1.651525e-32
     -1.685523e-33
      1.468101e-34
     -9.724711e-36
      2.255837e-37
      6.932518e-38
     -1.668149e-38
      2.571953e-39
     -3.293279e-40
      3.757601e-41
     -3.937436e-42
      3.850622e-43
     -3.549243e-44
      3.103792e-45
     -2.587363e-46
      2.063398e-47
     -1.578669e-48
      1.161378e-49
     -8.231063e-51
      5.629126e-52
     -3.719942e-53
      2.378342e-54
     -1.472748e-55
      8.841440e-57
     -5.150400e-58
      2.913611e-59
     -1.601824e-60
      8.564168e-62
     -4.455695e-63
      2.257142e-64
     -1.113915e-65
      5.358164e-67
     -2.513379e-68
      1.150200e-69
     -5.137433e-71
      2.240527e-72
     -9.544423e-74
      3.972839e-75
     -1.616412e-76
      6.430484e-78
     -2.502131e-79
      9.525302e-81
     -3.548721e-82
      1.294213e-83
     -4.621594e-85
      1.616353e-86
     -5.537852e-88
      1.859107e-89
     -6.116728e-91
      1.972765e-92
     -6.238194e-94
      1.934428e-95
     -5.883497e-97
      1.755433e-98
    -5.138918e-100
     1.476278e-101
    -4.162379e-103
     1.152011e-104
    -3.130226e-106
     8.351394e-108
    -2.188084e-109
     5.630492e-111
    -1.423178e-112
     3.533893e-114
    -8.621414e-116
     2.066719e-117
    -4.868636e-119
     1.127196e-120
    -2.565074e-122
     5.737830e-124
    -1.261773e-125
     2.727952e-127
    -5.798944e-129
     1.212134e-130
    -2.491572e-132
     5.036712e-134
    -1.001382e-135
     1.958206e-137
    -3.766584e-139
     7.126749e-141
    -1.326513e-142
     2.429007e-144
    -4.375843e-146
     7.755823e-148
    -1.352518e-149
     2.320711e-151
    -3.918093e-153
     6.509007e-155
    -1.064021e-156
     1.711545e-158
    -2.709159e-160
     4.219805e-162
    -6.467898e-164
     9.755429e-166
    -1.447901e-167
     2.114635e-169
    -3.038981e-171
     4.297400e-173
    -5.979366e-175
     8.185758e-177
    -1.102545e-178
     1.460975e-180
    -1.904448e-182
     2.441974e-184
    -3.079772e-186
     3.819930e-188
    -4.659056e-190
     5.587064e-192
    -6.586279e-194
     7.631028e-196
    -8.687886e-198
     9.716680e-200
    -1.067231e-201
     1.150730e-203
    -1.217504e-205
     1.263323e-207
    -1.284753e-209
     1.279473e-211
    -1.246527e-213
     1.186471e-215
    -1.101395e-217
     9.948129e-220
    -8.714224e-222
     7.367651e-224
    -5.968141e-226
     4.575352e-228
    -3.244655e-230
     2.023514e-232
    -9.487779e-235
     4.509859e-238
     6.754729e-239
    -1.212784e-240
     1.576969e-242
    -1.786193e-244
     1.864074e-246
    -1.837063e-248
     1.732064e-250
    -1.574456e-252
     1.386652e-254
    -1.187209e-256
     9.904566e-259
    -8.065700e-261
     6.419611e-263
    -4.998791e-265
     3.811052e-267
    -2.846499e-269
     2.083877e-271
      0.000000e+00
      0.000000e+00
