      0.000000e+00
      0.000000e+00
     -2.157142e-21
     -1.063257e-20
     -2.375678e-20
     -2.510891e-20
     -1.248140e-20
      1.372910e-20
      3.610820e-20
      6.038111e-21
     -2.648161e-20
      1.352978e-20
      6.877773e-20
     -1.452193e-18
      4.869625e-17
     -1.378809e-15
      3.153611e-14
     -5.520119e-13
      6.426782e-12
     -2.063573e-11
     -9.270056e-10
      2.110250e-08
     -2.123027e-07
      7.902094e-07
      3.156440e-06
     -1.901384e-05
     -1.066273e-04
     -2.306526e-04
     -2.697831e-04
     -1.442822e-04
      8.182909e-05
      2.869974e-04
      4.031211e-04
      3.949892e-04
      2.410734e-04
      6.733109e-06
     -1.615867e-04
     -1.855414e-04
     -1.239110e-04
     -6.649576e-05
     -3.944693e-05
     -2.679519e-05
     -1.728351e-05
     -1.038349e-05
     -6.316191e-06
     -3.951334e-06
     -2.457492e-06
     -1.514603e-06
     -9.359590e-07
     -5.796556e-07
     -3.584358e-07
     -5.803527e-07
     -9.381506e-07
     -1.514855e-06
     -2.445504e-06
     -3.955059e-06
     -6.412918e-06
     -1.040825e-05
     -1.681957e-05
     -2.679838e-05
     -4.215047e-05
     -6.768118e-05
     -1.138574e-04
     -1.889170e-04
     -2.749291e-04
     -3.164848e-04
     -2.583119e-04
     -1.009985e-04
      9.695833e-05
      2.660510e-04
      3.556146e-04
      3.402455e-04
      2.372982e-04
      1.114466e-04
      2.778020e-05
     -2.946595e-07
     -1.294282e-06
      2.858215e-07
      7.503728e-08
     -3.076023e-08
      4.397563e-09
     -3.262027e-10
      8.959704e-12
      8.099934e-13
     -1.260371e-13
      9.590532e-15
     -5.219572e-16
      2.240154e-17
     -7.922323e-19
      2.367054e-20
     -6.071969e-22
      1.352207e-23
     -2.635217e-25
      4.520422e-27
     -6.854333e-29
      9.214204e-31
     -1.100206e-32
      1.167918e-34
     -1.102233e-36
      0.000000e+00
      0.000000e+00
