      0.000000e+00
      0.000000e+00
     -2.207836e-21
     -2.251671e-21
     -1.894937e-22
     -6.149030e-21
     -2.120780e-20
     -2.827356e-20
     -2.843544e-20
     -3.956628e-20
     -4.712170e-20
     -2.963854e-20
     -1.013277e-20
     -1.536425e-20
     -3.024700e-20
     -2.823724e-20
     -9.584681e-21
      9.167226e-21
      2.445204e-20
      3.368157e-20
      1.074476e-20
     -5.170894e-20
     -1.015849e-19
     -9.137930e-20
     -5.050885e-20
     -3.808776e-20
     -4.479744e-20
     -2.473433e-20
      1.491663e-21
     -9.166899e-21
     -3.754839e-20
     -6.733950e-20
     -1.018861e-19
     -2.423246e-19
      2.012919e-18
     -2.935245e-17
      3.547681e-16
     -3.436138e-15
      2.378907e-14
     -6.809152e-14
     -8.479968e-13
      1.440124e-11
     -1.027951e-10
      2.790663e-10
      1.210590e-09
     -9.727156e-09
     -1.048110e-08
      1.794125e-07
      4.311202e-07
     -1.715838e-06
     -1.327012e-05
     -4.395423e-05
     -9.876039e-05
     -1.705888e-04
     -2.402801e-04
     -2.842024e-04
     -2.837106e-04
     -2.322790e-04
     -1.383974e-04
     -2.192711e-05
      9.552275e-05
      1.995569e-04
      2.848437e-04
      3.508269e-04
      3.964375e-04
      4.166503e-04
      4.023263e-04
      3.452636e-04
      2.465588e-04
      1.211327e-04
     -6.203569e-06
     -1.099633e-04
     -1.728121e-04
     -1.911922e-04
     -1.757128e-04
     -1.445398e-04
     -1.131561e-04
     -8.831749e-05
     -6.975288e-05
     -5.524914e-05
     -4.353461e-05
     -3.419003e-05
     -2.687262e-05
     -2.114767e-05
     -1.664097e-05
     -1.308915e-05
     -1.029519e-05
     -8.098586e-06
     -6.370737e-06
     -5.011366e-06
     -3.942039e-06
     -3.100911e-06
     -2.439259e-06
     -1.918783e-06
     -1.509363e-06
     -1.187303e-06
     -9.339627e-07
     -7.346787e-07
     -5.779169e-07
     -4.546041e-07
     -3.576031e-07
     -4.546095e-07
     -5.779237e-07
     -7.346874e-07
     -9.339737e-07
     -1.187317e-06
     -1.509380e-06
     -1.918805e-06
     -2.439287e-06
     -3.100951e-06
     -3.942093e-06
     -5.011396e-06
     -6.370756e-06
     -8.098857e-06
     -1.029571e-05
     -1.308845e-05
     -1.663862e-05
     -2.115129e-05
     -2.688783e-05
     -3.418402e-05
     -4.346588e-05
     -5.524953e-05
     -7.015241e-05
     -8.901111e-05
     -1.130947e-04
     -1.440010e-04
     -1.826022e-04
     -2.271031e-04
     -2.715431e-04
     -3.063197e-04
     -3.209019e-04
     -3.073409e-04
     -2.629683e-04
     -1.912943e-04
     -1.007250e-04
     -1.630044e-06
      9.657845e-05
      1.867301e-04
      2.634159e-04
      3.219060e-04
      3.575920e-04
      3.665144e-04
      3.470469e-04
      3.019424e-04
      2.391065e-04
      1.700088e-04
      1.063650e-04
      5.675422e-05
      2.453992e-05
      7.813853e-06
      1.414527e-06
     -5.487324e-08
     -7.910079e-08
      3.226841e-09
      7.382400e-09
     -3.358584e-10
     -5.332586e-10
      8.412769e-11
      1.623564e-11
     -7.814185e-12
      1.352681e-12
     -1.175339e-13
     -4.112635e-16
      1.829504e-15
     -3.335034e-16
      3.957884e-17
     -3.661641e-18
      2.816513e-19
     -1.861675e-20
      1.079068e-21
     -5.560967e-23
      2.573907e-24
     -1.078265e-25
      4.113254e-27
     -1.435799e-28
      4.604428e-30
     -1.360956e-31
      3.717515e-33
     -9.404421e-35
      2.207052e-36
     -4.811002e-38
      9.748848e-40
     -1.837033e-41
      3.218454e-43
     -5.238192e-45
      7.906398e-47
     -1.103452e-48
      1.416987e-50
     -1.660354e-52
      1.748993e-54
     -1.607562e-56
      1.197801e-58
     -5.406818e-61
     -2.781398e-63
      1.125104e-64
     -1.853877e-66
      2.346318e-68
     -2.543652e-70
      2.456611e-72
      0.000000e+00
      0.000000e+00
