      0.000000e+00
      0.000000e+00
     -9.281945e-22
     -8.628065e-22
     -6.905121e-22
     -4.789350e-22
     -2.930973e-22
     -1.238762e-22
      9.534805e-23
      4.185663e-22
      8.096743e-22
      1.121056e-21
      1.159475e-21
      8.092107e-22
      1.329617e-22
     -6.268341e-22
     -1.163103e-21
     -1.272042e-21
     -9.703347e-22
     -4.921939e-22
     -1.775915e-22
     -3.231997e-22
     -1.063445e-21
     -2.305018e-21
     -3.717728e-21
     -4.810035e-21
     -5.130530e-21
     -4.562333e-21
     -3.538396e-21
     -2.947077e-21
     -3.655128e-21
     -5.895390e-21
     -8.981999e-21
     -1.166509e-20
     -1.295142e-20
     -1.277785e-20
     -1.196147e-20
     -1.142074e-20
     -1.131615e-20
     -1.089264e-20
     -9.224646e-21
     -6.234053e-21
     -3.029164e-21
     -1.155648e-21
     -1.326862e-21
     -2.735460e-21
     -3.618749e-21
     -2.700959e-21
     -3.841567e-22
      1.248520e-21
     -3.674708e-22
     -6.685827e-21
     -1.698716e-20
     -2.829259e-20
     -3.621589e-20
     -3.654154e-20
     -2.719713e-20
     -9.897971e-21
      9.670442e-21
      2.396040e-20
      2.743506e-20
      2.007541e-20
      7.996431e-21
      2.173200e-22
      3.260854e-21
      1.696177e-20
      3.424343e-20
      4.506694e-20
      4.210990e-20
      2.478708e-20
     -5.603668e-22
     -2.410930e-20
     -3.747467e-20
     -3.746717e-20
     -2.707190e-20
     -1.367994e-20
     -5.787173e-21
     -9.560029e-21
     -2.621375e-20
     -5.081906e-20
     -7.320213e-20
     -8.141047e-20
     -6.706048e-20
     -3.014714e-20
      1.979696e-20
      6.761500e-20
      9.957502e-20
      1.092574e-19
      9.886210e-20
      7.604666e-20
      4.944656e-20
      2.592228e-20
      9.857447e-21
      2.678326e-21
      1.539178e-21
     -1.258610e-21
     -1.548895e-20
     -4.670104e-20
     -9.027368e-20
     -1.311502e-19
     -1.512056e-19
     -1.402159e-19
     -1.027946e-19
     -5.584133e-20
     -1.776584e-20
      3.029913e-21
      1.211831e-20
      2.260397e-20
      4.317641e-20
      6.981049e-20
      8.769131e-20
      8.231541e-20
      5.167455e-20
      1.024457e-20
     -1.883412e-20
     -1.851703e-20
      1.051666e-20
      4.959405e-20
      7.364177e-20
      6.691556e-20
      3.223769e-20
     -1.228239e-20
     -4.620779e-20
     -5.993181e-20
     -5.897016e-20
     -5.724518e-20
     -6.517614e-20
     -8.151312e-20
     -9.442233e-20
     -9.054930e-20
     -6.562612e-20
     -2.962573e-20
     -3.119724e-21
     -6.780306e-21
     -4.992011e-20
     -1.245306e-19
     -2.081403e-19
     -2.737522e-19
     -3.012541e-19
     -2.844487e-19
     -2.310989e-19
     -1.575843e-19
     -8.206493e-20
     -1.942080e-20
      2.109398e-20
      3.645013e-20
      2.980655e-20
      9.696413e-21
     -1.268731e-20
     -2.839510e-20
     -3.567639e-20
     -4.115096e-20
     -5.488449e-20
     -8.163760e-20
     -1.145819e-19
     -1.370916e-19
     -1.324133e-19
     -9.462154e-20
     -3.295003e-20
      3.322771e-20
      8.430456e-20
      1.078404e-19
      9.962117e-20
      6.078544e-20
     -3.669115e-21
     -8.267145e-20
     -1.565310e-19
     -2.000187e-19
     -1.933377e-19
     -1.357381e-19
     -5.152911e-20
      1.902418e-20
      4.139913e-20
      7.980245e-21
     -5.683584e-20
     -1.134130e-19
     -1.350614e-19
     -1.267461e-19
     -1.187745e-19
     -1.390032e-19
     -1.854234e-19
     -2.225401e-19
     -2.065768e-19
     -1.204448e-19
      9.767809e-21
      1.304782e-19
      1.957062e-19
      1.934204e-19
      1.440643e-19
      7.717591e-20
      9.788459e-21
     -5.509426e-20
     -1.137794e-19
     -1.511237e-19
     -1.482780e-19
     -1.021997e-19
     -3.580568e-20
      1.446967e-20
      2.464591e-20
     -1.220963e-22
     -3.230366e-20
     -4.468435e-20
     -2.881268e-20
      3.667507e-21
      3.263995e-20
      4.139957e-20
      2.187516e-20
     -2.425246e-20
     -8.474965e-20
     -1.384067e-19
     -1.631586e-19
     -1.483371e-19
     -1.013708e-19
     -4.190398e-20
      1.212726e-20
      5.392057e-20
      8.510591e-20
      1.060256e-19
      1.108361e-19
      9.304140e-20
      5.518467e-20
      1.176630e-20
     -1.858373e-20
     -2.494475e-20
     -9.673689e-21
      1.623694e-20
      4.274328e-20
      6.668389e-20
      9.013444e-20
      1.145112e-19
      1.367629e-19
      1.508113e-19
      1.519524e-19
      1.396288e-19
      1.165034e-19
      8.588709e-20
      5.079826e-20
      1.525092e-20
     -1.481609e-20
     -3.334415e-20
     -3.757900e-20
     -2.941237e-20
     -1.269869e-20
      1.083162e-20
      4.225396e-20
      8.113339e-20
      1.203289e-19
      1.461185e-19
      1.454644e-19
      1.151890e-19
      6.502554e-20
      1.117224e-20
     -3.470924e-20
     -7.168306e-20
     -1.054219e-19
     -1.375478e-19
     -1.587444e-19
     -1.534057e-19
     -1.132618e-19
     -4.809922e-20
      1.758264e-20
      6.152958e-20
      8.086028e-20
      9.375897e-20
      1.223554e-19
      1.702570e-19
      2.143690e-19
      2.195109e-19
      1.650292e-19
      6.227851e-20
     -5.038348e-20
     -1.300793e-19
     -1.520529e-19
     -1.184001e-19
     -5.184541e-20
      1.703633e-20
      6.150491e-20
      6.728257e-20
      3.820995e-20
     -3.644764e-21
     -2.687785e-20
     -6.827392e-21
      6.003434e-20
      1.529284e-19
      2.367644e-19
      2.784484e-19
      2.604890e-19
      1.873815e-19
      8.481154e-20
     -7.937985e-21
     -5.271187e-20
     -3.117507e-20
      4.221457e-20
      1.240439e-19
      1.644025e-19
      1.353275e-19
      4.612581e-20
     -6.447247e-20
     -1.517023e-19
     -1.855320e-19
     -1.565186e-19
     -7.008624e-20
      5.812838e-20
      1.995247e-19
      3.105715e-19
      3.454395e-19
      2.844917e-19
      1.591072e-19
      4.613411e-20
      2.430549e-20
      1.181961e-19
      2.732311e-19
      3.872023e-19
      3.800318e-19
      2.502310e-19
      7.426369e-20
     -5.036648e-20
     -7.330184e-20
     -1.936510e-20
      3.994982e-20
      4.340667e-20
     -1.967010e-20
     -1.106497e-19
     -1.746915e-19
     -1.766215e-19
     -1.170317e-19
     -2.564100e-20
      5.711920e-20
      9.826308e-20
      8.392737e-20
      2.273888e-20
     -5.965586e-20
     -1.336753e-19
     -1.811097e-19
     -2.036837e-19
     -2.178600e-19
     -2.376286e-19
     -2.575078e-19
     -2.512750e-19
     -1.922382e-19
     -8.244139e-20
      3.438610e-20
      9.380794e-20
      5.657388e-20
     -5.488634e-20
     -1.627771e-19
     -1.847263e-19
     -9.278117e-20
      6.556306e-20
      2.010971e-19
      2.441733e-19
      1.861902e-19
      7.398528e-20
     -3.043933e-20
     -8.877425e-20
     -9.724526e-20
     -7.119440e-20
     -2.479204e-20
      3.585851e-20
      1.054060e-19
      1.704973e-19
      2.116445e-19
      2.160383e-19
      1.899309e-19
      1.573370e-19
      1.421768e-19
      1.464371e-19
      1.441812e-19
      1.010089e-19
      6.292541e-21
     -1.094583e-19
     -1.907198e-19
     -1.965555e-19
     -1.307505e-19
     -3.556100e-20
      4.587684e-20
      1.046149e-19
      1.667003e-19
      2.599196e-19
      3.784048e-19
      4.785844e-19
      5.103893e-19
      4.554903e-19
      3.394893e-19
      2.101848e-19
      1.038500e-19
      2.836957e-20
     -2.742907e-20
     -7.333576e-20
     -1.073797e-19
     -1.219365e-19
     -1.150830e-19
     -9.328166e-20
     -6.377549e-20
     -2.702431e-20
      2.156883e-20
      8.261482e-20
      1.463542e-19
      1.954778e-19
      2.139598e-19
      1.938191e-19
      1.359242e-19
      4.789524e-20
     -5.646220e-20
     -1.564989e-19
     -2.272380e-19
     -2.475520e-19
     -2.106748e-19
     -1.302787e-19
     -3.742680e-20
      3.112104e-20
      4.845484e-20
      1.012653e-20
     -6.283315e-20
     -1.340842e-19
     -1.719544e-19
     -1.678399e-19
     -1.397249e-19
     -1.165761e-19
     -1.146424e-19
     -1.250877e-19
     -1.242344e-19
     -9.794864e-20
     -5.788150e-20
     -3.345764e-20
     -4.545242e-20
     -8.464215e-20
     -1.153855e-19
     -1.021812e-19
     -3.747503e-20
      5.129820e-20
      1.197726e-19
      1.353648e-19
      9.693909e-20
      3.446309e-20
     -9.229081e-21
     -3.439917e-21
      5.238843e-20
      1.280825e-19
      1.809439e-19
      1.824563e-19
      1.363861e-19
      7.588501e-20
      4.138954e-20
      5.416034e-20
      1.025544e-19
      1.491398e-19
      1.538757e-19
      9.939100e-20
      2.734638e-21
     -9.504616e-20
     -1.562139e-19
     -1.717574e-19
     -1.646416e-19
     -1.664827e-19
     -1.861268e-19
     -1.980151e-19
     -1.629031e-19
     -6.514088e-20
      6.521180e-20
      1.656575e-19
      1.812878e-19
      1.018285e-19
     -3.075425e-20
     -1.479905e-19
     -1.952375e-19
     -1.606851e-19
     -7.705753e-20
      2.194366e-21
      3.600285e-20
      1.785444e-20
     -2.551824e-20
     -5.626424e-20
     -5.201770e-20
     -1.811707e-20
      2.188041e-20
      4.748529e-20
      5.593952e-20
      5.960070e-20
      7.195123e-20
      9.732736e-20
      1.327317e-19
      1.756435e-19
      2.257465e-19
      2.773339e-19
      3.123892e-19
      3.065000e-19
      2.474218e-19
      1.515660e-19
      6.178233e-20
      2.329137e-20
      5.245439e-20
      1.210454e-19
      1.704013e-19
      1.499693e-19
      5.579135e-20
     -5.992548e-20
     -1.202616e-19
     -7.838639e-20
      4.338399e-20
      1.625171e-19
      1.910135e-19
      9.741408e-20
     -6.999656e-20
     -2.154604e-19
     -2.579446e-19
     -1.778503e-19
     -1.962957e-20
      1.428038e-19
      2.479663e-19
      2.704321e-19
      2.209916e-19
      1.332501e-19
      4.724559e-20
     -5.467182e-21
     -1.301524e-20
      1.379431e-20
      5.013017e-20
      7.320517e-20
      7.419825e-20
      5.706994e-20
      2.748058e-20
     -1.510139e-20
     -7.265341e-20
     -1.364060e-19
     -1.826951e-19
     -1.858272e-19
     -1.385741e-19
     -6.011744e-20
      1.832201e-20
      7.704355e-20
      1.166481e-19
      1.433370e-19
      1.488911e-19
      1.118127e-19
      2.354771e-20
     -8.721041e-20
     -1.630948e-19
     -1.592043e-19
     -8.114089e-20
      1.676981e-20
      7.332913e-20
      6.531355e-20
      1.729166e-20
     -2.734980e-20
     -4.417235e-20
     -4.187199e-20
     -4.611389e-20
     -7.189190e-20
     -1.080909e-19
     -1.243809e-19
     -9.388052e-20
     -1.566967e-20
      7.881461e-20
      1.426238e-19
      1.446885e-19
      9.314251e-20
      2.977844e-20
     -3.356620e-21
      1.564453e-21
      1.373100e-20
     -5.029659e-21
     -6.127641e-20
     -1.199389e-19
     -1.331991e-19
     -8.134132e-20
      1.186343e-20
      1.007383e-19
      1.523717e-19
      1.614665e-19
      1.369124e-19
      8.177480e-20
     -7.829756e-21
     -1.243732e-19
     -2.353244e-19
     -2.956312e-19
     -2.796184e-19
     -2.025764e-19
     -1.092911e-19
     -3.786009e-20
      8.516342e-21
      5.597520e-20
      1.266383e-19
      2.095366e-19
      2.636412e-19
      2.509343e-19
      1.702716e-19
      6.270941e-20
     -1.568923e-20
     -3.075029e-20
      1.159153e-20
      7.652785e-20
      1.284645e-19
      1.532102e-19
      1.597867e-19
      1.645782e-19
      1.728844e-19
      1.727597e-19
      1.451012e-19
      8.090780e-20
     -8.682656e-21
     -9.727402e-20
     -1.576425e-19
     -1.731328e-19
     -1.392607e-19
     -6.091620e-20
      4.575911e-20
      1.481391e-19
      2.016427e-19
      1.726132e-19
      6.721848e-20
     -6.106870e-20
     -1.409353e-19
     -1.323953e-19
     -5.621523e-20
      2.275119e-20
      4.577750e-20
      2.753472e-21
     -6.627692e-20
     -1.076589e-19
     -9.569623e-20
     -4.716609e-20
     -3.203570e-21
      1.733102e-21
     -3.994951e-20
     -1.091758e-19
     -1.748624e-19
     -2.118144e-19
     -2.130520e-19
     -1.909633e-19
     -1.652051e-19
     -1.430854e-19
     -1.075997e-19
     -2.798919e-20
      1.091102e-19
      2.720071e-19
      3.887470e-19
      3.902398e-19
      2.631675e-19
      6.983163e-20
     -8.567762e-20
     -1.232852e-19
     -3.636791e-20
      1.113453e-19
      2.365664e-19
      2.941355e-19
      2.983798e-19
      2.960563e-19
      3.170929e-19
      3.449438e-19
      3.309901e-19
      2.417212e-19
      1.001422e-19
     -1.589840e-20
     -2.489570e-20
      9.175412e-20
      2.613597e-19
      3.606463e-19
      3.026242e-19
      1.036840e-19
     -1.255818e-19
     -2.614996e-19
     -2.548029e-19
     -1.540988e-19
     -5.250469e-20
     -1.065018e-20
     -2.250039e-20
     -4.339491e-20
     -4.267408e-20
     -2.987393e-20
     -3.793904e-20
     -8.793938e-20
     -1.691874e-19
     -2.470529e-19
     -2.863695e-19
     -2.716690e-19
     -2.135531e-19
     -1.404784e-19
     -8.177425e-20
     -5.209341e-20
     -4.770934e-20
     -5.683457e-20
     -7.341313e-20
     -9.969125e-20
     -1.344460e-19
     -1.605059e-19
     -1.484568e-19
     -7.794769e-20
      4.087261e-20
      1.660885e-19
      2.470186e-19
      2.555198e-19
      2.027334e-19
      1.289509e-19
      7.347646e-20
      4.611173e-20
      2.222089e-20
     -3.285782e-20
     -1.277565e-19
     -2.276928e-19
     -2.740646e-19
     -2.288482e-19
     -1.081227e-19
      2.459252e-20
      1.015122e-19
      9.571024e-20
      3.256707e-20
     -3.880904e-20
     -8.736249e-20
     -1.195435e-19
     -1.623040e-19
     -2.272911e-19
     -2.894908e-19
     -3.010550e-19
     -2.311336e-19
     -9.926406e-20
      2.764948e-20
      7.648624e-20
      1.521259e-20
     -1.346325e-19
     -3.236338e-19
     -4.750353e-19
     -3.972952e-19
      2.440623e-19
      1.394999e-18
      1.216785e-18
     -4.572802e-18
     -1.767183e-17
     -2.187806e-17
      3.265304e-17
      2.022952e-16
      4.103472e-16
      1.846557e-16
     -1.488275e-15
     -5.505364e-15
     -1.014441e-14
     -6.177904e-15
      2.842537e-14
      1.266316e-13
      3.067247e-13
      4.950578e-13
      3.581395e-13
     -1.003037e-12
     -5.546394e-12
     -1.701736e-11
     -4.195391e-11
     -9.100193e-11
     -1.805684e-10
     -3.348348e-10
     -5.881487e-10
     -9.878069e-10
     -1.597238e-09
     -2.499585e-09
     -3.801682e-09
     -5.638409e-09
     -8.177418e-09
     -1.162418e-08
     -1.622736e-08
     -2.228442e-08
     -3.014750e-08
     -4.022946e-08
     -5.300998e-08
     -6.904182e-08
     -8.895707e-08
     -1.134732e-07
     -1.433994e-07
     -1.796419e-07
     -2.232102e-07
     -2.752217e-07
     -3.369069e-07
     -4.096139e-07
     -4.948119e-07
     -5.940944e-07
     -7.091822e-07
     -8.419248e-07
     -9.943017e-07
     -1.168422e-06
     -1.366526e-06
     -1.590980e-06
     -1.844278e-06
     -2.129033e-06
     -2.447978e-06
     -2.803960e-06
     -3.199928e-06
     -3.638933e-06
     -4.124116e-06
     -4.658698e-06
     -5.245972e-06
     -5.889294e-06
     -6.592065e-06
     -7.357725e-06
     -8.189735e-06
     -9.091568e-06
     -1.006669e-05
     -1.111855e-05
     -1.225057e-05
     -1.346610e-05
     -1.476844e-05
     -1.616081e-05
     -1.764633e-05
     -1.922801e-05
     -2.090873e-05
     -2.269123e-05
     -2.457808e-05
     -2.657169e-05
     -2.867430e-05
     -3.088791e-05
     -3.321434e-05
     -3.565519e-05
     -3.821181e-05
     -4.088531e-05
     -4.367655e-05
     -4.658615e-05
     -4.961443e-05
     -5.276145e-05
     -5.602701e-05
     -5.941062e-05
     -6.291149e-05
     -6.652858e-05
     -7.026053e-05
     -7.410574e-05
     -7.806229e-05
     -8.212801e-05
     -8.630045e-05
     -9.057689e-05
     -9.495437e-05
     -9.942964e-05
     -1.039992e-04
     -1.086594e-04
     -1.134063e-04
     -1.182357e-04
     -1.231433e-04
     -1.281245e-04
     -1.331746e-04
     -1.382885e-04
     -1.434614e-04
     -1.486879e-04
     -1.539628e-04
     -1.592804e-04
     -1.646352e-04
     -1.700215e-04
     -1.754335e-04
     -1.808654e-04
     -1.863111e-04
     -1.917647e-04
     -1.972202e-04
     -2.026714e-04
     -2.081122e-04
     -2.135365e-04
     -2.189382e-04
     -2.243111e-04
     -2.296490e-04
     -2.349458e-04
     -2.401953e-04
     -2.453916e-04
     -2.505284e-04
     -2.555998e-04
     -2.605997e-04
     -2.655222e-04
     -2.703614e-04
     -2.751114e-04
     -2.797664e-04
     -2.843206e-04
     -2.887684e-04
     -2.931041e-04
     -2.973222e-04
     -3.014172e-04
     -3.053838e-04
     -3.092166e-04
     -3.129103e-04
     -3.164599e-04
     -3.198603e-04
     -3.231066e-04
     -3.261940e-04
     -3.291176e-04
     -3.318731e-04
     -3.344558e-04
     -3.368615e-04
     -3.390860e-04
     -3.411253e-04
     -3.429753e-04
     -3.446326e-04
     -3.460934e-04
     -3.473544e-04
     -3.484126e-04
     -3.492648e-04
     -3.499084e-04
     -3.503408e-04
     -3.505596e-04
     -3.505628e-04
     -3.503486e-04
     -3.499154e-04
     -3.492617e-04
     -3.483866e-04
     -3.472893e-04
     -3.459692e-04
     -3.444261e-04
     -3.426600e-04
     -3.406714e-04
     -3.384607e-04
     -3.360289e-04
     -3.333774e-04
     -3.305074e-04
     -3.274210e-04
     -3.241202e-04
     -3.206074e-04
     -3.168852e-04
     -3.129567e-04
     -3.088250e-04
     -3.044937e-04
     -2.999665e-04
     -2.952475e-04
     -2.903408e-04
     -2.852510e-04
     -2.799827e-04
     -2.745408e-04
     -2.689304e-04
     -2.631567e-04
     -2.572251e-04
     -2.511412e-04
     -2.449105e-04
     -2.385390e-04
     -2.320323e-04
     -2.253965e-04
     -2.186375e-04
     -2.117614e-04
     -2.047742e-04
     -1.976819e-04
     -1.904907e-04
     -1.832064e-04
     -1.758351e-04
     -1.683826e-04
     -1.608548e-04
     -1.532575e-04
     -1.455963e-04
     -1.378767e-04
     -1.301042e-04
     -1.222840e-04
     -1.144212e-04
     -1.065209e-04
     -9.858791e-05
     -9.062688e-05
     -8.264231e-05
     -7.463854e-05
     -6.661974e-05
     -5.858988e-05
     -5.055277e-05
     -4.251204e-05
     -3.447116e-05
     -2.643340e-05
     -1.840189e-05
     -1.037956e-05
     -2.369220e-06
      5.626511e-06
      1.360514e-05
      2.156434e-05
      2.950191e-05
      3.741576e-05
      4.530396e-05
      5.316466e-05
      6.099615e-05
      6.879679e-05
      7.656506e-05
      8.429950e-05
      9.199873e-05
      9.966147e-05
      1.072865e-04
      1.148725e-04
      1.224185e-04
      1.299233e-04
      1.373860e-04
      1.448053e-04
      1.521805e-04
      1.595105e-04
      1.667943e-04
      1.740310e-04
      1.812197e-04
      1.883595e-04
      1.954495e-04
      2.024888e-04
      2.094765e-04
      2.164118e-04
      2.232937e-04
      2.301214e-04
      2.368941e-04
      2.436108e-04
      2.502707e-04
      2.568731e-04
      2.634169e-04
      2.699015e-04
      2.763259e-04
      2.826893e-04
      2.889910e-04
      2.952301e-04
      3.014057e-04
      3.075172e-04
      3.135635e-04
      3.195441e-04
      3.254580e-04
      3.313044e-04
      3.370825e-04
      3.427915e-04
      3.484304e-04
      3.539984e-04
      3.594947e-04
      3.649182e-04
      3.702680e-04
      3.755431e-04
      3.807424e-04
      3.858649e-04
      3.909092e-04
      3.958743e-04
      4.007587e-04
      4.055612e-04
      4.102801e-04
      4.149141e-04
      4.194613e-04
      4.239201e-04
      4.282885e-04
      4.325647e-04
      4.367465e-04
      4.408317e-04
      4.448180e-04
      4.487030e-04
      4.524840e-04
      4.561584e-04
      4.597235e-04
      4.631761e-04
      4.665134e-04
      4.697321e-04
      4.728290e-04
      4.758007e-04
      4.786437e-04
      4.813545e-04
      4.839294e-04
      4.863647e-04
      4.886566e-04
      4.908014e-04
      4.927950e-04
      4.946337e-04
      4.963135e-04
      4.978305e-04
      4.991809e-04
      5.003607e-04
      5.013662e-04
      5.021936e-04
      5.028393e-04
      5.032996e-04
      5.035711e-04
      5.036505e-04
      5.035345e-04
      5.032202e-04
      5.027046e-04
      5.019851e-04
      5.010591e-04
      4.999245e-04
      4.985792e-04
      4.970214e-04
      4.952496e-04
      4.932624e-04
      4.910588e-04
      4.886382e-04
      4.860000e-04
      4.831441e-04
      4.800707e-04
      4.767802e-04
      4.732733e-04
      4.695510e-04
      4.656148e-04
      4.614662e-04
      4.571072e-04
      4.525401e-04
      4.477674e-04
      4.427920e-04
      4.376169e-04
      4.322455e-04
      4.266815e-04
      4.209288e-04
      4.149916e-04
      4.088742e-04
      4.025814e-04
      3.961179e-04
      3.894888e-04
      3.826994e-04
      3.757551e-04
      3.686614e-04
      3.614243e-04
      3.540495e-04
      3.465431e-04
      3.389113e-04
      3.311604e-04
      3.232968e-04
      3.153268e-04
      3.072572e-04
      2.990945e-04
      2.908454e-04
      2.825165e-04
      2.741148e-04
      2.656469e-04
      2.571197e-04
      2.485401e-04
      2.399149e-04
      2.312509e-04
      2.225549e-04
      2.138339e-04
      2.050946e-04
      1.963439e-04
      1.875884e-04
      1.788349e-04
      1.700902e-04
      1.613609e-04
      1.526536e-04
      1.439748e-04
      1.353312e-04
      1.267291e-04
      1.181749e-04
      1.096750e-04
      1.012356e-04
      9.286299e-05
      8.456315e-05
      7.634213e-05
      6.820585e-05
      6.016015e-05
      5.221072e-05
      4.436320e-05
      3.662305e-05
      2.899564e-05
      2.148620e-05
      1.409981e-05
      6.841412e-06
     -2.842250e-07
     -7.272491e-06
     -1.411895e-05
     -2.081937e-05
     -2.736969e-05
     -3.376607e-05
     -4.000488e-05
     -4.608270e-05
     -5.199636e-05
     -5.774291e-05
     -6.331968e-05
     -6.872422e-05
     -7.395437e-05
     -7.900821e-05
     -8.388413e-05
     -8.858079e-05
     -9.309712e-05
     -9.743236e-05
     -1.015860e-04
     -1.055580e-04
     -1.093483e-04
     -1.129574e-04
     -1.163861e-04
     -1.196352e-04
     -1.227062e-04
     -1.256005e-04
     -1.283201e-04
     -1.308672e-04
     -1.332440e-04
     -1.354533e-04
     -1.374981e-04
     -1.393814e-04
     -1.411066e-04
     -1.426774e-04
     -1.440975e-04
     -1.453710e-04
     -1.465020e-04
     -1.474948e-04
     -1.483538e-04
     -1.490838e-04
     -1.496893e-04
     -1.501752e-04
     -1.505463e-04
     -1.508075e-04
     -1.509638e-04
     -1.510202e-04
     -1.509817e-04
     -1.508532e-04
     -1.506397e-04
     -1.503461e-04
     -1.499772e-04
     -1.495379e-04
     -1.490329e-04
     -1.484666e-04
     -1.478437e-04
     -1.471684e-04
     -1.464450e-04
     -1.456776e-04
     -1.448702e-04
     -1.440265e-04
     -1.431501e-04
     -1.422445e-04
     -1.413130e-04
     -1.403588e-04
     -1.393847e-04
     -1.383935e-04
     -1.373878e-04
     -1.363700e-04
     -1.353424e-04
     -1.343070e-04
     -1.332658e-04
     -1.322206e-04
     -1.311728e-04
     -1.301240e-04
     -1.290755e-04
     -1.280284e-04
     -1.269839e-04
     -1.259427e-04
     -1.249058e-04
     -1.238739e-04
     -1.228474e-04
     -1.218271e-04
     -1.208132e-04
     -1.198063e-04
     -1.188065e-04
     -1.178141e-04
     -1.168293e-04
     -1.158522e-04
     -1.148829e-04
     -1.139216e-04
     -1.129682e-04
     -1.120227e-04
     -1.110851e-04
     -1.101554e-04
     -1.092336e-04
     -1.083196e-04
     -1.074134e-04
     -1.065149e-04
     -1.056240e-04
     -1.047407e-04
     -1.038649e-04
     -1.029965e-04
     -1.021355e-04
     -1.012818e-04
     -1.004353e-04
     -9.959602e-05
     -9.876384e-05
     -9.793871e-05
     -9.712055e-05
     -9.630932e-05
     -9.550494e-05
     -9.470736e-05
     -9.391651e-05
     -9.313234e-05
     -9.235478e-05
     -9.158378e-05
     -9.081928e-05
     -9.006121e-05
     -8.930953e-05
     -8.856417e-05
     -8.782508e-05
     -8.709221e-05
     -8.636549e-05
     -8.564488e-05
     -8.493031e-05
     -8.422174e-05
     -8.351912e-05
     -8.282238e-05
     -8.213148e-05
     -8.144637e-05
     -8.076699e-05
     -8.009330e-05
     -7.942524e-05
     -7.876277e-05
     -7.810583e-05
     -7.745438e-05
     -7.680837e-05
     -7.616775e-05
     -7.553247e-05
     -7.490249e-05
     -7.427776e-05
     -7.365823e-05
     -7.304387e-05
     -7.243461e-05
     -7.183043e-05
     -7.123127e-05
     -7.063709e-05
     -7.004785e-05
     -6.946351e-05
     -6.888401e-05
     -6.830933e-05
     -6.773941e-05
     -6.717423e-05
     -6.661372e-05
     -6.605786e-05
     -6.550661e-05
     -6.495992e-05
     -6.441775e-05
     -6.388008e-05
     -6.334685e-05
     -6.281802e-05
     -6.229357e-05
     -6.177345e-05
     -6.125763e-05
     -6.074607e-05
     -6.023873e-05
     -5.973557e-05
     -5.923657e-05
     -5.874168e-05
     -5.825086e-05
     -5.776410e-05
     -5.728134e-05
     -5.680255e-05
     -5.632771e-05
     -5.585677e-05
     -5.538971e-05
     -5.492649e-05
     -5.446708e-05
     -5.401144e-05
     -5.355954e-05
     -5.311136e-05
     -5.266686e-05
     -5.222600e-05
     -5.178876e-05
     -5.135511e-05
     -5.092502e-05
     -5.049845e-05
     -5.007538e-05
     -4.965577e-05
     -4.923960e-05
     -4.882684e-05
     -4.841746e-05
     -4.801143e-05
     -4.760873e-05
     -4.720931e-05
     -4.681317e-05
     -4.642026e-05
     -4.603056e-05
     -4.564405e-05
     -4.526070e-05
     -4.488048e-05
     -4.450336e-05
     -4.412933e-05
     -4.375834e-05
     -4.339039e-05
     -4.302543e-05
     -4.266346e-05
     -4.230443e-05
     -4.194834e-05
     -4.159514e-05
     -4.124483e-05
     -4.089737e-05
     -4.055274e-05
     -4.021091e-05
     -3.987188e-05
     -3.953560e-05
     -3.920206e-05
     -3.887123e-05
     -3.854310e-05
     -3.821764e-05
     -3.789483e-05
     -3.757464e-05
     -3.725705e-05
     -3.694205e-05
     -3.662961e-05
     -3.631971e-05
     -3.601233e-05
     -3.570744e-05
     -3.540504e-05
     -3.510509e-05
     -3.480758e-05
     -3.451248e-05
     -3.421978e-05
     -3.392946e-05
     -3.364149e-05
     -3.335586e-05
     -3.307256e-05
     -3.279155e-05
     -3.251282e-05
     -3.223635e-05
     -3.196213e-05
     -3.169013e-05
     -3.142034e-05
     -3.115274e-05
     -3.088731e-05
     -3.062403e-05
     -3.036288e-05
     -3.010386e-05
     -2.984693e-05
     -2.959209e-05
     -2.933932e-05
     -2.908859e-05
     -2.883990e-05
     -2.859322e-05
     -2.834855e-05
     -2.810585e-05
     -2.786513e-05
     -2.762636e-05
     -2.738952e-05
     -2.715460e-05
     -2.692158e-05
     -2.669046e-05
     -2.646121e-05
     -2.623381e-05
     -2.600826e-05
     -2.578454e-05
     -2.556263e-05
     -2.534252e-05
     -2.512420e-05
     -2.490764e-05
     -2.469284e-05
     -2.447978e-05
     -2.426845e-05
     -2.405883e-05
     -2.385092e-05
     -2.364468e-05
     -2.344012e-05
     -2.323722e-05
     -2.303597e-05
     -2.283634e-05
     -2.263834e-05
     -2.244194e-05
     -2.224713e-05
     -2.205391e-05
     -2.186225e-05
     -2.167215e-05
     -2.148359e-05
     -2.129656e-05
     -2.111105e-05
     -2.092704e-05
     -2.074453e-05
     -2.056350e-05
     -2.038394e-05
     -2.020584e-05
     -2.002918e-05
     -1.985396e-05
     -1.968016e-05
     -1.950778e-05
     -1.933679e-05
     -1.916720e-05
     -1.899898e-05
     -1.883214e-05
     -1.866664e-05
     -1.850250e-05
     -1.833969e-05
     -1.817820e-05
     -1.801803e-05
     -1.785917e-05
     -1.770159e-05
     -1.754530e-05
     -1.739028e-05
     -1.723653e-05
     -1.708402e-05
     -1.693276e-05
     -1.678274e-05
     -1.663393e-05
     -1.648634e-05
     -1.633995e-05
     -1.619476e-05
     -1.605075e-05
     -1.590792e-05
     -1.576626e-05
     -1.562575e-05
     -1.548638e-05
     -1.534816e-05
     -1.521107e-05
     -1.507510e-05
     -1.494024e-05
     -1.480648e-05
     -1.467382e-05
     -1.454224e-05
     -1.441174e-05
     -1.428231e-05
     -1.415394e-05
     -1.402662e-05
     -1.390035e-05
     -1.377511e-05
     -1.365090e-05
     -1.352771e-05
     -1.340552e-05
     -1.328435e-05
     -1.316416e-05
     -1.304497e-05
     -1.292676e-05
     -1.280951e-05
     -1.269323e-05
     -1.257791e-05
     -1.246354e-05
     -1.235011e-05
     -1.223762e-05
     -1.212605e-05
     -1.201540e-05
     -1.190567e-05
     -1.179684e-05
     -1.168891e-05
     -1.158187e-05
     -1.147571e-05
     -1.137043e-05
     -1.126603e-05
     -1.116248e-05
     -1.105980e-05
     -1.095796e-05
     -1.085697e-05
     -1.075682e-05
     -1.065749e-05
     -1.055900e-05
     -1.046131e-05
     -1.036444e-05
     -1.026838e-05
     -1.017311e-05
     -1.007864e-05
     -9.984948e-06
     -9.892040e-06
     -9.799906e-06
     -9.708540e-06
     -9.617936e-06
     -9.528088e-06
     -9.438991e-06
     -9.350637e-06
     -9.263022e-06
     -9.176140e-06
     -9.089984e-06
     -9.004550e-06
     -8.919832e-06
     -8.835823e-06
     -8.752520e-06
     -8.669915e-06
     -8.588004e-06
     -8.506782e-06
     -8.426242e-06
     -8.346380e-06
     -8.267190e-06
     -8.188667e-06
     -8.110806e-06
     -8.033601e-06
     -7.957048e-06
     -7.881142e-06
     -7.805877e-06
     -7.731248e-06
     -7.657251e-06
     -7.583881e-06
     -7.511132e-06
     -7.439000e-06
     -7.367481e-06
     -7.296568e-06
     -7.226258e-06
     -7.156546e-06
     -7.087427e-06
     -7.018896e-06
     -6.950950e-06
     -6.883583e-06
     -6.816791e-06
     -6.750569e-06
     -6.684914e-06
     -6.619820e-06
     -6.555283e-06
     -6.491299e-06
     -6.427864e-06
     -6.364973e-06
     -6.302622e-06
     -6.240807e-06
     -6.179523e-06
     -6.118767e-06
     -6.058535e-06
     -5.998821e-06
     -5.939623e-06
     -5.880937e-06
     -5.822757e-06
     -5.765081e-06
     -5.707904e-06
     -5.651223e-06
     -5.595033e-06
     -5.539331e-06
     -5.484113e-06
     -5.429375e-06
     -5.375114e-06
     -5.321326e-06
     -5.268006e-06
     -5.215152e-06
     -5.162759e-06
     -5.110825e-06
     -5.059345e-06
     -5.008316e-06
     -4.957734e-06
     -4.907597e-06
     -4.857900e-06
     -4.808640e-06
     -4.759813e-06
     -4.711417e-06
     -4.663448e-06
     -4.615902e-06
     -4.568776e-06
     -4.522067e-06
     -4.475772e-06
     -4.429887e-06
     -4.384409e-06
     -4.339335e-06
     -4.294662e-06
     -4.250387e-06
     -4.206506e-06
     -4.163016e-06
     -4.119915e-06
     -4.077199e-06
     -4.034865e-06
     -3.992910e-06
     -3.951332e-06
     -3.910127e-06
     -3.869292e-06
     -3.828825e-06
     -3.788722e-06
     -3.748981e-06
     -3.788722e-06
     -3.828825e-06
     -3.869292e-06
     -3.910127e-06
     -3.951332e-06
     -3.992910e-06
     -4.034865e-06
     -4.077199e-06
     -4.119915e-06
     -4.163016e-06
     -4.206506e-06
     -4.250387e-06
     -4.294662e-06
     -4.339335e-06
     -4.384409e-06
     -4.429887e-06
     -4.475772e-06
     -4.522067e-06
     -4.568776e-06
     -4.615902e-06
     -4.663448e-06
     -4.711417e-06
     -4.759813e-06
     -4.808640e-06
     -4.857900e-06
     -4.907597e-06
     -4.957734e-06
     -5.008316e-06
     -5.059345e-06
     -5.110825e-06
     -5.162759e-06
     -5.215152e-06
     -5.268006e-06
     -5.321326e-06
     -5.375114e-06
     -5.429375e-06
     -5.484113e-06
     -5.539331e-06
     -5.595033e-06
     -5.651223e-06
     -5.707904e-06
     -5.765081e-06
     -5.822757e-06
     -5.880937e-06
     -5.939623e-06
     -5.998821e-06
     -6.058535e-06
     -6.118767e-06
     -6.179523e-06
     -6.240807e-06
     -6.302622e-06
     -6.364973e-06
     -6.427864e-06
     -6.491299e-06
     -6.555283e-06
     -6.619820e-06
     -6.684914e-06
     -6.750569e-06
     -6.816791e-06
     -6.883583e-06
     -6.950950e-06
     -7.018896e-06
     -7.087427e-06
     -7.156546e-06
     -7.226258e-06
     -7.296568e-06
     -7.367481e-06
     -7.439000e-06
     -7.511132e-06
     -7.583881e-06
     -7.657251e-06
     -7.731248e-06
     -7.805877e-06
     -7.881142e-06
     -7.957048e-06
     -8.033601e-06
     -8.110806e-06
     -8.188667e-06
     -8.267190e-06
     -8.346380e-06
     -8.426242e-06
     -8.506782e-06
     -8.588004e-06
     -8.669915e-06
     -8.752520e-06
     -8.835823e-06
     -8.919832e-06
     -9.004550e-06
     -9.089984e-06
     -9.176140e-06
     -9.263022e-06
     -9.350637e-06
     -9.438991e-06
     -9.528088e-06
     -9.617936e-06
     -9.708540e-06
     -9.799906e-06
     -9.892040e-06
     -9.984948e-06
     -1.007864e-05
     -1.017311e-05
     -1.026838e-05
     -1.036444e-05
     -1.046131e-05
     -1.055900e-05
     -1.065749e-05
     -1.075682e-05
     -1.085697e-05
     -1.095796e-05
     -1.105980e-05
     -1.116248e-05
     -1.126603e-05
     -1.137043e-05
     -1.147571e-05
     -1.158187e-05
     -1.168891e-05
     -1.179684e-05
     -1.190567e-05
     -1.201540e-05
     -1.212605e-05
     -1.223762e-05
     -1.235011e-05
     -1.246354e-05
     -1.257791e-05
     -1.269323e-05
     -1.280951e-05
     -1.292676e-05
     -1.304497e-05
     -1.316416e-05
     -1.328435e-05
     -1.340552e-05
     -1.352771e-05
     -1.365090e-05
     -1.377511e-05
     -1.390035e-05
     -1.402662e-05
     -1.415394e-05
     -1.428231e-05
     -1.441174e-05
     -1.454224e-05
     -1.467382e-05
     -1.480648e-05
     -1.494024e-05
     -1.507510e-05
     -1.521107e-05
     -1.534816e-05
     -1.548638e-05
     -1.562575e-05
     -1.576626e-05
     -1.590792e-05
     -1.605075e-05
     -1.619476e-05
     -1.633995e-05
     -1.648634e-05
     -1.663393e-05
     -1.678274e-05
     -1.693276e-05
     -1.708402e-05
     -1.723653e-05
     -1.739028e-05
     -1.754530e-05
     -1.770159e-05
     -1.785917e-05
     -1.801803e-05
     -1.817820e-05
     -1.833969e-05
     -1.850250e-05
     -1.866664e-05
     -1.883214e-05
     -1.899898e-05
     -1.916720e-05
     -1.933679e-05
     -1.950778e-05
     -1.968016e-05
     -1.985396e-05
     -2.002918e-05
     -2.020584e-05
     -2.038394e-05
     -2.056350e-05
     -2.074453e-05
     -2.092704e-05
     -2.111105e-05
     -2.129656e-05
     -2.148359e-05
     -2.167215e-05
     -2.186225e-05
     -2.205391e-05
     -2.224713e-05
     -2.244194e-05
     -2.263834e-05
     -2.283634e-05
     -2.303597e-05
     -2.323722e-05
     -2.344012e-05
     -2.364468e-05
     -2.385092e-05
     -2.405883e-05
     -2.426845e-05
     -2.447978e-05
     -2.469284e-05
     -2.490764e-05
     -2.512420e-05
     -2.534252e-05
     -2.556263e-05
     -2.578454e-05
     -2.600826e-05
     -2.623381e-05
     -2.646121e-05
     -2.669046e-05
     -2.692158e-05
     -2.715460e-05
     -2.738952e-05
     -2.762636e-05
     -2.786513e-05
     -2.810585e-05
     -2.834855e-05
     -2.859322e-05
     -2.883990e-05
     -2.908859e-05
     -2.933932e-05
     -2.959209e-05
     -2.984693e-05
     -3.010386e-05
     -3.036288e-05
     -3.062403e-05
     -3.088731e-05
     -3.115274e-05
     -3.142034e-05
     -3.169013e-05
     -3.196213e-05
     -3.223635e-05
     -3.251282e-05
     -3.279155e-05
     -3.307256e-05
     -3.335586e-05
     -3.364149e-05
     -3.392946e-05
     -3.421978e-05
     -3.451248e-05
     -3.480758e-05
     -3.510509e-05
     -3.540504e-05
     -3.570744e-05
     -3.601233e-05
     -3.631971e-05
     -3.662961e-05
     -3.694205e-05
     -3.725705e-05
     -3.757464e-05
     -3.789483e-05
     -3.821764e-05
     -3.854310e-05
     -3.887123e-05
     -3.920206e-05
     -3.953560e-05
     -3.987188e-05
     -4.021091e-05
     -4.055274e-05
     -4.089737e-05
     -4.124483e-05
     -4.159514e-05
     -4.194834e-05
     -4.230443e-05
     -4.266346e-05
     -4.302543e-05
     -4.339039e-05
     -4.375834e-05
     -4.412933e-05
     -4.450336e-05
     -4.488048e-05
     -4.526070e-05
     -4.564405e-05
     -4.603056e-05
     -4.642026e-05
     -4.681317e-05
     -4.720931e-05
     -4.760873e-05
     -4.801143e-05
     -4.841746e-05
     -4.882684e-05
     -4.923960e-05
     -4.965577e-05
     -5.007538e-05
     -5.049845e-05
     -5.092502e-05
     -5.135511e-05
     -5.178876e-05
     -5.222600e-05
     -5.266686e-05
     -5.311136e-05
     -5.355954e-05
     -5.401144e-05
     -5.446708e-05
     -5.492649e-05
     -5.538971e-05
     -5.585677e-05
     -5.632771e-05
     -5.680255e-05
     -5.728134e-05
     -5.776410e-05
     -5.825086e-05
     -5.874168e-05
     -5.923657e-05
     -5.973557e-05
     -6.023873e-05
     -6.074607e-05
     -6.125763e-05
     -6.177345e-05
     -6.229357e-05
     -6.281802e-05
     -6.334685e-05
     -6.388008e-05
     -6.441775e-05
     -6.495992e-05
     -6.550661e-05
     -6.605786e-05
     -6.661372e-05
     -6.717423e-05
     -6.773941e-05
     -6.830933e-05
     -6.888401e-05
     -6.946351e-05
     -7.004785e-05
     -7.063709e-05
     -7.123127e-05
     -7.183043e-05
     -7.243461e-05
     -7.304387e-05
     -7.365823e-05
     -7.427776e-05
     -7.490249e-05
     -7.553247e-05
     -7.616775e-05
     -7.680837e-05
     -7.745438e-05
     -7.810583e-05
     -7.876277e-05
     -7.942524e-05
     -8.009330e-05
     -8.076699e-05
     -8.144637e-05
     -8.213148e-05
     -8.282238e-05
     -8.351912e-05
     -8.422174e-05
     -8.493031e-05
     -8.564488e-05
     -8.636549e-05
     -8.709221e-05
     -8.782508e-05
     -8.856417e-05
     -8.930953e-05
     -9.006121e-05
     -9.081928e-05
     -9.158378e-05
     -9.235478e-05
     -9.313234e-05
     -9.391651e-05
     -9.470736e-05
     -9.550494e-05
     -9.630932e-05
     -9.712055e-05
     -9.793871e-05
     -9.876384e-05
     -9.959602e-05
     -1.004353e-04
     -1.012818e-04
     -1.021355e-04
     -1.029965e-04
     -1.038649e-04
     -1.047407e-04
     -1.056240e-04
     -1.065149e-04
     -1.074134e-04
     -1.083197e-04
     -1.092337e-04
     -1.101556e-04
     -1.110854e-04
     -1.120232e-04
     -1.129691e-04
     -1.139232e-04
     -1.148854e-04
     -1.158559e-04
     -1.168348e-04
     -1.178221e-04
     -1.188180e-04
     -1.198224e-04
     -1.208354e-04
     -1.218571e-04
     -1.228877e-04
     -1.239270e-04
     -1.249752e-04
     -1.260324e-04
     -1.270985e-04
     -1.281737e-04
     -1.292579e-04
     -1.303512e-04
     -1.314535e-04
     -1.325650e-04
     -1.336856e-04
     -1.348152e-04
     -1.359538e-04
     -1.371014e-04
     -1.382579e-04
     -1.394233e-04
     -1.405973e-04
     -1.417800e-04
     -1.429711e-04
     -1.441704e-04
     -1.453778e-04
     -1.465931e-04
     -1.478159e-04
     -1.490460e-04
     -1.502831e-04
     -1.515269e-04
     -1.527768e-04
     -1.540326e-04
     -1.552938e-04
     -1.565598e-04
     -1.578301e-04
     -1.591042e-04
     -1.603815e-04
     -1.616613e-04
     -1.629428e-04
     -1.642255e-04
     -1.655084e-04
     -1.667907e-04
     -1.680717e-04
     -1.693503e-04
     -1.706257e-04
     -1.718968e-04
     -1.731627e-04
     -1.744221e-04
     -1.756741e-04
     -1.769175e-04
     -1.781511e-04
     -1.793736e-04
     -1.805838e-04
     -1.817804e-04
     -1.829621e-04
     -1.841275e-04
     -1.852752e-04
     -1.864039e-04
     -1.875121e-04
     -1.885982e-04
     -1.896610e-04
     -1.906988e-04
     -1.917102e-04
     -1.926935e-04
     -1.936474e-04
     -1.945703e-04
     -1.954605e-04
     -1.963166e-04
     -1.971370e-04
     -1.979202e-04
     -1.986646e-04
     -1.993686e-04
     -2.000308e-04
     -2.006497e-04
     -2.012237e-04
     -2.017513e-04
     -2.022311e-04
     -2.026616e-04
     -2.030415e-04
     -2.033693e-04
     -2.036436e-04
     -2.038631e-04
     -2.040264e-04
     -2.041324e-04
     -2.041798e-04
     -2.041673e-04
     -2.040938e-04
     -2.039581e-04
     -2.037591e-04
     -2.034959e-04
     -2.031673e-04
     -2.027725e-04
     -2.023105e-04
     -2.017803e-04
     -2.011813e-04
     -2.005126e-04
     -1.997735e-04
     -1.989632e-04
     -1.980812e-04
     -1.971270e-04
     -1.960998e-04
     -1.949993e-04
     -1.938251e-04
     -1.925768e-04
     -1.912540e-04
     -1.898565e-04
     -1.883841e-04
     -1.868367e-04
     -1.852141e-04
     -1.835163e-04
     -1.817433e-04
     -1.798953e-04
     -1.779722e-04
     -1.759744e-04
     -1.739020e-04
     -1.717554e-04
     -1.695349e-04
     -1.672410e-04
     -1.648740e-04
     -1.624347e-04
     -1.599234e-04
     -1.573410e-04
     -1.546881e-04
     -1.519654e-04
     -1.491738e-04
     -1.463142e-04
     -1.433874e-04
     -1.403946e-04
     -1.373366e-04
     -1.342146e-04
     -1.310297e-04
     -1.277832e-04
     -1.244762e-04
     -1.211101e-04
     -1.176861e-04
     -1.142057e-04
     -1.106703e-04
     -1.070813e-04
     -1.034402e-04
     -9.974868e-05
     -9.600817e-05
     -9.222033e-05
     -8.838679e-05
     -8.450923e-05
     -8.058933e-05
     -7.662882e-05
     -7.262944e-05
     -6.859296e-05
     -6.452114e-05
     -6.041578e-05
     -5.627869e-05
     -5.211168e-05
     -4.791657e-05
     -4.369519e-05
     -3.944935e-05
     -3.518090e-05
     -3.089164e-05
     -2.658339e-05
     -2.225797e-05
     -1.791717e-05
     -1.356277e-05
     -9.196551e-06
     -4.820264e-06
     -4.356448e-07
      3.955592e-06
      8.351751e-06
      1.275116e-05
      1.715219e-05
      2.155320e-05
      2.595260e-05
      3.034885e-05
      3.474039e-05
      3.912573e-05
      4.350340e-05
      4.787194e-05
      5.222996e-05
      5.657608e-05
      6.090894e-05
      6.522723e-05
      6.952967e-05
      7.381501e-05
      7.808202e-05
      8.232953e-05
      8.655635e-05
      9.076137e-05
      9.494349e-05
      9.910162e-05
      1.032347e-04
      1.073418e-04
      1.114218e-04
      1.154738e-04
      1.194968e-04
      1.234899e-04
      1.274522e-04
      1.313828e-04
      1.352809e-04
      1.391455e-04
      1.429760e-04
      1.467713e-04
      1.505308e-04
      1.542536e-04
      1.579391e-04
      1.615863e-04
      1.651946e-04
      1.687631e-04
      1.722913e-04
      1.757783e-04
      1.792235e-04
      1.826261e-04
      1.859854e-04
      1.893008e-04
      1.925715e-04
      1.957969e-04
      1.989763e-04
      2.021090e-04
      2.051943e-04
      2.082317e-04
      2.112205e-04
      2.141599e-04
      2.170494e-04
      2.198883e-04
      2.226760e-04
      2.254119e-04
      2.280953e-04
      2.307257e-04
      2.333023e-04
      2.358246e-04
      2.382921e-04
      2.407040e-04
      2.430598e-04
      2.453589e-04
      2.476008e-04
      2.497848e-04
      2.519104e-04
      2.539770e-04
      2.559840e-04
      2.579309e-04
      2.598172e-04
      2.616422e-04
      2.634055e-04
      2.651066e-04
      2.667448e-04
      2.683196e-04
      2.698307e-04
      2.712773e-04
      2.726591e-04
      2.739755e-04
      2.752261e-04
      2.764103e-04
      2.775277e-04
      2.785779e-04
      2.795602e-04
      2.804744e-04
      2.813200e-04
      2.820965e-04
      2.828035e-04
      2.834406e-04
      2.840075e-04
      2.845037e-04
      2.849288e-04
      2.852826e-04
      2.855647e-04
      2.857747e-04
      2.859124e-04
      2.859776e-04
      2.859699e-04
      2.858892e-04
      2.857352e-04
      2.855077e-04
      2.852067e-04
      2.848321e-04
      2.843836e-04
      2.838614e-04
      2.832654e-04
      2.825955e-04
      2.818520e-04
      2.810349e-04
      2.801443e-04
      2.791805e-04
      2.781437e-04
      2.770341e-04
      2.758523e-04
      2.745984e-04
      2.732731e-04
      2.718767e-04
      2.704098e-04
      2.688731e-04
      2.672672e-04
      2.655928e-04
      2.638507e-04
      2.620418e-04
      2.601668e-04
      2.582269e-04
      2.562230e-04
      2.541562e-04
      2.520275e-04
      2.498382e-04
      2.475896e-04
      2.452828e-04
      2.429194e-04
      2.405006e-04
      2.380279e-04
      2.355029e-04
      2.329271e-04
      2.303021e-04
      2.276296e-04
      2.249112e-04
      2.221487e-04
      2.193438e-04
      2.164985e-04
      2.136144e-04
      2.106936e-04
      2.077379e-04
      2.047493e-04
      2.017297e-04
      1.986811e-04
      1.956055e-04
      1.925050e-04
      1.893815e-04
      1.862372e-04
      1.830741e-04
      1.798942e-04
      1.766997e-04
      1.734925e-04
      1.702748e-04
      1.670486e-04
      1.638160e-04
      1.605791e-04
      1.573397e-04
      1.541001e-04
      1.508621e-04
      1.476278e-04
      1.443991e-04
      1.411781e-04
      1.379665e-04
      1.347663e-04
      1.315794e-04
      1.284076e-04
      1.252527e-04
      1.221164e-04
      1.190006e-04
      1.159069e-04
      1.128370e-04
      1.097925e-04
      1.067750e-04
      1.037860e-04
      1.008271e-04
      9.789966e-05
      9.500514e-05
      9.214491e-05
      8.932029e-05
      8.653254e-05
      8.378290e-05
      8.107254e-05
      7.840258e-05
      7.577410e-05
      7.318811e-05
      7.064559e-05
      6.814744e-05
      6.569454e-05
      6.328768e-05
      6.092760e-05
      5.861501e-05
      5.635053e-05
      5.413473e-05
      5.196815e-05
      4.985123e-05
      4.778438e-05
      4.576794e-05
      4.380218e-05
      4.188733e-05
      4.002355e-05
      3.821094e-05
      3.644954e-05
      3.473934e-05
      3.308026e-05
      3.147216e-05
      2.991485e-05
      2.840807e-05
      2.695153e-05
      2.554485e-05
      2.418761e-05
      2.287935e-05
      2.161954e-05
      2.040760e-05
      1.924291e-05
      1.812480e-05
      1.705253e-05
      1.602536e-05
      1.504247e-05
      1.410302e-05
      1.320612e-05
      1.235085e-05
      1.153627e-05
      1.076139e-05
      1.002520e-05
      9.326658e-06
      8.664711e-06
      8.038277e-06
      7.446262e-06
      6.887556e-06
      6.361037e-06
      5.865575e-06
      5.400034e-06
      4.963277e-06
      4.554163e-06
      4.171557e-06
      3.814329e-06
      3.481355e-06
      3.171523e-06
      2.883733e-06
      2.616901e-06
      2.369960e-06
      2.141863e-06
      1.931584e-06
      1.738120e-06
      1.560494e-06
      1.397757e-06
      1.248985e-06
      1.113286e-06
      9.897978e-07
      8.776888e-07
      7.761609e-07
      6.844483e-07
      6.018189e-07
      5.275740e-07
      4.610493e-07
      4.016139e-07
      3.486710e-07
      3.016574e-07
      2.600429e-07
      2.233300e-07
      1.910534e-07
      1.627788e-07
      1.381026e-07
      1.166506e-07
      9.807720e-08
      8.206413e-08
      6.831952e-08
      5.657658e-08
      4.659240e-08
      3.814670e-08
      3.104054e-08
      2.509504e-08
      2.015002e-08
      1.606281e-08
      1.270687e-08
      9.970617e-09
      7.756157e-09
      5.978108e-09
      4.562457e-09
      3.445453e-09
      2.572561e-09
      1.897472e-09
      1.381165e-09
      9.910379e-10
      7.000933e-10
      4.861919e-10
      3.313685e-10
      2.212123e-10
      1.443083e-10
      9.173860e-11
      5.664126e-11
      3.382475e-11
      1.943483e-11
      1.067067e-11
      5.546049e-12
      2.691497e-12
      1.193067e-12
      4.637276e-13
      1.432900e-13
      2.278536e-14
     -1.074557e-14
     -1.290373e-14
     -7.605515e-15
     -3.024433e-15
     -6.507179e-16
      1.500561e-16
      2.324886e-16
      1.241319e-16
      3.367648e-17
     -3.498698e-18
     -8.696245e-18
     -4.380314e-18
     -7.847653e-19
      4.127589e-19
      3.654588e-19
      1.069209e-19
     -1.635446e-20
     -2.764064e-20
     -9.523749e-21
      9.347845e-22
      2.147512e-21
      7.001018e-22
     -1.200507e-22
     -1.725217e-22
     -3.971400e-23
      1.774217e-23
      1.287524e-23
      7.498867e-25
     -2.073372e-24
     -6.916521e-25
      1.875433e-25
      1.636367e-25
      3.667280e-27
     -2.688609e-26
     -5.604431e-27
      3.469314e-27
      1.447795e-27
     -3.516940e-28
     -2.730901e-28
      2.380374e-29
      4.430438e-29
      2.976880e-31
     -6.591399e-30
     -4.710693e-31
      9.325333e-31
      1.081065e-31
     -1.284925e-31
     -1.818482e-32
      1.751040e-32
      2.584151e-33
     -2.378139e-33
     -3.186491e-34
      3.219773e-34
      3.292563e-35
     -4.318743e-35
     -2.372227e-36
      5.671641e-36
     -3.357039e-38
     -7.167737e-37
      5.770975e-38
      8.504999e-38
     -1.481994e-38
     -9.108648e-39
      2.783275e-39
      8.098937e-40
     -4.389106e-40
     -4.352809e-41
      5.981075e-41
     -3.275684e-42
     -6.869139e-42
      1.529518e-42
      5.836288e-43
     -2.982147e-43
     -1.330632e-44
      3.967167e-44
     -7.174242e-45
     -3.170784e-45
      1.645210e-45
     -4.071229e-47
     -1.833503e-46
      5.481303e-47
      5.568886e-48
     -7.743470e-48
      1.643247e-48
      3.520103e-49
     -2.791616e-49
      4.655555e-50
      1.496853e-50
     -9.290403e-51
      1.243227e-51
      6.041363e-52
     -3.255026e-52
      3.851578e-53
      2.476885e-53
     -1.380091e-53
      2.392150e-54
      6.982265e-55
     -5.884417e-55
      1.772176e-55
     -1.187789e-56
     -1.454055e-56
      8.053632e-57
     -2.223237e-57
      2.167023e-58
      1.185931e-58
     -7.617325e-59
      2.450136e-59
     -4.539839e-60
     -2.609622e-62
      3.888953e-61
     -1.723974e-61
      4.616791e-62
     -7.192455e-63
     -2.783250e-64
      6.266993e-64
     -2.380334e-64
      5.182116e-65
     -3.086630e-66
     -3.107983e-66
      1.777389e-66
     -5.986372e-67
      1.403018e-67
     -1.699453e-68
     -4.315727e-69
      4.041936e-69
     -1.867288e-69
      6.824305e-70
     -2.181274e-70
      6.348661e-71
     -1.718297e-71
      4.379918e-72
     -1.060339e-72
      2.452635e-73
     -5.444629e-74
      1.163993e-74
     -2.403106e-75
      4.801845e-76
     -9.303819e-77
      1.750690e-77
     -3.203513e-78
      5.706956e-79
     -9.907532e-80
      1.677539e-80
     -2.772281e-81
      4.474296e-82
     -7.055983e-83
      1.087720e-83
     -1.639628e-84
      2.417365e-85
     -3.486292e-86
      4.918334e-87
     -6.786666e-88
      9.157220e-89
     -1.207648e-89
      1.555534e-90
     -1.954916e-91
      2.393485e-92
     -2.848632e-93
      3.285031e-94
     -3.652568e-95
      3.884902e-96
     -3.899044e-97
      3.596257e-98
     -2.864577e-99
     1.583087e-100
     3.720202e-102
    -3.119787e-102
     6.765613e-103
    -1.139173e-103
     1.704776e-104
    -2.374219e-105
     3.143557e-106
    -4.003637e-107
     4.939989e-108
    -5.933083e-109
     6.958954e-110
    -7.990163e-111
     8.997053e-112
    -9.949211e-113
     1.081703e-113
    -1.157326e-114
     1.219442e-115
    -1.266202e-116
     1.296342e-117
    -1.309234e-118
     1.304901e-119
    -1.283988e-120
     1.247701e-121
    -1.197722e-122
     1.136094e-123
    -1.065106e-124
     9.871666e-126
    -9.046864e-127
     8.199745e-128
    -7.351507e-129
     6.520787e-130
    -5.723228e-131
     4.971243e-132
    -4.273995e-133
     3.637534e-134
    -3.065070e-135
     2.557333e-136
    -2.112998e-137
     1.729118e-138
    -1.401558e-139
     1.125390e-140
    -8.952499e-142
     7.056292e-143
    -5.511123e-144
     4.265539e-145
    -3.272017e-146
     2.487720e-147
    -1.874852e-148
     1.400703e-149
    -1.037461e-150
     7.618619e-152
    -5.547417e-153
     4.005399e-154
    -2.867942e-155
     2.036542e-156
    -1.434308e-157
     1.001947e-158
    -6.942678e-160
     4.772154e-161
    -3.254109e-162
     2.201428e-163
    -1.477595e-164
     9.840289e-166
    -6.502561e-167
     4.263903e-168
    -2.774584e-169
     1.791748e-170
    -1.148326e-171
     7.304372e-173
    -4.611572e-174
     2.889901e-175
    -1.797642e-176
     1.110013e-177
    -6.804176e-179
     4.140594e-180
    -2.501536e-181
     1.500460e-182
    -8.935766e-184
     5.283785e-185
    -3.102272e-186
     1.808637e-187
    -1.047068e-188
     6.019558e-190
    -3.436651e-191
     1.948504e-192
    -1.097176e-193
     6.135834e-195
    -3.408058e-196
     1.880137e-197
    -1.030229e-198
     5.607290e-200
    -3.031512e-201
     1.628040e-202
    -8.685249e-204
     4.602808e-205
    -2.423251e-206
     1.267420e-207
    -6.585685e-209
     3.399776e-210
    -1.743733e-211
     8.885886e-213
    -4.499077e-214
     2.263386e-215
    -1.131402e-216
     5.619644e-218
    -2.773604e-219
     1.360298e-220
    -6.629603e-222
     3.210814e-223
    -1.545350e-224
     7.391492e-226
    -3.513508e-227
     1.659827e-228
    -7.793054e-230
     3.636510e-231
    -1.686567e-232
     7.774522e-234
    -3.562086e-235
     1.622202e-236
    -7.343189e-238
     3.304098e-239
    -1.477811e-240
     6.570400e-242
    -2.903894e-243
     1.275836e-244
    -5.572414e-246
     2.419554e-247
    -1.044431e-248
     4.482147e-250
    -1.912331e-251
     8.111853e-253
    -3.421102e-254
     1.434531e-255
    -5.980826e-257
     2.479297e-258
    -1.021931e-259
     4.188408e-261
    -1.706947e-262
     6.917419e-264
    -2.787598e-265
     1.117088e-266
    -4.451689e-268
     1.764217e-269
    -6.953094e-271
     2.725287e-272
    -1.062340e-273
     4.118524e-275
    -1.588018e-276
     6.089961e-278
    -2.322886e-279
     8.812620e-281
    -3.325486e-282
     1.248210e-283
    -4.660276e-285
     1.730758e-286
    -6.393981e-288
     2.349771e-289
    -8.590301e-291
     3.124128e-292
    -1.130306e-293
     4.068361e-295
    -1.456826e-296
     5.190033e-298
    -1.839566e-299
     6.487127e-301
    -2.276093e-302
     7.945786e-304
    -2.759953e-305
     9.538779e-307
    -3.280339e-308
     1.122504e-309
    -3.822153e-311
     1.295053e-312
    -4.366507e-314
     1.465061e-315
    -4.891699e-317
     1.625357e-318
    -5.374940e-320
     1.773696e-321
    -4.940656e-323
      0.000000e+00
      0.000000e+00
      0.000000e+00
      0.000000e+00
      0.000000e+00
      0.000000e+00
      0.000000e+00
      0.000000e+00
      0.000000e+00
      0.000000e+00
      0.000000e+00
      0.000000e+00
      0.000000e+00
      0.000000e+00
      0.000000e+00
      0.000000e+00
      0.000000e+00
      0.000000e+00
      0.000000e+00
      0.000000e+00
      0.000000e+00
      0.000000e+00
      0.000000e+00
      0.000000e+00
      0.000000e+00
      0.000000e+00
      0.000000e+00
      0.000000e+00
      0.000000e+00
      0.000000e+00
      0.000000e+00
      0.000000e+00
      0.000000e+00
      0.000000e+00
      0.000000e+00
      0.000000e+00
      0.000000e+00
      0.000000e+00
      0.000000e+00
      0.000000e+00
      0.000000e+00
      0.000000e+00
      0.000000e+00
      0.000000e+00
      0.000000e+00
      0.000000e+00
      0.000000e+00
      0.000000e+00
      0.000000e+00
      0.000000e+00
      0.000000e+00
      0.000000e+00
      0.000000e+00
      0.000000e+00
      0.000000e+00
      0.000000e+00
      0.000000e+00
      0.000000e+00
      0.000000e+00
      0.000000e+00
      0.000000e+00
      0.000000e+00
      0.000000e+00
      0.000000e+00
      0.000000e+00
      0.000000e+00
      0.000000e+00
      0.000000e+00
      0.000000e+00
      0.000000e+00
      0.000000e+00
      0.000000e+00
      0.000000e+00
      0.000000e+00
      0.000000e+00
      0.000000e+00
      0.000000e+00
      0.000000e+00
      0.000000e+00
      0.000000e+00
      0.000000e+00
      0.000000e+00
      0.000000e+00
      0.000000e+00
      0.000000e+00
      0.000000e+00
      0.000000e+00
      0.000000e+00
      0.000000e+00
      0.000000e+00
      0.000000e+00
      0.000000e+00
      0.000000e+00
      0.000000e+00
      0.000000e+00
      0.000000e+00
      0.000000e+00
      0.000000e+00
      0.000000e+00
      0.000000e+00
      0.000000e+00
      0.000000e+00
      0.000000e+00
      0.000000e+00
      0.000000e+00
      0.000000e+00
      0.000000e+00
      0.000000e+00
      0.000000e+00
      0.000000e+00
      0.000000e+00
      0.000000e+00
      0.000000e+00
      0.000000e+00
      0.000000e+00
      0.000000e+00
      0.000000e+00
      0.000000e+00
      0.000000e+00
      0.000000e+00
      0.000000e+00
      0.000000e+00
      0.000000e+00
      0.000000e+00
      0.000000e+00
      0.000000e+00
      0.000000e+00
      0.000000e+00
      0.000000e+00
      0.000000e+00
      0.000000e+00
      0.000000e+00
      0.000000e+00
      0.000000e+00
      0.000000e+00
      0.000000e+00
      0.000000e+00
      0.000000e+00
      0.000000e+00
      0.000000e+00
      0.000000e+00
      0.000000e+00
      0.000000e+00
      0.000000e+00
      0.000000e+00
      0.000000e+00
      0.000000e+00
      0.000000e+00
      0.000000e+00
      0.000000e+00
      0.000000e+00
      0.000000e+00
      0.000000e+00
      0.000000e+00
      0.000000e+00
      0.000000e+00
      0.000000e+00
      0.000000e+00
      0.000000e+00
      0.000000e+00
      0.000000e+00
      0.000000e+00
      0.000000e+00
      0.000000e+00
      0.000000e+00
      0.000000e+00
      0.000000e+00
      0.000000e+00
      0.000000e+00
      0.000000e+00
      0.000000e+00
      0.000000e+00
      0.000000e+00
      0.000000e+00
      0.000000e+00
      0.000000e+00
      0.000000e+00
      0.000000e+00
      0.000000e+00
      0.000000e+00
      0.000000e+00
      0.000000e+00
      0.000000e+00
      0.000000e+00
      0.000000e+00
      0.000000e+00
      0.000000e+00
      0.000000e+00
      0.000000e+00
      0.000000e+00
      0.000000e+00
      0.000000e+00
      0.000000e+00
      0.000000e+00
      0.000000e+00
      0.000000e+00
      0.000000e+00
      0.000000e+00
      0.000000e+00
      0.000000e+00
      0.000000e+00
      0.000000e+00
      0.000000e+00
      0.000000e+00
      0.000000e+00
      0.000000e+00
      0.000000e+00
      0.000000e+00
      0.000000e+00
      0.000000e+00
      0.000000e+00
      0.000000e+00
      0.000000e+00
      0.000000e+00
      0.000000e+00
      0.000000e+00
      0.000000e+00
      0.000000e+00
      0.000000e+00
      0.000000e+00
      0.000000e+00
      0.000000e+00
      0.000000e+00
      0.000000e+00
      0.000000e+00
      0.000000e+00
      0.000000e+00
      0.000000e+00
      0.000000e+00
      0.000000e+00
      0.000000e+00
      0.000000e+00
      0.000000e+00
      0.000000e+00
      0.000000e+00
      0.000000e+00
      0.000000e+00
      0.000000e+00
      0.000000e+00
      0.000000e+00
      0.000000e+00
      0.000000e+00
      0.000000e+00
      0.000000e+00
      0.000000e+00
      0.000000e+00
      0.000000e+00
      0.000000e+00
      0.000000e+00
      0.000000e+00
      0.000000e+00
      0.000000e+00
      0.000000e+00
      0.000000e+00
      0.000000e+00
      0.000000e+00
      0.000000e+00
      0.000000e+00
      0.000000e+00
      0.000000e+00
      0.000000e+00
      0.000000e+00
      0.000000e+00
      0.000000e+00
      0.000000e+00
      0.000000e+00
      0.000000e+00
      0.000000e+00
      0.000000e+00
      0.000000e+00
      0.000000e+00
      0.000000e+00
      0.000000e+00
      0.000000e+00
      0.000000e+00
      0.000000e+00
      0.000000e+00
      0.000000e+00
      0.000000e+00
      0.000000e+00
      0.000000e+00
      0.000000e+00
      0.000000e+00
      0.000000e+00
      0.000000e+00
      0.000000e+00
      0.000000e+00
      0.000000e+00
      0.000000e+00
      0.000000e+00
      0.000000e+00
      0.000000e+00
      0.000000e+00
      0.000000e+00
      0.000000e+00
      0.000000e+00
      0.000000e+00
      0.000000e+00
      0.000000e+00
      0.000000e+00
      0.000000e+00
      0.000000e+00
      0.000000e+00
      0.000000e+00
      0.000000e+00
      0.000000e+00
      0.000000e+00
      0.000000e+00
      0.000000e+00
      0.000000e+00
      0.000000e+00
      0.000000e+00
      0.000000e+00
      0.000000e+00
      0.000000e+00
      0.000000e+00
      0.000000e+00
      0.000000e+00
      0.000000e+00
      0.000000e+00
      0.000000e+00
      0.000000e+00
      0.000000e+00
      0.000000e+00
      0.000000e+00
      0.000000e+00
      0.000000e+00
      0.000000e+00
      0.000000e+00
      0.000000e+00
      0.000000e+00
      0.000000e+00
      0.000000e+00
      0.000000e+00
      0.000000e+00
      0.000000e+00
      0.000000e+00
      0.000000e+00
      0.000000e+00
      0.000000e+00
      0.000000e+00
      0.000000e+00
      0.000000e+00
      0.000000e+00
      0.000000e+00
      0.000000e+00
      0.000000e+00
      0.000000e+00
      0.000000e+00
      0.000000e+00
      0.000000e+00
      0.000000e+00
      0.000000e+00
      0.000000e+00
      0.000000e+00
      0.000000e+00
      0.000000e+00
      0.000000e+00
      0.000000e+00
      0.000000e+00
      0.000000e+00
      0.000000e+00
      0.000000e+00
      0.000000e+00
      0.000000e+00
      0.000000e+00
      0.000000e+00
      0.000000e+00
      0.000000e+00
      0.000000e+00
      0.000000e+00
      0.000000e+00
      0.000000e+00
      0.000000e+00
      0.000000e+00
      0.000000e+00
      0.000000e+00
      0.000000e+00
      0.000000e+00
      0.000000e+00
      0.000000e+00
      0.000000e+00
      0.000000e+00
      0.000000e+00
      0.000000e+00
      0.000000e+00
      0.000000e+00
      0.000000e+00
      0.000000e+00
      0.000000e+00
      0.000000e+00
      0.000000e+00
      0.000000e+00
      0.000000e+00
      0.000000e+00
      0.000000e+00
      0.000000e+00
      0.000000e+00
