      0.000000e+00
      0.000000e+00
      2.996941e-22
      4.773964e-22
      5.866276e-22
      5.236443e-22
      2.081539e-22
     -3.630269e-22
     -1.079077e-21
     -1.731524e-21
     -2.096404e-21
     -2.049851e-21
     -1.647258e-21
     -1.102138e-21
     -6.603602e-22
     -4.433111e-22
     -3.693420e-22
     -2.188371e-22
      1.926643e-22
      8.529256e-22
      1.521864e-21
      1.859325e-21
      1.627400e-21
      8.330086e-22
     -2.754924e-22
     -1.340699e-21
     -2.062898e-21
     -2.305538e-21
     -2.104055e-21
     -1.606597e-21
     -9.987260e-22
     -4.486486e-22
     -8.513751e-23
     -6.624508e-24
     -3.104196e-22
     -1.113985e-21
     -2.526511e-21
     -4.547562e-21
     -6.930776e-21
     -9.117999e-21
     -1.035687e-20
     -1.002353e-20
     -8.017983e-21
     -4.986301e-21
     -2.156699e-21
     -7.771365e-22
     -1.412013e-21
     -3.518289e-21
     -5.634344e-21
     -6.179798e-21
     -4.458791e-21
     -1.247647e-21
      1.486302e-21
      1.688411e-21
     -1.453440e-21
     -6.781897e-21
     -1.158528e-20
     -1.301272e-20
     -9.698477e-21
     -2.631789e-21
      5.250903e-21
      1.051010e-20
      1.086531e-20
      6.213513e-21
     -1.421474e-21
     -8.870641e-21
     -1.322758e-20
     -1.308658e-20
     -9.107926e-21
     -3.628298e-21
      5.855876e-22
      1.861419e-21
      5.478857e-22
     -1.307714e-21
     -1.421104e-21
      1.057164e-21
      4.815791e-21
      7.143073e-21
      5.680638e-21
      1.435129e-24
     -7.996103e-21
     -1.506892e-20
     -1.833313e-20
     -1.670496e-20
     -1.135936e-20
     -5.072128e-21
     -8.714959e-22
     -7.360617e-22
     -5.028592e-21
     -1.292009e-20
     -2.338802e-20
     -3.587955e-20
     -4.989335e-20
     -6.364196e-20
     -7.301867e-20
     -7.233805e-20
     -5.722675e-20
     -2.819390e-20
      7.733392e-21
      3.916317e-20
      5.567389e-20
      5.327438e-20
      3.646965e-20
      1.553201e-20
      8.155857e-22
     -2.156585e-21
      5.980252e-21
      2.061135e-20
      3.634013e-20
      4.873488e-20
      5.426824e-20
      5.004911e-20
      3.478435e-20
      1.043868e-20
     -1.742948e-20
     -4.184590e-20
     -5.781544e-20
     -6.414293e-20
     -6.222392e-20
     -5.339390e-20
     -3.802779e-20
     -1.780533e-20
      1.100210e-21
      8.020232e-21
     -7.060206e-21
     -4.583600e-20
     -9.716160e-20
     -1.400002e-19
     -1.533147e-19
     -1.276061e-19
     -7.138025e-20
     -8.429524e-21
      3.332286e-20
      3.612056e-20
      2.394484e-21
     -4.544963e-20
     -7.647472e-20
     -6.840823e-20
     -2.083139e-20
      4.400224e-20
      9.380117e-20
      1.045953e-19
      7.314790e-20
      1.603398e-20
     -4.246026e-20
     -8.404706e-20
     -1.026269e-19
     -1.012142e-19
     -8.542653e-20
     -6.059116e-20
     -3.396900e-20
     -1.711177e-20
     -2.247907e-20
     -5.421299e-20
     -1.000379e-19
     -1.327893e-19
     -1.239450e-19
     -6.219640e-20
      3.512768e-20
      1.267749e-19
      1.676583e-19
      1.336462e-19
      3.673090e-20
     -7.883477e-20
     -1.582500e-19
     -1.643918e-19
     -9.722068e-20
      6.543984e-21
      9.384207e-20
      1.250448e-19
      9.664573e-20
      4.354163e-20
      1.841958e-20
      5.897191e-20
      1.618033e-19
      2.794789e-19
      3.443863e-19
      3.068362e-19
      1.652130e-19
     -3.021547e-20
     -2.026986e-19
     -2.888879e-19
     -2.700775e-19
     -1.775588e-19
     -7.078178e-20
     -2.670812e-21
      7.425985e-21
     -2.118472e-20
     -4.797964e-20
     -3.873385e-20
      1.413012e-20
      8.985185e-20
      1.553490e-19
      1.868454e-19
      1.824610e-19
      1.586719e-19
      1.354920e-19
      1.225764e-19
      1.159854e-19
      1.058218e-19
      8.661790e-20
      6.169484e-20
      3.913472e-20
      2.410670e-20
      1.425250e-20
      1.315626e-21
     -2.266410e-20
     -5.870991e-20
     -9.765208e-20
     -1.226979e-19
     -1.182261e-19
     -8.165156e-20
     -3.101039e-20
     -1.548258e-22
     -1.985158e-20
     -9.438547e-20
     -1.905830e-19
     -2.510536e-19
     -2.269725e-19
     -1.098513e-19
      5.997718e-20
      2.150626e-19
      2.984354e-19
      2.922196e-19
      2.202164e-19
      1.266431e-19
      4.854389e-20
      1.441345e-22
     -2.459253e-20
     -3.865947e-20
     -5.050626e-20
     -6.158258e-20
     -7.090782e-20
     -7.954731e-20
     -9.011859e-20
     -1.027061e-19
     -1.126661e-19
     -1.140944e-19
     -1.068820e-19
     -1.007295e-19
     -1.107456e-19
     -1.459142e-19
     -1.984081e-19
     -2.425711e-19
     -2.461083e-19
     -1.873981e-19
     -6.856678e-20
      8.300588e-20
      2.248330e-19
      3.154288e-19
      3.295003e-19
      2.673579e-19
      1.558458e-19
      3.954892e-20
     -3.649052e-20
     -4.679079e-20
      1.690508e-21
      7.274430e-20
      1.210357e-19
      1.188162e-19
      7.265453e-20
      1.847138e-20
     -2.707931e-21
      2.787855e-20
      9.510523e-20
      1.616439e-19
      1.933847e-19
      1.794770e-19
      1.335668e-19
      7.868350e-20
      3.057947e-20
     -7.106231e-21
     -3.531153e-20
     -5.072001e-20
     -4.641077e-20
     -2.165920e-20
      9.954813e-21
      2.453926e-20
      3.459522e-21
     -5.120429e-20
     -1.143202e-19
     -1.519751e-19
     -1.435021e-19
     -9.664638e-20
     -4.552939e-20
     -3.171937e-20
     -7.893014e-20
     -1.761219e-19
     -2.798881e-19
     -3.365271e-19
     -3.122204e-19
     -2.134267e-19
     -8.412925e-20
      1.944738e-20
      6.127380e-20
      4.465822e-20
      6.377435e-21
     -9.341053e-21
      2.060438e-20
      8.503154e-20
      1.474881e-19
      1.698657e-19
      1.350711e-19
      5.562567e-20
     -3.508297e-20
     -1.017980e-19
     -1.247388e-19
     -1.061399e-19
     -6.439416e-20
     -2.142511e-20
      8.415891e-21
      2.221513e-20
      2.469205e-20
      2.075116e-20
      9.930949e-21
     -1.332148e-20
     -5.339551e-20
     -1.054848e-19
     -1.525535e-19
     -1.722522e-19
     -1.519539e-19
     -1.020624e-19
     -5.536834e-20
     -4.797639e-20
     -9.178290e-20
     -1.586764e-19
     -1.922288e-19
     -1.438506e-19
     -1.023861e-20
      1.558389e-19
      2.726388e-19
      2.785189e-19
      1.703296e-19
      5.545243e-21
     -1.318241e-19
     -1.772814e-19
     -1.147223e-19
      2.508971e-20
      1.878532e-19
      3.216332e-19
      3.917701e-19
      3.841577e-19
      3.037966e-19
      1.732140e-19
      2.900256e-20
     -8.730206e-20
     -1.433702e-19
     -1.288493e-19
     -5.933660e-20
      3.110024e-20
      1.051399e-19
      1.380632e-19
      1.277989e-19
      9.540372e-20
      7.523443e-20
      9.755649e-20
      1.705601e-19
      2.715715e-19
      3.548581e-19
      3.745472e-19
      3.104576e-19
      1.805132e-19
      3.092326e-20
     -8.967826e-20
     -1.548076e-19
     -1.680061e-19
     -1.519569e-19
     -1.301586e-19
     -1.149102e-19
     -1.064793e-19
     -9.809133e-20
     -7.963670e-20
     -3.950734e-20
      3.062264e-20
      1.265264e-19
      2.247832e-19
      2.889402e-19
      2.897771e-19
      2.269242e-19
      1.340448e-19
      6.084730e-20
      4.379551e-20
      8.673736e-20
      1.640148e-19
      2.401000e-19
      2.884882e-19
      2.977059e-19
      2.667178e-19
      2.004280e-19
      1.108889e-19
      1.881648e-20
     -5.324162e-20
     -9.551183e-20
     -1.209084e-19
     -1.573770e-19
     -2.241142e-19
     -3.097931e-19
     -3.731915e-19
     -3.698707e-19
     -2.860607e-19
     -1.526542e-19
     -2.669218e-20
      4.642763e-20
      6.126495e-20
      5.028642e-20
      5.490693e-20
      9.340716e-20
      1.497485e-19
      1.889855e-19
      1.844229e-19
      1.350291e-19
      6.196385e-20
     -9.970321e-21
     -7.002009e-20
     -1.250954e-19
     -1.876933e-19
     -2.580841e-19
     -3.148481e-19
     -3.224272e-19
     -2.528257e-19
     -1.081213e-19
      7.191535e-20
      2.245646e-19
      2.945859e-19
      2.628989e-19
      1.562721e-19
      3.201402e-20
     -5.339042e-20
     -7.358924e-20
     -4.332869e-20
     -5.860676e-21
     -5.040039e-21
     -5.858982e-20
     -1.476962e-19
     -2.282727e-19
     -2.566214e-19
     -2.140729e-19
     -1.161839e-19
     -1.607935e-21
      9.179137e-20
      1.481587e-19
      1.785941e-19
      2.071396e-19
      2.483848e-19
      2.936606e-19
      3.168872e-19
      2.962847e-19
      2.352066e-19
      1.647606e-19
      1.239985e-19
      1.307317e-19
      1.643356e-19
      1.748221e-19
      1.149095e-19
     -2.421047e-20
     -1.968412e-19
     -3.196360e-19
     -3.155592e-19
     -1.620009e-19
      8.546504e-20
      3.115857e-19
      3.972815e-19
      2.848040e-19
      1.492567e-20
     -2.886077e-19
     -4.827703e-19
     -4.828131e-19
     -3.083035e-19
     -6.889057e-20
      1.027417e-19
      1.296592e-19
      3.185588e-20
     -9.517511e-20
     -1.478365e-19
     -8.107814e-20
      6.928193e-20
      2.185551e-19
      2.912843e-19
      2.630717e-19
      1.620131e-19
      3.853793e-20
     -6.742915e-20
     -1.391481e-19
     -1.749180e-19
     -1.750597e-19
     -1.384566e-19
     -6.916824e-20
      1.724511e-20
      9.660191e-20
      1.472130e-19
      1.605885e-19
      1.439474e-19
      1.136632e-19
      8.501413e-20
      6.489743e-20
      5.111734e-20
      3.754209e-20
      2.128118e-20
      7.066255e-21
      5.477996e-21
      2.523220e-20
      6.396674e-20
      1.042901e-19
      1.200113e-19
      9.147577e-20
      2.185152e-20
     -5.710617e-20
     -9.720675e-20
     -6.057158e-20
      5.366597e-20
      2.009319e-19
      3.104589e-19
      3.241938e-19
      2.325856e-19
      8.360445e-20
     -4.319209e-20
     -8.325144e-20
     -2.562401e-20
      8.105532e-20
      1.594520e-19
      1.519670e-19
      5.608600e-20
     -7.557024e-20
     -1.698910e-19
     -1.796346e-19
     -1.112968e-19
     -1.705861e-20
      4.239507e-20
      3.821566e-20
     -1.012795e-20
     -5.175150e-20
     -4.089251e-20
      3.305062e-20
      1.413447e-19
      2.372408e-19
      2.851706e-19
      2.778168e-19
      2.331980e-19
      1.789721e-19
      1.370810e-19
      1.165145e-19
      1.133938e-19
      1.144604e-19
      1.028790e-19
      6.731629e-20
      1.184800e-20
     -4.083990e-20
     -5.927526e-20
     -2.278760e-20
      6.238252e-20
      1.635632e-19
      2.398412e-19
      2.650662e-19
      2.391042e-19
      1.806788e-19
      1.099176e-19
      3.590336e-20
     -4.126506e-20
     -1.176109e-19
     -1.748348e-19
     -1.838199e-19
     -1.223482e-19
      4.631456e-21
      1.573301e-19
      2.737846e-19
      2.978302e-19
      2.077925e-19
      3.035049e-20
     -1.687880e-19
     -3.145151e-19
     -3.587547e-19
     -3.046704e-19
     -2.033136e-19
     -1.215158e-19
     -9.857208e-20
     -1.200729e-19
     -1.291982e-19
     -7.058006e-20
      6.367469e-20
      2.212186e-19
      3.227242e-19
      3.187178e-19
      2.272611e-19
      1.223672e-19
      8.062256e-20
      1.266344e-19
      2.191655e-19
      2.872140e-19
      2.853960e-19
      2.240003e-19
      1.522736e-19
      1.131992e-19
      1.099276e-19
      1.104521e-19
      8.209822e-20
      2.276504e-20
     -3.783495e-20
     -6.476350e-20
     -4.620321e-20
      7.079564e-22
      4.778225e-20
      7.765443e-20
      8.983890e-20
      8.950769e-20
      7.446416e-20
      3.514943e-20
     -3.296834e-20
     -1.185137e-19
     -1.967279e-19
     -2.437153e-19
     -2.502252e-19
     -2.247940e-19
     -1.862841e-19
     -1.531194e-19
     -1.356095e-19
     -1.330324e-19
     -1.348403e-19
     -1.258411e-19
     -9.447926e-20
     -4.030300e-20
      2.465917e-20
      8.222398e-20
      1.176957e-19
      1.262010e-19
      1.126512e-19
      8.729055e-20
      6.028377e-20
      3.715724e-20
      1.614848e-20
     -1.028971e-20
     -4.825921e-20
     -9.301776e-20
     -1.261670e-19
     -1.256902e-19
     -8.390852e-20
     -1.831777e-20
      3.701011e-20
      5.588368e-20
      4.131795e-20
      2.501308e-20
      4.358130e-20
      1.097137e-19
      2.010154e-19
      2.748265e-19
      2.967329e-19
      2.610027e-19
      1.895680e-19
      1.136985e-19
      5.406483e-20
      1.238346e-20
     -2.380241e-20
     -7.066569e-20
     -1.389550e-19
     -2.271992e-19
     -3.160936e-19
     -3.677071e-19
     -3.374193e-19
     -2.002869e-19
      2.206498e-20
      2.578166e-19
      4.174527e-19
      4.467374e-19
      3.621524e-19
      2.382700e-19
      1.527082e-19
      1.299598e-19
      1.283210e-19
      7.973619e-20
     -5.047697e-20
     -2.316779e-19
     -3.865403e-19
     -4.420455e-19
     -3.725511e-19
     -2.069894e-19
     -3.610782e-21
      1.826150e-19
      3.179310e-19
      3.899185e-19
      4.008117e-19
      3.634383e-19
      2.987997e-19
      2.293912e-19
      1.684288e-19
      1.136947e-19
      5.378193e-20
     -1.698366e-20
     -8.878452e-20
     -1.420695e-19
     -1.638847e-19
     -1.582211e-19
     -1.391688e-19
     -1.138307e-19
     -7.407924e-20
     -8.206827e-21
      7.798528e-20
      1.538593e-19
      1.825204e-19
      1.516817e-19
      8.828679e-20
      4.080065e-20
      4.248660e-20
      8.727934e-20
      1.387705e-19
      1.625206e-19
      1.514445e-19
      1.227819e-19
      9.379702e-20
      6.324561e-20
      1.760713e-20
     -4.573326e-20
     -1.040789e-19
     -1.206388e-19
     -7.227849e-20
      3.166665e-20
      1.559173e-19
      2.633642e-19
      3.344663e-19
      3.677355e-19
      3.671750e-19
      3.332694e-19
      2.664314e-19
      1.765116e-19
      8.587658e-20
      2.122319e-20
      4.521748e-22
      2.402793e-20
      7.484585e-20
      1.248916e-19
      1.459479e-19
      1.220328e-19
      5.875943e-20
     -1.776812e-20
     -7.549178e-20
     -9.597765e-20
     -8.330154e-20
     -5.382260e-20
     -1.629610e-20
      3.747082e-20
      1.205119e-19
      2.280318e-19
      3.273638e-19
      3.730883e-19
      3.362949e-19
      2.239858e-19
      7.443167e-20
     -6.439725e-20
     -1.550778e-19
     -1.792449e-19
     -1.386575e-19
     -5.697872e-20
      1.951416e-20
      3.334415e-20
     -5.564220e-20
     -2.382086e-19
     -4.457934e-19
     -5.784133e-19
     -5.587915e-19
     -3.787132e-19
     -1.060244e-19
      1.527147e-19
      3.087697e-19
      3.310198e-19
      2.481637e-19
      1.198980e-19
      1.998145e-21
     -7.225925e-20
     -8.986657e-20
     -4.768303e-20
      5.074772e-20
      1.877024e-19
      3.242148e-19
      4.077987e-19
      3.973090e-19
      2.899963e-19
      1.290628e-19
     -1.818989e-20
     -9.924927e-20
     -1.054757e-19
     -7.089571e-20
     -4.304741e-20
     -4.888708e-20
     -8.052826e-20
     -1.081641e-19
     -1.065944e-19
     -7.419605e-20
     -3.251618e-20
     -1.033287e-20
     -2.500904e-20
     -7.220359e-20
     -1.278517e-19
     -1.603320e-19
     -1.474754e-19
     -9.092308e-20
     -1.965809e-20
      2.182618e-20
     -3.274984e-21
     -1.019074e-19
     -2.436315e-19
     -3.732980e-19
     -4.375504e-19
     -4.110469e-19
     -3.089059e-19
     -1.791529e-19
     -7.866101e-20
     -4.443031e-20
     -7.567549e-20
     -1.377303e-19
     -1.860452e-19
     -1.942594e-19
     -1.659586e-19
     -1.217209e-19
     -7.401726e-20
     -1.444636e-20
      7.230677e-20
      1.791550e-19
      2.617516e-19
      2.594914e-19
      1.423030e-19
     -5.444849e-20
     -2.412548e-19
     -3.305496e-19
     -2.969040e-19
     -1.930015e-19
     -1.066834e-19
     -9.250283e-20
     -1.327605e-19
     -1.586664e-19
     -1.124191e-19
      2.070318e-21
      1.210856e-19
      1.725863e-19
      1.343150e-19
      5.192317e-20
      3.638944e-21
      3.978806e-20
      1.435586e-19
      2.417926e-19
      2.564302e-19
      1.578040e-19
     -1.820057e-20
     -1.979412e-19
     -3.178193e-19
     -3.556163e-19
     -3.273684e-19
     -2.621085e-19
     -1.815151e-19
     -9.934401e-20
     -3.149704e-20
      2.897775e-21
     -3.925919e-21
     -3.283477e-20
     -4.222790e-20
      3.494417e-21
      1.016240e-19
      2.033010e-19
      2.413420e-19
      1.762922e-19
      2.706908e-20
     -1.371874e-19
     -2.384728e-19
     -2.343616e-19
     -1.351471e-19
      1.301831e-20
      1.589141e-19
      2.645686e-19
      3.030996e-19
      2.515504e-19
      9.808267e-20
     -1.371219e-19
     -3.901982e-19
     -5.730172e-19
     -6.187679e-19
     -5.215789e-19
     -3.382465e-19
     -1.496950e-19
     -1.220083e-20
      6.551183e-20
      1.075538e-19
      1.380466e-19
      1.603529e-19
      1.622368e-19
      1.357132e-19
      8.964154e-20
      4.375439e-20
      1.171033e-20
     -1.025014e-20
     -3.950815e-20
     -9.241739e-20
     -1.705723e-19
     -2.566610e-19
     -3.209586e-19
     -3.346895e-19
     -2.852088e-19
     -1.866151e-19
     -7.780211e-20
     -3.337471e-21
      1.589726e-20
      2.538370e-21
      1.297315e-20
      9.684278e-20
      2.516873e-19
      4.103615e-19
      4.797929e-19
      4.083587e-19
      2.261508e-19
      1.159349e-20
     -1.951530e-19
     -4.127455e-19
     -5.228069e-19
      7.759203e-20
      2.341042e-18
      5.774723e-18
      4.600778e-18
     -1.457310e-17
     -6.311022e-17
     -1.149096e-16
     -4.703237e-17
      3.889907e-16
      1.421820e-15
      2.727357e-15
      2.378006e-15
     -4.413730e-15
     -2.543987e-14
     -6.756164e-14
     -1.235831e-13
     -1.426040e-13
      2.519641e-14
      7.190890e-13
      2.602793e-12
      6.851269e-12
      1.539381e-11
      3.121422e-11
      5.870385e-11
      1.040571e-10
      1.756901e-10
      2.846511e-10
      4.449742e-10
      6.738908e-10
      9.917534e-10
      1.421438e-09
      1.986938e-09
      2.710976e-09
      3.611948e-09
      4.701452e-09
      5.984886e-09
      7.468349e-09
      9.174385e-09
      1.116622e-08
      1.357556e-08
      1.662454e-08
      2.063159e-08
      2.599495e-08
      3.315662e-08
      4.255917e-08
      5.461226e-08
      6.968242e-08
      8.810884e-08
      1.102360e-07
      1.364476e-07
      1.671881e-07
      2.029668e-07
      2.443499e-07
      2.919485e-07
      3.464105e-07
      4.084183e-07
      4.786895e-07
      5.579777e-07
      6.470690e-07
      7.467767e-07
      8.579345e-07
      9.813880e-07
      1.117987e-06
      1.268572e-06
      1.433967e-06
      1.614956e-06
      1.812267e-06
      2.026547e-06
      2.258330e-06
      2.508003e-06
      2.775760e-06
      3.061546e-06
      3.364991e-06
      3.685326e-06
      4.021282e-06
      4.370959e-06
      4.731676e-06
      5.099773e-06
      5.470376e-06
      5.837106e-06
      6.191730e-06
      6.523745e-06
      6.819895e-06
      7.063645e-06
      7.234620e-06
      7.308128e-06
      7.255004e-06
      7.042385e-06
      6.636515e-06
      6.009120e-06
      5.148701e-06
      4.076606e-06
      2.864734e-06
      1.647913e-06
      6.217640e-07
      1.870779e-08
      6.219565e-08
      9.101505e-07
      2.607620e-06
      5.069448e-06
      8.103550e-06
      1.146781e-05
      1.493791e-05
      1.835875e-05
      2.166166e-05
      2.484749e-05
      2.795149e-05
      3.101047e-05
      3.404585e-05
      3.706355e-05
      4.006272e-05
      4.304362e-05
      4.600986e-05
      4.896606e-05
      5.191447e-05
      5.485357e-05
      5.777856e-05
      6.068269e-05
      6.355790e-05
      6.639464e-05
      6.918130e-05
      7.190373e-05
      7.454499e-05
      7.708520e-05
      7.950123e-05
      8.176616e-05
      8.384866e-05
      8.571222e-05
      8.731430e-05
      8.860531e-05
      8.952737e-05
      9.001285e-05
      8.998264e-05
      8.934414e-05
      8.798900e-05
      8.579057e-05
      8.260121e-05
      7.824976e-05
      7.253949e-05
      6.524738e-05
      5.612606e-05
      4.491100e-05
      3.133814e-05
      1.518156e-05
     -3.674824e-06
     -2.511777e-05
     -4.863597e-05
     -7.313092e-05
     -9.678001e-05
     -1.170600e-04
     -1.310314e-04
     -1.359092e-04
     -1.298064e-04
     -1.124029e-04
     -8.524016e-05
     -5.144888e-05
     -1.494758e-05
      2.059591e-05
      5.262572e-05
      8.005808e-05
      1.030726e-04
      1.225397e-04
      1.394177e-04
      1.543858e-04
      1.677824e-04
      1.797430e-04
      1.903652e-04
      1.997896e-04
      2.081868e-04
      2.157062e-04
      2.224436e-04
      2.284455e-04
      2.337325e-04
      2.383183e-04
      2.422134e-04
      2.454200e-04
      2.479276e-04
      2.497118e-04
      2.507374e-04
      2.509593e-04
      2.503226e-04
      2.487609e-04
      2.461943e-04
      2.425279e-04
      2.376505e-04
      2.314320e-04
      2.237209e-04
      2.143410e-04
      2.030879e-04
      1.897249e-04
      1.739789e-04
      1.555358e-04
      1.340378e-04
      1.090803e-04
      8.021394e-05
      4.695160e-05
      8.786020e-06
     -3.477411e-05
     -8.413511e-05
     -1.394916e-04
     -2.006095e-04
     -2.664935e-04
     -3.349575e-04
     -4.022037e-04
     -4.626277e-04
     -5.091372e-04
     -5.341977e-04
     -5.315628e-04
     -4.982554e-04
     -4.360447e-04
     -3.516560e-04
     -2.553717e-04
     -1.583968e-04
     -6.998897e-05
      4.495132e-06
      6.394338e-05
      1.103384e-04
      1.469114e-04
      1.765618e-04
      2.011274e-04
      2.214889e-04
      2.380724e-04
      2.512795e-04
      2.616231e-04
      2.696365e-04
      2.757401e-04
      2.801949e-04
      2.831472e-04
      2.846981e-04
      2.849419e-04
      2.839655e-04
      2.818335e-04
      2.785811e-04
      2.742190e-04
      2.687417e-04
      2.621314e-04
      2.543573e-04
      2.453735e-04
      2.351175e-04
      2.235098e-04
      2.104533e-04
      1.958314e-04
      1.795063e-04
      1.613157e-04
      1.410706e-04
      1.185526e-04
      9.351091e-05
      6.566052e-05
      3.468121e-05
      2.193873e-07
     -3.810557e-05
     -8.068712e-05
     -1.279047e-04
     -1.800753e-04
     -2.373697e-04
     -2.996681e-04
     -3.663282e-04
     -4.358472e-04
     -5.054536e-04
     -5.707520e-04
     -6.256586e-04
     -6.629090e-04
     -6.753137e-04
     -6.576326e-04
     -6.085303e-04
     -5.317928e-04
     -4.360722e-04
     -3.329711e-04
     -2.340565e-04
     -1.479726e-04
     -7.881730e-05
     -2.631038e-05
      1.261194e-05
      4.175965e-05
      6.419224e-05
      8.171683e-05
      9.519254e-05
      1.051064e-04
      1.119644e-04
      1.163586e-04
      1.188452e-04
      1.198291e-04
      1.195537e-04
      1.181664e-04
      1.157854e-04
      1.125256e-04
      1.084904e-04
      1.037589e-04
      9.838418e-05
      9.240196e-05
      8.583801e-05
      7.871122e-05
      7.103275e-05
      6.280510e-05
      5.402250e-05
      4.467189e-05
      3.473348e-05
      2.418068e-05
      1.297982e-05
      1.089950e-06
     -1.153717e-05
     -2.495693e-05
     -3.923146e-05
     -5.442870e-05
     -7.062053e-05
     -8.787930e-05
     -1.062721e-04
     -1.258511e-04
     -1.466387e-04
     -1.686035e-04
     -1.916233e-04
     -2.154281e-04
     -2.395160e-04
     -2.630459e-04
     -2.847275e-04
     -3.027665e-04
     -3.149484e-04
     -3.189440e-04
     -3.128534e-04
     -2.958782e-04
     -2.688817e-04
     -2.345423e-04
     -1.969173e-04
     -1.604829e-04
     -1.289890e-04
     -1.045960e-04
     -8.763572e-05
     -7.702737e-05
     -7.106414e-05
     -6.815384e-05
     -6.721478e-05
     -6.768160e-05
     -6.928786e-05
     -7.184425e-05
     -7.513751e-05
     -7.894383e-05
     -8.307976e-05
     -8.742612e-05
     -9.191312e-05
     -9.649103e-05
     -1.011114e-04
     -1.057249e-04
     -1.102858e-04
     -1.147550e-04
     -1.190973e-04
     -1.232784e-04
     -1.272617e-04
     -1.310081e-04
     -1.344758e-04
     -1.376191e-04
     -1.403873e-04
     -1.427234e-04
     -1.445624e-04
     -1.458300e-04
     -1.464406e-04
     -1.462951e-04
     -1.452786e-04
     -1.432573e-04
     -1.400757e-04
     -1.355525e-04
     -1.294777e-04
     -1.216087e-04
     -1.116682e-04
     -9.934441e-05
     -8.429465e-05
     -6.615828e-05
     -4.458363e-05
     -1.928230e-05
      9.870673e-06
      4.266940e-05
      7.833578e-05
      1.152401e-04
      1.506888e-04
      1.809496e-04
      2.016810e-04
      2.088167e-04
      1.997216e-04
      1.742071e-04
      1.349141e-04
      8.677298e-05
      3.566198e-05
     -1.320129e-05
     -5.645598e-05
     -9.293463e-05
     -1.231597e-04
     -1.484239e-04
     -1.699805e-04
     -1.886602e-04
     -2.048989e-04
     -2.189516e-04
     -2.310626e-04
     -2.415050e-04
     -2.505341e-04
     -2.583397e-04
     -2.650399e-04
     -2.707066e-04
     -2.753920e-04
     -2.791382e-04
     -2.819742e-04
     -2.839117e-04
     -2.849458e-04
     -2.850576e-04
     -2.842163e-04
     -2.823798e-04
     -2.794929e-04
     -2.754864e-04
     -2.702763e-04
     -2.637618e-04
     -2.558240e-04
     -2.463233e-04
     -2.350964e-04
     -2.219534e-04
     -2.066740e-04
     -1.890034e-04
     -1.686482e-04
     -1.452729e-04
     -1.184964e-04
     -8.789115e-05
     -5.298659e-05
     -1.327954e-05
      3.174258e-05
      8.255745e-05
      1.395281e-04
      2.027637e-04
      2.718879e-04
      3.456832e-04
      4.216235e-04
      4.954007e-04
      5.606936e-04
      6.095254e-04
      6.334908e-04
      6.258127e-04
      5.836814e-04
      5.099126e-04
      4.129761e-04
      3.050533e-04
      1.987405e-04
      1.037583e-04
      2.505515e-05
     -3.707497e-05
     -8.530297e-05
     -1.231383e-04
     -1.534317e-04
     -1.779229e-04
     -1.975552e-04
     -2.129822e-04
     -2.248554e-04
     -2.338315e-04
     -2.404630e-04
     -2.451358e-04
     -2.480980e-04
     -2.495251e-04
     -2.495641e-04
     -2.483417e-04
     -2.459568e-04
     -2.424775e-04
     -2.379464e-04
     -2.323881e-04
     -2.258134e-04
     -2.182193e-04
     -2.095883e-04
     -1.998886e-04
     -1.890740e-04
     -1.770841e-04
     -1.638428e-04
     -1.492572e-04
     -1.332159e-04
     -1.155876e-04
     -9.621861e-05
     -7.493124e-05
     -5.152183e-05
     -2.575960e-05
      2.613239e-06
      3.387901e-05
      6.833775e-05
      1.062933e-04
      1.480280e-04
      1.937583e-04
      2.435620e-04
      2.972575e-04
      3.542142e-04
      4.130767e-04
      4.714227e-04
      5.254539e-04
      5.699259e-04
      5.985857e-04
      6.052997e-04
      5.857651e-04
      5.392835e-04
      4.697879e-04
      3.854262e-04
      2.965971e-04
      2.131301e-04
      1.418076e-04
      8.527067e-05
      4.258754e-05
      1.089796e-05
     -1.287282e-05
     -3.100492e-05
     -4.483919e-05
     -5.514078e-05
     -6.249470e-05
     -6.747585e-05
     -7.061876e-05
     -7.234039e-05
     -7.292144e-05
     -7.254792e-05
     -7.136186e-05
     -6.948611e-05
     -6.702510e-05
     -6.406039e-05
     -6.065224e-05
     -5.684570e-05
     -5.267584e-05
     -4.816985e-05
     -4.334730e-05
     -3.822057e-05
     -3.279550e-05
     -2.707226e-05
     -2.104559e-05
     -1.470495e-05
     -8.034387e-06
     -1.012517e-06
      6.387601e-06
      1.419857e-05
      2.245875e-05
      3.121214e-05
      4.050798e-05
      5.039984e-05
      6.094369e-05
      7.219453e-05
      8.420071e-05
      9.699451e-05
      1.105772e-04
      1.248957e-04
      1.398068e-04
      1.550239e-04
      1.700444e-04
      1.840683e-04
      1.959388e-04
      2.041655e-04
      2.070995e-04
      2.032950e-04
      1.919971e-04
      1.735851e-04
      1.497364e-04
      1.231507e-04
      9.687091e-05
      7.346149e-05
      5.440297e-05
      3.995215e-05
      2.946062e-05
      2.191306e-05
      1.638686e-05
      1.225857e-05
      9.174536e-06
      6.921469e-06
      5.325068e-06
      4.220927e-06
      3.469642e-06
      2.971872e-06
      2.664386e-06
      2.504962e-06
      2.460293e-06
      2.502081e-06
      2.607699e-06
      2.760548e-06
      2.948763e-06
      3.163452e-06
      3.397646e-06
      3.645974e-06
      3.904535e-06
      4.170667e-06
      4.442671e-06
      4.719597e-06
      5.001129e-06
      5.287503e-06
      5.579444e-06
      5.878094e-06
      6.184963e-06
      6.501880e-06
      6.830953e-06
      7.174510e-06
      7.535031e-06
      7.915038e-06
      8.316938e-06
      8.742778e-06
      9.193871e-06
      9.670227e-06
      1.016971e-05
      1.068675e-05
      1.121057e-05
      1.172255e-05
      1.219302e-05
      1.257801e-05
      1.281770e-05
      1.283969e-05
      1.257013e-05
      1.195346e-05
      1.097646e-05
      9.686726e-06
      8.194187e-06
      6.649475e-06
      5.204742e-06
      3.972903e-06
      3.003584e-06
      2.285171e-06
      1.767940e-06
      1.393229e-06
      1.113918e-06
      9.004383e-07
      7.362478e-07
      6.107003e-07
      5.148025e-07
      4.405648e-07
      3.817994e-07
      3.344219e-07
      2.958914e-07
      2.644335e-07
      2.386015e-07
      2.171996e-07
      1.993145e-07
      1.842865e-07
      1.716267e-07
      1.609471e-07
      1.519306e-07
      1.443231e-07
      1.379249e-07
      1.325786e-07
      1.281580e-07
      1.245613e-07
      1.217073e-07
      1.195326e-07
      1.179880e-07
      1.170367e-07
      1.166520e-07
      1.168161e-07
      1.175189e-07
      1.187562e-07
      1.205289e-07
      1.228408e-07
      1.256963e-07
      1.290972e-07
      1.330370e-07
      1.374940e-07
      1.424199e-07
      1.477231e-07
      1.532456e-07
      1.587299e-07
      1.637779e-07
      1.678092e-07
      1.700407e-07
      1.695276e-07
      1.653069e-07
      1.566558e-07
      1.434086e-07
      1.262003e-07
      1.064809e-07
      8.622030e-08
      6.738372e-08
      5.139760e-08
      3.885198e-08
      2.955199e-08
      2.283639e-08
      1.795459e-08
      1.431489e-08
      1.154471e-08
      9.426523e-09
      7.812511e-09
      6.579137e-09
      5.622297e-09
      4.864752e-09
      4.255774e-09
      3.762394e-09
      3.360513e-09
      3.030709e-09
      2.757571e-09
      2.529597e-09
      2.338368e-09
      2.177484e-09
      2.041845e-09
      1.927359e-09
      1.830792e-09
      1.749606e-09
      1.681782e-09
      1.625705e-09
      1.580079e-09
      1.543875e-09
      1.516288e-09
      1.496695e-09
      1.484628e-09
      1.479748e-09
      1.481830e-09
      1.490744e-09
      1.506440e-09
      1.528926e-09
      1.558251e-09
      1.594471e-09
      1.637607e-09
      1.687578e-09
      1.744109e-09
      1.806583e-09
      1.873840e-09
      1.943876e-09
      2.013436e-09
      2.077491e-09
      2.128711e-09
      2.157185e-09
      2.150898e-09
      2.097525e-09
      1.987743e-09
      1.819353e-09
      1.600493e-09
      1.349829e-09
      1.092667e-09
      8.540612e-10
      6.519222e-10
      4.933567e-10
      3.755922e-10
      2.902179e-10
      2.279345e-10
      1.814954e-10
      1.462838e-10
      1.194791e-10
      9.908611e-11
      8.347067e-11
      7.132098e-11
      6.169470e-11
      5.396814e-11
      4.771801e-11
      4.262700e-11
      3.844473e-11
      3.497873e-11
      3.208633e-11
      2.966124e-11
      2.762116e-11
      2.590084e-11
      2.444855e-11
      2.322359e-11
      2.219381e-11
      2.133354e-11
      2.062224e-11
      2.004348e-11
      1.958424e-11
      1.923431e-11
      1.898578e-11
      1.883271e-11
      1.877082e-11
      1.879723e-11
      1.891031e-11
      1.910940e-11
      1.939463e-11
      1.976660e-11
      2.022603e-11
      2.077317e-11
      2.140699e-11
      2.212398e-11
      2.291633e-11
      2.376931e-11
      2.465752e-11
      2.553976e-11
      2.635254e-11
      2.700328e-11
      2.736659e-11
      2.728972e-11
      2.661497e-11
      2.522193e-11
      2.308135e-11
      2.029752e-11
      1.711095e-11
      1.384698e-11
      1.082498e-11
      8.269428e-12
      6.265297e-12
      4.773630e-12
      3.687863e-12
      2.893224e-12
      2.301034e-12
      1.853768e-12
      1.514610e-12
      1.256780e-12
      1.058923e-12
      9.046368e-13
      7.823900e-13
      6.844124e-13
      6.052313e-13
      5.407098e-13
      4.876610e-13
      4.436852e-13
      4.069974e-13
      3.762444e-13
      3.503724e-13
      3.285515e-13
      3.101290e-13
      2.945909e-13
      2.815290e-13
      2.706173e-13
      2.615949e-13
      2.542537e-13
      2.484285e-13
      2.439898e-13
      2.408373e-13
      2.388955e-13
      2.381103e-13
      2.384454e-13
      2.398799e-13
      2.424054e-13
      2.460235e-13
      2.507417e-13
      2.565690e-13
      2.635089e-13
      2.715483e-13
      2.806423e-13
      2.906918e-13
      3.015096e-13
      3.127740e-13
      3.239637e-13
      3.342764e-13
      3.425433e-13
      3.471783e-13
      3.462408e-13
      3.377126e-13
      3.200377e-13
      2.928251e-13
      2.574109e-13
      2.168982e-13
      1.754726e-13
      1.372049e-13
      1.049022e-13
      7.957089e-14
      6.067011e-14
      4.685633e-14
      3.671887e-14
      2.917223e-14
      2.349459e-14
      1.920301e-14
      1.594084e-14
      1.343231e-14
      1.147338e-14
      9.921960e-15
      8.679975e-15
      7.676592e-15
      6.858540e-15
      6.185625e-15
      5.627799e-15
      5.162488e-15
      4.772429e-15
      4.444217e-15
      4.167356e-15
      3.933612e-15
      3.736526e-15
      3.570975e-15
      3.432796e-15
      3.318557e-15
      3.225485e-15
      3.151477e-15
      3.095011e-15
      3.054951e-15
      3.030366e-15
      3.020469e-15
      3.024687e-15
      3.042740e-15
      3.074627e-15
      3.120501e-15
      3.180490e-15
      3.254582e-15
      3.342634e-15
      3.444429e-15
      3.559563e-15
      3.687000e-15
      3.824422e-15
      3.967570e-15
      4.109615e-15
      4.240358e-15
      4.345177e-15
      4.404198e-15
      4.392834e-15
      4.285189e-15
      4.061069e-15
      3.715217e-15
      3.264759e-15
      2.749716e-15
      2.223921e-15
      1.739239e-15
      1.330761e-15
      1.010400e-15
      7.707961e-16
      5.950828e-16
      4.659163e-16
      3.699239e-16
      2.979565e-16
      2.436723e-16
      2.023814e-16
      1.705651e-16
      1.456829e-16
      1.259684e-16
      1.101956e-16
      9.747813e-17
      8.713191e-17
      7.861537e-17
      7.152316e-17
      6.557096e-17
      6.054582e-17
      5.627316e-17
      5.263559e-17
      4.958934e-17
      4.711649e-17
      4.515104e-17
      4.356793e-17
      4.224717e-17
      4.113470e-17
      4.023470e-17
      3.955325e-17
      3.906208e-17
      3.872039e-17
      3.852280e-17
      3.850973e-17
      3.872135e-17
      3.914712e-17
      3.972935e-17
      4.041463e-17
      4.119892e-17
      4.213347e-17
      4.329625e-17
      4.473909e-17
      4.643068e-17
      4.824719e-17
      5.004459e-17
      5.174897e-17
      5.334711e-17
      5.475747e-17
      5.571093e-17
      5.577481e-17
      5.451030e-17
      5.164662e-17
      4.718519e-17
      4.142273e-17
      3.490194e-17
      2.828993e-17
      2.220672e-17
      1.706560e-17
      1.299751e-17
      9.896433e-18
      7.556629e-18
      5.807371e-18
      4.552334e-18
      3.712843e-18
      3.170616e-18
      2.788194e-18
      2.473616e-18
      2.199589e-18
      1.957963e-18
      1.719340e-18
      1.450954e-18
      1.160771e-18
      9.056112e-19
      7.520880e-19
      7.291041e-19
      8.070954e-19
      9.108750e-19
      9.560193e-19
      8.912936e-19
      7.247299e-19
      5.177651e-19
      3.514740e-19
      2.848639e-19
      3.262778e-19
      4.310762e-19
      5.287034e-19
      5.672405e-19
      5.465988e-19
      5.123581e-19
      5.127538e-19
      5.562951e-19
      6.075285e-19
      6.218864e-19
      5.859373e-19
      5.276792e-19
      4.904021e-19
      4.984087e-19
      5.503313e-19
      6.409038e-19
      7.728088e-19
      9.350142e-19
      1.080055e-18
      1.145828e-18
      1.108418e-18
      1.004152e-18
      8.947380e-19
      8.187591e-19
      7.793921e-19
      7.625311e-19
      7.480950e-19
      7.071457e-19
      6.097077e-19
      4.503026e-19
      2.636753e-19
      1.085444e-19
      3.150837e-20
      3.772949e-20
      8.474731e-20
      1.060751e-19
      5.758784e-20
     -4.668212e-20
     -1.456026e-19
     -1.796115e-19
     -1.281155e-19
     -1.038267e-20
      1.296261e-19
      2.372888e-19
      2.707832e-19
      2.300705e-19
      1.563268e-19
      9.262643e-20
      5.222961e-20
      3.016865e-20
      2.656252e-20
      3.863670e-20
      4.363230e-20
      2.037822e-20
     -1.090791e-20
     -3.088860e-22
      6.482941e-20
      1.241161e-19
      9.742512e-20
     -3.012282e-20
     -1.902474e-19
     -2.958046e-19
     -3.118095e-19
     -2.658412e-19
     -2.045197e-19
     -1.497601e-19
     -9.421903e-20
     -3.097171e-20
      1.909555e-20
      1.358330e-20
     -7.558719e-20
     -2.321389e-19
     -4.011335e-19
     -5.246382e-19
     -5.732111e-19
     -5.457304e-19
     -4.441325e-19
     -2.573994e-19
      1.858028e-20
      3.388167e-19
      5.930468e-19
      6.528203e-19
      4.612786e-19
      9.181157e-20
     -2.855646e-19
     -5.111962e-19
     -5.278496e-19
     -3.876467e-19
     -1.882931e-19
     -8.712254e-21
      1.098316e-19
      1.498561e-19
      1.080530e-19
      3.174150e-21
     -1.178138e-19
     -1.967887e-19
     -1.984298e-19
     -1.316477e-19
     -3.967153e-20
      2.893735e-20
      4.324734e-20
     -2.306401e-21
     -8.892060e-20
     -1.805094e-19
     -2.400342e-19
     -2.489125e-19
     -2.139210e-19
     -1.557637e-19
     -9.219821e-20
     -3.269945e-20
      1.334438e-20
      2.992008e-20
      3.811840e-21
     -5.609362e-20
     -1.148563e-19
     -1.363950e-19
     -1.153150e-19
     -7.999542e-20
     -6.227414e-20
     -6.652497e-20
     -6.777209e-20
     -3.513957e-20
      4.212581e-20
      1.421885e-19
      2.178068e-19
      2.225738e-19
     -9.095093e-19
     -7.539566e-19
     -5.722052e-19
     -4.373558e-19
     -3.480386e-19
     -2.635682e-19
     -1.694304e-19
     -8.901880e-20
     -5.225696e-20
     -6.732437e-20
     -1.134440e-19
     -1.478930e-19
     -1.306471e-19
     -6.436253e-20
     -9.251225e-21
     -3.234502e-20
     -1.255096e-19
     -1.876702e-19
     -1.129342e-19
      9.582153e-20
      3.092109e-19
      3.742373e-19
      2.381600e-19
     -2.252656e-20
     -2.828206e-19
     -4.680588e-19
     -5.744222e-19
     -6.095683e-19
     -5.416459e-19
     -3.298871e-19
     -6.486068e-21
      2.934470e-19
      4.125424e-19
      3.024934e-19
      7.771548e-20
     -7.735033e-20
     -7.386150e-20
      2.516279e-21
     -1.625124e-20
     -2.106205e-19
     -5.025790e-19
     -7.425450e-19
     -8.338064e-19
     -7.589328e-19
     -5.254351e-19
     -1.474906e-19
      3.030501e-19
      6.708414e-19
      7.931798e-19
      6.228238e-19
      2.763932e-19
     -4.214848e-20
     -1.814826e-19
     -1.361238e-19
     -2.060846e-20
      5.001819e-20
      5.950675e-20
      7.083577e-20
      1.201165e-19
      1.620037e-19
      1.405511e-19
      9.032638e-20
      1.198862e-19
      2.776708e-19
      4.633980e-19
      5.078189e-19
      3.436878e-19
      8.083514e-20
     -9.289680e-20
     -7.813237e-20
      6.143213e-20
      1.695919e-19
      1.364485e-19
     -1.552852e-20
     -1.671756e-19
     -2.245690e-19
     -2.078343e-19
     -2.116445e-19
     -2.800889e-19
     -3.464637e-19
     -3.167355e-19
     -1.919711e-19
     -6.963721e-20
     -2.329024e-20
     -2.150320e-20
      1.299097e-20
      9.271091e-20
      1.450901e-19
      9.018783e-20
     -8.732356e-20
     -3.337866e-19
     -5.632671e-19
     -6.977584e-19
     -7.018665e-19
     -5.993884e-19
     -4.552382e-19
     -3.394845e-19
     -3.051641e-19
     -3.719169e-19
     -4.931418e-19
     -5.480433e-19
     -4.307251e-19
     -1.955641e-19
     -8.323214e-20
     -3.256503e-19
     -8.890044e-19
     -1.441969e-18
     -1.624252e-18
     -1.358373e-18
     -8.922460e-19
     -5.513882e-19
     -4.741416e-19
     -5.769448e-19
     -7.198345e-19
     -8.504974e-19
     -9.864368e-19
     -1.107395e-18
     -1.116327e-18
     -9.190634e-19
     -5.305011e-19
     -9.822832e-20
      1.751989e-19
      1.513004e-19
     -1.578528e-19
     -5.872098e-19
     -9.118122e-19
     -9.853080e-19
     -8.266383e-19
     -5.863866e-19
     -4.234961e-19
     -3.988356e-19
     -4.654568e-19
     -5.395082e-19
     -5.759484e-19
     -5.967677e-19
     -6.706429e-19
     -8.623546e-19
     -1.175959e-18
     -1.535634e-18
     -1.840319e-18
     -2.056963e-18
     -2.256786e-18
     -2.550277e-18
     -2.998225e-18
     -3.610740e-18
     -4.434724e-18
     -5.610431e-18
     -7.314432e-18
     -9.664222e-18
     -1.272407e-17
     -1.660890e-17
     -2.150654e-17
     -2.749061e-17
     -3.425726e-17
     -4.106884e-17
     -4.701879e-17
     -5.143023e-17
     -5.410210e-17
     -5.528006e-17
     -5.543296e-17
     -5.498743e-17
     -5.415181e-17
     -5.291693e-17
     -5.122758e-17
     -4.917955e-17
     -4.705905e-17
     -4.519326e-17
     -4.376641e-17
     -4.275573e-17
     -4.199274e-17
     -4.127138e-17
     -4.045512e-17
     -3.955486e-17
     -3.872818e-17
     -3.818748e-17
     -3.808233e-17
     -3.842557e-17
     -3.908126e-17
     -3.982970e-17
     -4.051868e-17
     -4.120559e-17
     -4.212724e-17
     -4.349105e-17
     -4.530813e-17
     -4.745562e-17
     -4.987990e-17
     -5.270009e-17
     -5.612242e-17
     -6.030379e-17
     -6.532906e-17
     -7.130370e-17
     -7.843374e-17
     -8.701426e-17
     -9.739085e-17
     -1.099992e-16
     -1.254812e-16
     -1.447895e-16
     -1.692581e-16
     -2.007174e-16
     -2.416893e-16
     -2.955868e-16
     -3.669467e-16
     -4.620132e-16
     -5.899765e-16
     -7.643291e-16
     -1.002478e-15
     -1.321333e-15
     -1.728525e-15
     -2.212771e-15
     -2.739668e-15
     -3.257565e-15
     -3.712140e-15
     -4.062480e-15
     -4.290667e-15
     -4.401531e-15
     -4.415145e-15
     -4.357439e-15
     -4.253147e-15
     -4.122400e-15
     -3.980100e-15
     -3.836601e-15
     -3.698714e-15
     -3.570634e-15
     -3.454743e-15
     -3.352273e-15
     -3.263774e-15
     -3.189376e-15
     -3.128955e-15
     -3.082333e-15
     -3.049488e-15
     -3.030588e-15
     -3.025837e-15
     -3.035378e-15
     -3.059512e-15
     -3.098966e-15
     -3.154883e-15
     -3.228562e-15
     -3.321417e-15
     -3.435300e-15
     -3.572849e-15
     -3.737548e-15
     -3.933653e-15
     -4.166305e-15
     -4.441904e-15
     -4.768601e-15
     -5.156802e-15
     -5.619797e-15
     -6.174672e-15
     -6.843782e-15
     -7.656905e-15
     -8.653833e-15
     -9.887276e-15
     -1.142752e-14
     -1.337205e-14
     -1.586143e-14
     -1.909581e-14
     -2.334490e-14
     -2.896013e-14
     -3.642345e-14
     -4.645963e-14
     -6.015740e-14
     -7.893090e-14
     -1.041358e-13
     -1.363441e-13
     -1.745965e-13
     -2.161275e-13
     -2.568746e-13
     -2.926159e-13
     -3.201843e-13
     -3.381805e-13
     -3.469571e-13
     -3.480608e-13
     -3.435200e-13
     -3.352924e-13
     -3.249803e-13
     -3.137656e-13
     -3.024600e-13
     -2.915921e-13
     -2.814886e-13
     -2.723397e-13
     -2.642465e-13
     -2.572547e-13
     -2.513774e-13
     -2.466118e-13
     -2.429491e-13
     -2.403813e-13
     -2.389066e-13
     -2.385325e-13
     -2.392795e-13
     -2.411836e-13
     -2.442986e-13
     -2.486991e-13
     -2.544843e-13
     -2.617829e-13
     -2.707586e-13
     -2.816182e-13
     -2.946207e-13
     -3.100903e-13
     -3.284325e-13
     -3.501584e-13
     -3.759148e-13
     -4.065234e-13
     -4.430299e-13
     -4.867806e-13
     -5.395495e-13
     -6.037061e-13
     -6.823843e-13
     -7.796696e-13
     -9.010150e-13
     -1.054172e-12
     -1.250534e-12
     -1.506154e-12
     -1.841913e-12
     -2.284247e-12
     -2.869948e-12
     -3.656700e-12
     -4.733294e-12
     -6.214733e-12
     -8.208703e-12
     -1.075682e-11
     -1.377786e-11
     -1.705042e-11
     -2.025553e-11
     -2.306502e-11
     -2.523342e-11
     -2.665167e-11
     -2.734602e-11
     -2.743607e-11
     -2.708026e-11
     -2.643264e-11
     -2.561992e-11
     -2.473571e-11
     -2.384428e-11
     -2.298736e-11
     -2.219075e-11
     -2.146941e-11
     -2.083131e-11
     -2.028006e-11
     -1.981670e-11
     -1.944101e-11
     -1.915227e-11
     -1.894984e-11
     -1.883358e-11
     -1.880410e-11
     -1.886301e-11
     -1.901313e-11
     -1.925868e-11
     -1.960557e-11
     -2.006163e-11
     -2.063701e-11
     -2.134463e-11
     -2.220079e-11
     -2.322590e-11
     -2.444547e-11
     -2.589148e-11
     -2.760434e-11
     -2.963524e-11
     -3.204882e-11
     -3.492690e-11
     -3.837546e-11
     -4.253602e-11
     -4.759802e-11
     -5.380745e-11
     -6.147866e-11
     -7.103491e-11
     -8.309804e-11
     -9.859679e-11
     -1.188133e-10
     -1.453465e-10
     -1.801702e-10
     -2.261044e-10
     -2.877713e-10
     -3.724169e-10
     -4.893599e-10
     -6.471121e-10
     -8.486687e-10
     -1.087218e-09
     -1.345076e-09
     -1.597208e-09
     -1.818080e-09
     -1.988648e-09
     -2.100409e-09
     -2.155326e-09
     -2.162657e-09
     -2.134778e-09
     -2.083806e-09
     -2.019756e-09
     -1.950041e-09
     -1.879750e-09
     -1.812183e-09
     -1.749372e-09
     -1.692499e-09
     -1.642191e-09
     -1.598730e-09
     -1.562200e-09
     -1.532582e-09
     -1.509819e-09
     -1.493861e-09
     -1.484696e-09
     -1.482372e-09
     -1.487016e-09
     -1.498850e-09
     -1.518209e-09
     -1.545556e-09
     -1.581510e-09
     -1.626870e-09
     -1.682657e-09
     -1.750155e-09
     -1.830973e-09
     -1.927116e-09
     -2.041111e-09
     -2.176161e-09
     -2.336314e-09
     -2.526624e-09
     -2.753478e-09
     -3.025269e-09
     -3.353379e-09
     -3.752931e-09
     -4.243017e-09
     -4.847609e-09
     -5.599755e-09
     -6.549945e-09
     -7.774130e-09
     -9.374002e-09
     -1.147059e-08
     -1.421040e-08
     -1.781082e-08
     -2.264428e-08
     -2.930187e-08
     -3.853594e-08
     -5.101666e-08
     -6.695727e-08
     -8.579080e-08
     -1.061076e-07
     -1.259431e-07
     -1.433093e-07
     -1.567272e-07
     -1.655335e-07
     -1.698759e-07
     -1.704716e-07
     -1.682873e-07
     -1.642758e-07
     -1.592282e-07
     -1.537317e-07
     -1.481891e-07
     -1.428614e-07
     -1.379090e-07
     -1.334249e-07
     -1.294585e-07
     -1.260321e-07
     -1.231522e-07
     -1.208172e-07
     -1.190226e-07
     -1.177646e-07
     -1.170420e-07
     -1.168588e-07
     -1.172250e-07
     -1.181580e-07
     -1.196842e-07
     -1.218401e-07
     -1.246744e-07
     -1.282504e-07
     -1.326486e-07
     -1.379702e-07
     -1.443414e-07
     -1.519203e-07
     -1.609069e-07
     -1.715559e-07
     -1.841848e-07
     -1.991861e-07
     -2.170580e-07
     -2.384702e-07
     -2.643397e-07
     -2.958593e-07
     -3.344820e-07
     -3.820157e-07
     -4.410538e-07
     -5.157051e-07
     -6.121074e-07
     -7.381434e-07
     -9.027302e-07
     -1.116544e-06
     -1.396234e-06
     -1.771461e-06
     -2.289444e-06
     -3.009209e-06
     -3.981474e-06
     -5.219583e-06
     -6.675949e-06
     -8.239183e-06
     -9.757433e-06
     -1.107903e-05
     -1.209228e-05
     -1.274792e-05
     -1.305832e-05
     -1.307919e-05
     -1.288526e-05
     -1.255021e-05
     -1.213521e-05
     -1.168554e-05
     -1.123206e-05
     -1.079454e-05
     -1.038490e-05
     -1.000983e-05
     -9.672597e-06
     -9.374369e-06
     -9.115042e-06
     -8.893828e-06
     -8.709633e-06
     -8.561305e-06
     -8.447792e-06
     -8.368251e-06
     -8.322121e-06
     -8.309174e-06
     -8.329558e-06
     -8.383845e-06
     -8.473076e-06
     -8.598823e-06
     -8.763260e-06
     -8.969236e-06
     -9.220395e-06
     -9.521377e-06
     -9.878070e-06
     -1.029783e-05
     -1.078965e-05
     -1.136451e-05
     -1.203639e-05
     -1.282391e-05
     -1.375145e-05
     -1.484896e-05
     -1.615163e-05
     -1.770395e-05
     -1.957131e-05
     -2.185407e-05
     -2.469108e-05
     -2.824555e-05
     -3.269157e-05
     -3.824385e-05
     -4.525789e-05
     -5.435802e-05
     -6.646876e-05
     -8.261424e-05
     -1.034642e-04
     -1.287944e-04
     -1.571565e-04
     -1.860024e-04
     -2.122792e-04
     -2.332531e-04
     -2.472025e-04
     -2.537107e-04
     -2.535121e-04
     -2.480510e-04
     -2.389867e-04
     -2.278250e-04
     -2.157370e-04
     -2.035337e-04
     -1.917252e-04
     -1.806032e-04
     -1.703140e-04
     -1.609124e-04
     -1.523982e-04
     -1.447391e-04
     -1.378866e-04
     -1.317849e-04
     -1.263774e-04
     -1.216093e-04
     -1.174303e-04
     -1.137950e-04
     -1.106636e-04
     -1.080021e-04
     -1.057819e-04
     -1.039799e-04
     -1.025784e-04
     -1.015648e-04
     -1.009319e-04
     -1.006777e-04
     -1.008060e-04
     -1.013268e-04
     -1.022572e-04
     -1.036216e-04
     -1.054526e-04
     -1.077926e-04
     -1.106992e-04
     -1.142504e-04
     -1.185463e-04
     -1.237054e-04
     -1.298667e-04
     -1.372140e-04
     -1.460241e-04
     -1.567054e-04
     -1.697800e-04
     -1.858106e-04
     -2.053752e-04
     -2.292363e-04
     -2.587315e-04
     -2.961358e-04
     -3.445284e-04
     -4.068054e-04
     -4.839767e-04
     -5.735057e-04
     -6.686943e-04
     -7.597272e-04
     -8.361275e-04
     -8.895989e-04
     -9.160453e-04
     -9.160415e-04
     -8.938353e-04
     -8.555686e-04
     -8.075404e-04
     -7.550508e-04
     -7.019457e-04
     -6.506807e-04
     -6.026315e-04
     -5.584398e-04
     -5.182921e-04
     -4.821117e-04
     -4.496803e-04
     -4.207126e-04
     -3.949003e-04
     -3.719389e-04
     -3.515412e-04
     -3.334446e-04
     -3.174134e-04
     -3.032395e-04
     -2.907405e-04
     -2.797584e-04
     -2.701575e-04
     -2.618225e-04
     -2.546563e-04
     -2.485790e-04
     -2.435263e-04
     -2.394483e-04
     -2.363096e-04
     -2.340892e-04
     -2.327803e-04
     -2.323901e-04
     -2.329399e-04
     -2.344693e-04
     -2.370429e-04
     -2.407552e-04
     -2.457280e-04
     -2.521043e-04
     -2.600575e-04
     -2.698335e-04
     -2.818134e-04
     -2.965393e-04
     -3.146546e-04
     -3.368009e-04
     -3.636281e-04
     -3.960797e-04
     -4.358931e-04
     -4.859172e-04
     -5.496790e-04
     -6.299103e-04
     -7.264262e-04
     -8.344038e-04
     -9.442046e-04
     -1.043217e-03
     -1.119136e-03
     -1.163297e-03
     -1.172692e-03
     -1.150001e-03
     -1.101962e-03
     -1.037012e-03
     -9.632032e-04
     -8.869361e-04
     -8.125834e-04
     -7.427155e-04
     -6.785773e-04
     -6.205609e-04
     -5.685654e-04
     -5.222320e-04
     -4.810843e-04
     -4.446095e-04
     -4.123035e-04
     -3.836946e-04
     -3.583543e-04
     -3.359007e-04
     -3.159976e-04
     -2.983515e-04
     -2.827077e-04
     -2.688464e-04
     -2.565781e-04
     -2.457407e-04
     -2.361956e-04
     -2.278252e-04
     -2.205304e-04
     -2.142287e-04
     -2.088528e-04
     -2.043494e-04
     -2.006782e-04
     -1.978106e-04
     -1.957300e-04
     -1.944336e-04
     -1.939353e-04
     -1.942658e-04
     -1.954687e-04
     -1.975986e-04
     -2.007304e-04
     -2.049850e-04
     -2.105525e-04
     -2.176869e-04
     -2.266601e-04
     -2.377172e-04
     -2.511171e-04
     -2.672998e-04
     -2.870987e-04
     -3.117728e-04
     -3.426333e-04
     -3.802419e-04
     -4.234876e-04
     -4.690624e-04
     -5.117705e-04
     -5.457057e-04
     -5.658642e-04
     -5.695113e-04
     -5.567559e-04
     -5.301908e-04
     -4.938832e-04
     -4.522064e-04
     -4.089373e-04
     -3.668115e-04
     -3.274901e-04
     -2.917718e-04
     -2.598741e-04
     -2.316784e-04
     -2.068994e-04
     -1.851868e-04
     -1.661803e-04
     -1.495373e-04
     -1.349454e-04
     -1.221269e-04
     -1.108392e-04
     -1.008719e-04
     -9.204391e-05
     -8.419961e-05
     -7.720553e-05
     -7.094703e-05
     -6.532547e-05
     -6.025569e-05
     -5.566381e-05
     -5.148545e-05
     -4.766413e-05
     -4.414983e-05
     -4.089754e-05
     -3.786601e-05
     -3.501691e-05
     -3.231455e-05
     -2.972503e-05
     -2.721395e-05
     -2.474287e-05
     -2.226737e-05
     -1.973942e-05
     -1.711168e-05
     -1.433485e-05
     -1.133946e-05
     -8.007784e-06
     -4.159749e-06
      4.238111e-07
      5.952139e-06
      1.261202e-05
      2.066740e-05
      3.067883e-05
      4.372152e-05
      6.138604e-05
      8.539222e-05
      1.168540e-04
      1.554873e-04
      1.991758e-04
      2.441893e-04
      2.860352e-04
      3.206069e-04
      3.451627e-04
      3.587827e-04
      3.622304e-04
      3.573960e-04
      3.466177e-04
      3.321283e-04
      3.157414e-04
      2.987627e-04
      2.820444e-04
      2.660954e-04
      2.511900e-04
      2.374526e-04
      2.249157e-04
      2.135571e-04
      2.033243e-04
      1.941494e-04
      1.859591e-04
      1.786804e-04
      1.722443e-04
      1.665874e-04
      1.616532e-04
      1.573923e-04
      1.537624e-04
      1.507288e-04
      1.482635e-04
      1.463458e-04
      1.449612e-04
      1.441028e-04
      1.437718e-04
      1.439780e-04
      1.447385e-04
      1.460781e-04
      1.480310e-04
      1.506493e-04
      1.540096e-04
      1.582123e-04
      1.633692e-04
      1.695971e-04
      1.770427e-04
      1.859479e-04
      1.967118e-04
      2.098806e-04
      2.260362e-04
      2.456778e-04
      2.692893e-04
      2.977241e-04
      3.327782e-04
      3.775029e-04
      4.357243e-04
      5.105676e-04
      6.024202e-04
      7.073041e-04
      8.166547e-04
      9.188981e-04
      1.002327e-03
      1.058122e-03
      1.082319e-03
      1.076125e-03
      1.044725e-03
      9.953205e-04
      9.352291e-04
      8.706005e-04
      8.058879e-04
      7.439045e-04
      6.861786e-04
      6.333667e-04
      5.855948e-04
      5.426941e-04
      5.043464e-04
      4.701695e-04
      4.397661e-04
      4.127511e-04
      3.887666e-04
      3.674879e-04
      3.486256e-04
      3.319249e-04
      3.171634e-04
      3.041483e-04
      2.927140e-04
      2.827190e-04
      2.740439e-04
      2.665884e-04
      2.602702e-04
      2.550243e-04
      2.508020e-04
      2.475700e-04
      2.453082e-04
      2.440090e-04
      2.436814e-04
      2.443587e-04
      2.461027e-04
      2.489971e-04
      2.531339e-04
      2.586136e-04
      2.655822e-04
      2.742989e-04
      2.851784e-04
      2.987456e-04
      3.155070e-04
      3.358614e-04
      3.602346e-04
      3.895029e-04
      4.254962e-04
      4.711137e-04
      5.296158e-04
      6.030580e-04
      6.904365e-04
      7.865013e-04
      8.820489e-04
      9.658407e-04
      1.027474e-03
      1.060058e-03
      1.061664e-03
      1.035169e-03
      9.867912e-04
      9.240973e-04
      8.542472e-04
      7.829175e-04
      7.139669e-04
      6.496241e-04
      5.909112e-04
      5.380777e-04
      4.909377e-04
      4.490894e-04
      4.120439e-04
      3.792952e-04
      3.503567e-04
      3.247793e-04
      3.021593e-04
      2.821390e-04
      2.644057e-04
      2.486875e-04
      2.347490e-04
      2.223876e-04
      2.114291e-04
      2.017241e-04
      1.931449e-04
      1.855826e-04
      1.789451e-04
      1.731551e-04
      1.681488e-04
      1.638743e-04
      1.602895e-04
      1.573621e-04
      1.550710e-04
      1.534086e-04
      1.523798e-04
      1.519979e-04
      1.522796e-04
      1.532492e-04
      1.549568e-04
      1.575008e-04
      1.610318e-04
      1.657215e-04
      1.717128e-04
      1.791068e-04
      1.880425e-04
      1.988603e-04
      2.122409e-04
      2.291496e-04
      2.504756e-04
      2.764324e-04
      3.059775e-04
      3.365888e-04
      3.646078e-04
      3.860929e-04
      3.978633e-04
      3.983185e-04
      3.877305e-04
      3.679628e-04
      3.418040e-04
      3.122166e-04
      2.817555e-04
      2.522739e-04
      2.248939e-04
      2.001432e-04
      1.781450e-04
      1.587894e-04
      1.418541e-04
      1.270777e-04
      1.141975e-04
      1.029678e-04
      9.316703e-05
      8.459983e-05
      7.709651e-05
      7.051094e-05
      6.471800e-05
      5.961093e-05
      5.509871e-05
      5.110383e-05
      4.756024e-05
      4.441160e-05
      4.160982e-05
      3.911380e-05
      3.688841e-05
      3.490362e-05
      3.313371e-05
      3.155668e-05
      3.015367e-05
      2.890869e-05
      2.780839e-05
      2.684186e-05
      2.600011e-05
      2.527557e-05
      2.466186e-05
      2.415448e-05
      2.375202e-05
      2.345667e-05
      2.327283e-05
      2.320385e-05
      2.324969e-05
      2.340915e-05
      2.368765e-05
      2.410588e-05
      2.470005e-05
      2.550525e-05
      2.652290e-05
      2.768537e-05
      2.883821e-05
      2.975628e-05
      3.019455e-05
      2.995600e-05
      2.894969e-05
      2.721534e-05
      2.490715e-05
      2.224682e-05
      1.946656e-05
      1.676250e-05
      1.426987e-05
      1.206035e-05
      1.015435e-05
      8.538777e-06
      7.183390e-06
      6.052230e-06
      5.110139e-06
      4.325624e-06
      3.671664e-06
      3.125571e-06
      2.668517e-06
      2.284984e-06
      1.962237e-06
      1.689844e-06
      1.459267e-06
      1.263508e-06
      1.096826e-06
      9.544954e-07
      8.326211e-07
      7.279817e-07
      6.379058e-07
      5.601714e-07
      4.929248e-07
      4.346149e-07
      3.839400e-07
      3.398047e-07
      3.012842e-07
      2.675961e-07
      2.380762e-07
      2.121592e-07
      1.893626e-07
      1.692736e-07
      1.515383e-07
      1.358532e-07
      1.219565e-07
      1.096206e-07
      9.864501e-08
      8.885333e-08
      8.009152e-08
      7.222760e-08
      6.514768e-08
      5.874638e-08
      5.291315e-08
      4.752185e-08
      4.243265e-08
      3.751095e-08
      3.265893e-08
      2.784627e-08
      2.312450e-08
      1.861524e-08
      1.447490e-08
      1.084899e-08
      7.833173e-09
      5.453755e-09
      3.670686e-09
      2.397215e-09
      1.525739e-09
      9.503788e-10
      5.811464e-10
      3.492411e-10
      2.060187e-10
      1.189114e-10
      6.682949e-11
      3.634360e-11
      1.897178e-11
      9.399668e-12
      4.342466e-12
      1.811448e-12
      6.349116e-13
      1.453432e-13
     -2.181597e-14
     -5.476004e-14
     -4.307006e-14
     -2.420772e-14
     -1.032289e-14
     -2.872546e-15
      8.067498e-17
      7.308727e-16
      5.475323e-16
      2.464626e-16
      5.715792e-17
     -1.455418e-17
     -2.296027e-17
     -1.238571e-17
     -3.141272e-18
      6.804325e-19
      1.102785e-18
      5.224614e-19
      7.341075e-20
     -6.778897e-20
     -5.269515e-20
     -1.424429e-20
      3.359298e-21
      4.558954e-21
      1.539549e-21
     -1.805487e-22
     -3.835967e-22
     -1.327609e-22
      1.771997e-23
      3.250851e-23
      9.415376e-24
     -2.519206e-24
     -2.660971e-24
     -4.685334e-25
      3.266152e-25
      1.898785e-25
      3.830101e-28
     -3.352584e-26
     -9.575490e-27
      3.242853e-27
      2.491946e-27
      5.883521e-29
     -4.093361e-28
     -1.010242e-28
      4.706548e-29
      2.612960e-29
     -2.819522e-30
     -4.761086e-30
     -3.345721e-31
      7.126435e-31
      1.564036e-31
     -9.174318e-32
     -3.591026e-32
      1.021997e-32
      6.612793e-33
     -9.513982e-34
     -1.087983e-33
      6.358480e-35
      1.676709e-34
     -2.865221e-37
     -2.487510e-35
     -8.614021e-37
      3.615180e-36
      1.908788e-37
     -5.200276e-37
     -2.760356e-38
      7.430826e-38
      2.652502e-39
     -1.051741e-38
     -1.483164e-41
      1.461090e-39
     -7.162379e-41
     -1.961832e-40
      2.284113e-41
      2.487256e-41
     -5.129662e-42
     -2.865467e-42
      9.638580e-43
      2.769989e-43
     -1.581793e-43
     -1.707473e-44
      2.275481e-44
     -8.846938e-46
     -2.797577e-45
      5.339418e-46
      2.713269e-46
     -1.121796e-46
     -1.482163e-47
      1.667125e-47
     -1.254809e-48
     -1.819347e-48
      5.172352e-49
      1.158492e-49
     -8.760044e-50
      5.217545e-51
      9.366038e-51
     -2.804854e-51
     -4.448794e-52
      4.417678e-52
     -5.889236e-53
     -3.661399e-53
      1.656630e-53
     -2.355983e-55
     -1.849271e-54
      5.509191e-55
      5.219437e-56
     -7.814835e-56
      1.764058e-56
      3.389507e-57
     -3.041297e-57
      5.921367e-58
      1.455522e-58
     -1.136341e-58
      2.221717e-59
      4.846019e-60
     -4.108254e-60
      9.263201e-61
      1.111411e-61
     -1.401137e-61
      3.996440e-62
     -8.519978e-65
     -4.204774e-63
      1.633662e-63
     -1.982383e-64
     -9.212717e-65
      5.770079e-65
     -1.397015e-65
     -1.856242e-67
      1.512113e-66
     -6.207401e-67
      1.118990e-67
      1.440649e-68
     -1.759821e-68
      6.353682e-69
     -1.088763e-69
     -1.388497e-70
      1.714345e-70
     -6.565467e-71
      1.387453e-71
     -1.385873e-73
     -1.283710e-72
      6.320353e-73
     -1.837572e-73
      2.959815e-74
      2.883181e-75
     -4.258185e-75
      1.877087e-75
     -5.548653e-76
      1.090107e-76
     -4.675748e-78
     -7.691524e-78
      4.486804e-78
     -1.675724e-78
      4.862375e-79
     -1.095946e-79
      1.546531e-80
      1.428423e-81
     -2.180475e-81
      1.085467e-81
     -4.141190e-82
      1.375224e-82
     -4.163600e-83
      1.175715e-83
     -3.137723e-84
      7.982010e-85
     -1.947021e-85
      4.573807e-86
     -1.038187e-86
      2.282968e-87
     -4.873806e-88
      1.011896e-88
     -2.046139e-89
      4.034603e-90
     -7.765872e-91
      1.460484e-91
     -2.685718e-92
      4.832532e-93
     -8.513212e-94
      1.469040e-94
     -2.484161e-95
      4.117975e-96
     -6.693717e-97
      1.067140e-97
     -1.668797e-98
      2.559983e-99
    -3.852175e-100
     5.685238e-101
    -8.227141e-102
     1.166872e-102
    -1.621069e-103
     2.203934e-104
    -2.928685e-105
     3.797153e-106
    -4.791336e-107
     5.862068e-108
    -6.914492e-109
     7.790252e-110
    -8.246592e-111
     7.932977e-112
    -6.366300e-113
     2.906291e-114
     3.266738e-115
    -1.316917e-115
     2.802337e-116
    -4.925589e-117
     7.848143e-118
    -1.174700e-118
     1.680956e-119
    -2.322654e-120
     3.118304e-121
    -4.084806e-122
     5.236281e-123
    -6.582843e-124
     8.129394e-125
    -9.874520e-126
     1.180958e-126
    -1.391805e-127
     1.617530e-128
    -1.854865e-129
     2.099799e-130
    -2.347679e-131
     2.593354e-132
    -2.831354e-133
     3.056097e-134
    -3.262113e-135
     3.444264e-136
    -3.597968e-137
     3.719384e-138
    -3.805572e-139
     3.854611e-140
    -3.865664e-141
     3.838991e-142
    -3.775913e-143
     3.678727e-144
    -3.550580e-145
     3.395313e-146
    -3.217281e-147
     3.021166e-148
    -2.811784e-149
     2.593908e-150
    -2.372106e-151
     2.150603e-152
    -1.933178e-153
     1.723081e-154
    -1.522992e-155
     1.335002e-156
    -1.160626e-157
     1.000832e-158
    -8.560897e-160
     7.264363e-161
    -6.115407e-162
     5.107772e-163
    -4.232957e-164
     3.480885e-165
    -2.840504e-166
     2.300314e-167
    -1.848799e-168
     1.474783e-169
    -1.167687e-170
     9.177155e-172
    -7.159722e-173
     5.545148e-174
    -4.263647e-175
     3.254783e-176
    -2.466929e-177
     1.856546e-178
    -1.387363e-179
     1.029507e-180
    -7.586531e-182
     5.552020e-183
    -4.035261e-184
     2.912887e-185
    -2.088456e-186
     1.487287e-187
    -1.052082e-188
     7.392764e-190
    -5.160407e-191
     3.578472e-192
    -2.465270e-193
     1.687333e-194
    -1.147420e-195
     7.752562e-197
    -5.204571e-198
     3.471816e-199
    -2.301313e-200
     1.515852e-201
    -9.922353e-203
     6.454517e-204
    -4.172711e-205
     2.680973e-206
    -1.711985e-207
     1.086562e-208
    -6.854403e-210
     4.297923e-211
    -2.678765e-212
     1.659628e-213
    -1.022114e-214
     6.257682e-216
    -3.808601e-217
     2.304452e-218
    -1.386219e-219
     8.290309e-221
    -4.929417e-222
     2.914192e-223
    -1.712972e-224
     1.001159e-225
    -5.818190e-227
     3.362141e-228
    -1.931960e-229
     1.103940e-230
    -6.272904e-232
     3.544689e-233
    -1.991978e-234
     1.113264e-235
    -6.187704e-237
     3.420490e-238
    -1.880550e-239
     1.028321e-240
    -5.592810e-242
     3.025508e-243
    -1.627958e-244
     8.713123e-246
    -4.638738e-247
     2.456577e-248
    -1.294120e-249
     6.781748e-251
    -3.535414e-252
     1.833493e-253
    -9.459485e-255
     4.855271e-256
    -2.479282e-257
     1.259543e-258
    -6.366247e-260
     3.201440e-261
    -1.601794e-262
     7.973992e-264
    -3.949668e-265
     1.946565e-266
    -9.545722e-268
     4.657874e-269
    -2.261588e-270
     1.092682e-271
    -5.253344e-273
     2.513317e-274
    -1.196563e-275
     5.669013e-277
    -2.672826e-278
     1.254100e-279
    -5.855968e-281
     2.721307e-282
    -1.258565e-283
     5.792948e-285
    -2.653728e-286
     1.209908e-287
    -5.490280e-289
     2.479643e-290
    -1.114661e-291
     4.987258e-293
    -2.221021e-294
     9.845132e-296
    -4.343849e-297
     1.907737e-298
    -8.339857e-300
     3.629120e-301
    -1.572000e-302
     6.778263e-304
    -2.909407e-305
     1.243130e-306
    -5.287626e-308
     2.238939e-309
    -9.437721e-311
     3.960415e-312
    -1.654506e-313
     6.881070e-315
    -2.849106e-316
     1.174442e-317
    -4.819759e-319
     1.970828e-320
    -8.003863e-322
     1.976263e-323
      0.000000e+00
      0.000000e+00
      0.000000e+00
      0.000000e+00
      0.000000e+00
      0.000000e+00
      0.000000e+00
      0.000000e+00
      0.000000e+00
      0.000000e+00
      0.000000e+00
      0.000000e+00
      0.000000e+00
      0.000000e+00
      0.000000e+00
      0.000000e+00
      0.000000e+00
      0.000000e+00
      0.000000e+00
      0.000000e+00
      0.000000e+00
      0.000000e+00
      0.000000e+00
      0.000000e+00
      0.000000e+00
      0.000000e+00
      0.000000e+00
      0.000000e+00
      0.000000e+00
      0.000000e+00
      0.000000e+00
      0.000000e+00
      0.000000e+00
      0.000000e+00
      0.000000e+00
      0.000000e+00
      0.000000e+00
      0.000000e+00
      0.000000e+00
      0.000000e+00
      0.000000e+00
      0.000000e+00
      0.000000e+00
      0.000000e+00
      0.000000e+00
      0.000000e+00
      0.000000e+00
      0.000000e+00
      0.000000e+00
      0.000000e+00
      0.000000e+00
      0.000000e+00
      0.000000e+00
      0.000000e+00
      0.000000e+00
      0.000000e+00
      0.000000e+00
      0.000000e+00
      0.000000e+00
      0.000000e+00
      0.000000e+00
      0.000000e+00
      0.000000e+00
      0.000000e+00
      0.000000e+00
      0.000000e+00
      0.000000e+00
      0.000000e+00
      0.000000e+00
      0.000000e+00
      0.000000e+00
      0.000000e+00
      0.000000e+00
      0.000000e+00
      0.000000e+00
      0.000000e+00
      0.000000e+00
      0.000000e+00
      0.000000e+00
      0.000000e+00
      0.000000e+00
      0.000000e+00
      0.000000e+00
      0.000000e+00
      0.000000e+00
      0.000000e+00
      0.000000e+00
      0.000000e+00
      0.000000e+00
      0.000000e+00
      0.000000e+00
      0.000000e+00
      0.000000e+00
      0.000000e+00
      0.000000e+00
      0.000000e+00
      0.000000e+00
      0.000000e+00
      0.000000e+00
      0.000000e+00
      0.000000e+00
      0.000000e+00
      0.000000e+00
      0.000000e+00
      0.000000e+00
      0.000000e+00
      0.000000e+00
      0.000000e+00
      0.000000e+00
      0.000000e+00
      0.000000e+00
      0.000000e+00
      0.000000e+00
      0.000000e+00
      0.000000e+00
      0.000000e+00
      0.000000e+00
      0.000000e+00
      0.000000e+00
      0.000000e+00
      0.000000e+00
      0.000000e+00
      0.000000e+00
      0.000000e+00
      0.000000e+00
      0.000000e+00
      0.000000e+00
      0.000000e+00
      0.000000e+00
      0.000000e+00
      0.000000e+00
      0.000000e+00
      0.000000e+00
      0.000000e+00
      0.000000e+00
      0.000000e+00
      0.000000e+00
      0.000000e+00
      0.000000e+00
      0.000000e+00
      0.000000e+00
      0.000000e+00
      0.000000e+00
      0.000000e+00
      0.000000e+00
      0.000000e+00
      0.000000e+00
      0.000000e+00
      0.000000e+00
      0.000000e+00
      0.000000e+00
      0.000000e+00
      0.000000e+00
      0.000000e+00
      0.000000e+00
      0.000000e+00
      0.000000e+00
      0.000000e+00
      0.000000e+00
      0.000000e+00
      0.000000e+00
      0.000000e+00
      0.000000e+00
      0.000000e+00
      0.000000e+00
      0.000000e+00
      0.000000e+00
      0.000000e+00
      0.000000e+00
      0.000000e+00
      0.000000e+00
      0.000000e+00
      0.000000e+00
      0.000000e+00
      0.000000e+00
      0.000000e+00
      0.000000e+00
      0.000000e+00
      0.000000e+00
      0.000000e+00
      0.000000e+00
      0.000000e+00
      0.000000e+00
      0.000000e+00
      0.000000e+00
      0.000000e+00
      0.000000e+00
      0.000000e+00
      0.000000e+00
      0.000000e+00
      0.000000e+00
      0.000000e+00
      0.000000e+00
      0.000000e+00
      0.000000e+00
      0.000000e+00
      0.000000e+00
      0.000000e+00
      0.000000e+00
      0.000000e+00
      0.000000e+00
      0.000000e+00
      0.000000e+00
      0.000000e+00
      0.000000e+00
      0.000000e+00
      0.000000e+00
      0.000000e+00
      0.000000e+00
      0.000000e+00
      0.000000e+00
      0.000000e+00
      0.000000e+00
      0.000000e+00
      0.000000e+00
      0.000000e+00
      0.000000e+00
      0.000000e+00
      0.000000e+00
      0.000000e+00
      0.000000e+00
      0.000000e+00
      0.000000e+00
      0.000000e+00
      0.000000e+00
      0.000000e+00
      0.000000e+00
      0.000000e+00
      0.000000e+00
      0.000000e+00
      0.000000e+00
      0.000000e+00
      0.000000e+00
      0.000000e+00
      0.000000e+00
      0.000000e+00
      0.000000e+00
      0.000000e+00
      0.000000e+00
      0.000000e+00
      0.000000e+00
      0.000000e+00
      0.000000e+00
      0.000000e+00
      0.000000e+00
      0.000000e+00
      0.000000e+00
      0.000000e+00
      0.000000e+00
      0.000000e+00
      0.000000e+00
      0.000000e+00
      0.000000e+00
      0.000000e+00
      0.000000e+00
      0.000000e+00
      0.000000e+00
      0.000000e+00
      0.000000e+00
      0.000000e+00
      0.000000e+00
      0.000000e+00
      0.000000e+00
      0.000000e+00
      0.000000e+00
      0.000000e+00
      0.000000e+00
      0.000000e+00
      0.000000e+00
      0.000000e+00
      0.000000e+00
      0.000000e+00
      0.000000e+00
      0.000000e+00
      0.000000e+00
      0.000000e+00
      0.000000e+00
      0.000000e+00
      0.000000e+00
      0.000000e+00
      0.000000e+00
      0.000000e+00
      0.000000e+00
      0.000000e+00
      0.000000e+00
      0.000000e+00
      0.000000e+00
      0.000000e+00
      0.000000e+00
      0.000000e+00
      0.000000e+00
      0.000000e+00
      0.000000e+00
      0.000000e+00
      0.000000e+00
      0.000000e+00
      0.000000e+00
      0.000000e+00
      0.000000e+00
      0.000000e+00
      0.000000e+00
      0.000000e+00
      0.000000e+00
      0.000000e+00
      0.000000e+00
      0.000000e+00
      0.000000e+00
      0.000000e+00
      0.000000e+00
      0.000000e+00
      0.000000e+00
      0.000000e+00
      0.000000e+00
      0.000000e+00
      0.000000e+00
      0.000000e+00
      0.000000e+00
      0.000000e+00
      0.000000e+00
      0.000000e+00
      0.000000e+00
      0.000000e+00
      0.000000e+00
      0.000000e+00
      0.000000e+00
      0.000000e+00
      0.000000e+00
      0.000000e+00
      0.000000e+00
      0.000000e+00
      0.000000e+00
      0.000000e+00
      0.000000e+00
      0.000000e+00
      0.000000e+00
      0.000000e+00
      0.000000e+00
      0.000000e+00
      0.000000e+00
      0.000000e+00
      0.000000e+00
      0.000000e+00
      0.000000e+00
      0.000000e+00
      0.000000e+00
      0.000000e+00
      0.000000e+00
      0.000000e+00
      0.000000e+00
      0.000000e+00
      0.000000e+00
      0.000000e+00
      0.000000e+00
      0.000000e+00
      0.000000e+00
      0.000000e+00
      0.000000e+00
      0.000000e+00
      0.000000e+00
      0.000000e+00
      0.000000e+00
      0.000000e+00
      0.000000e+00
      0.000000e+00
      0.000000e+00
      0.000000e+00
      0.000000e+00
      0.000000e+00
      0.000000e+00
      0.000000e+00
      0.000000e+00
      0.000000e+00
      0.000000e+00
      0.000000e+00
      0.000000e+00
      0.000000e+00
      0.000000e+00
      0.000000e+00
      0.000000e+00
      0.000000e+00
      0.000000e+00
      0.000000e+00
      0.000000e+00
      0.000000e+00
      0.000000e+00
      0.000000e+00
      0.000000e+00
      0.000000e+00
      0.000000e+00
      0.000000e+00
      0.000000e+00
      0.000000e+00
      0.000000e+00
      0.000000e+00
      0.000000e+00
      0.000000e+00
      0.000000e+00
      0.000000e+00
      0.000000e+00
      0.000000e+00
      0.000000e+00
      0.000000e+00
      0.000000e+00
      0.000000e+00
      0.000000e+00
      0.000000e+00
      0.000000e+00
      0.000000e+00
      0.000000e+00
      0.000000e+00
      0.000000e+00
      0.000000e+00
      0.000000e+00
      0.000000e+00
      0.000000e+00
      0.000000e+00
      0.000000e+00
      0.000000e+00
      0.000000e+00
      0.000000e+00
      0.000000e+00
      0.000000e+00
      0.000000e+00
      0.000000e+00
      0.000000e+00
      0.000000e+00
      0.000000e+00
      0.000000e+00
      0.000000e+00
      0.000000e+00
      0.000000e+00
      0.000000e+00
      0.000000e+00
      0.000000e+00
      0.000000e+00
      0.000000e+00
      0.000000e+00
      0.000000e+00
      0.000000e+00
      0.000000e+00
      0.000000e+00
      0.000000e+00
      0.000000e+00
      0.000000e+00
      0.000000e+00
      0.000000e+00
      0.000000e+00
      0.000000e+00
      0.000000e+00
      0.000000e+00
      0.000000e+00
      0.000000e+00
      0.000000e+00
      0.000000e+00
      0.000000e+00
      0.000000e+00
      0.000000e+00
      0.000000e+00
      0.000000e+00
      0.000000e+00
      0.000000e+00
      0.000000e+00
      0.000000e+00
      0.000000e+00
      0.000000e+00
      0.000000e+00
      0.000000e+00
      0.000000e+00
      0.000000e+00
      0.000000e+00
      0.000000e+00
      0.000000e+00
      0.000000e+00
      0.000000e+00
      0.000000e+00
      0.000000e+00
      0.000000e+00
      0.000000e+00
      0.000000e+00
      0.000000e+00
      0.000000e+00
      0.000000e+00
      0.000000e+00
      0.000000e+00
      0.000000e+00
      0.000000e+00
      0.000000e+00
      0.000000e+00
      0.000000e+00
      0.000000e+00
      0.000000e+00
      0.000000e+00
      0.000000e+00
      0.000000e+00
      0.000000e+00
      0.000000e+00
      0.000000e+00
      0.000000e+00
      0.000000e+00
      0.000000e+00
      0.000000e+00
      0.000000e+00
      0.000000e+00
      0.000000e+00
      0.000000e+00
      0.000000e+00
      0.000000e+00
      0.000000e+00
      0.000000e+00
      0.000000e+00
      0.000000e+00
      0.000000e+00
      0.000000e+00
      0.000000e+00
      0.000000e+00
      0.000000e+00
      0.000000e+00
      0.000000e+00
      0.000000e+00
      0.000000e+00
      0.000000e+00
      0.000000e+00
      0.000000e+00
      0.000000e+00
      0.000000e+00
      0.000000e+00
      0.000000e+00
      0.000000e+00
      0.000000e+00
      0.000000e+00
      0.000000e+00
      0.000000e+00
      0.000000e+00
      0.000000e+00
      0.000000e+00
      0.000000e+00
      0.000000e+00
      0.000000e+00
      0.000000e+00
      0.000000e+00
      0.000000e+00
      0.000000e+00
      0.000000e+00
      0.000000e+00
      0.000000e+00
      0.000000e+00
      0.000000e+00
      0.000000e+00
      0.000000e+00
      0.000000e+00
