      0.000000e+00
      0.000000e+00
      1.097258e-22
      3.281221e-22
     -7.301447e-23
     -1.325747e-21
     -2.475086e-21
     -1.846054e-21
      1.669342e-21
      8.311686e-21
      1.736944e-20
      2.519143e-20
      2.443810e-20
      1.038515e-20
     -1.046705e-20
     -2.366262e-20
     -2.255444e-20
     -1.589158e-20
     -1.474392e-20
     -1.672369e-20
     -9.793839e-21
      1.075189e-20
      3.365667e-20
      3.870088e-20
      1.344530e-20
     -3.143936e-20
     -6.603974e-20
     -6.854599e-20
     -4.752284e-20
     -3.110471e-20
     -3.642831e-20
     -5.336720e-20
     -5.570700e-20
     -2.737483e-20
      1.985186e-20
      5.580678e-20
      6.084845e-20
      4.319046e-20
      2.745863e-20
      3.085582e-20
      5.125630e-20
      6.997139e-20
      6.048100e-20
      7.476844e-21
     -6.576779e-20
     -1.001879e-19
     -5.785602e-20
      2.683286e-20
      7.794578e-20
      5.823500e-20
     -2.695768e-21
     -5.374218e-20
     -7.043270e-20
     -5.912009e-20
     -3.563135e-20
     -7.343744e-21
      3.003392e-20
      7.853626e-20
      1.199676e-19
      1.226474e-19
      7.901784e-20
      2.868259e-20
      1.873637e-20
      3.680514e-20
      1.558864e-20
     -7.377870e-20
     -1.610846e-19
     -1.501398e-19
     -4.299551e-20
      5.579465e-20
      6.879565e-20
      3.019293e-20
      1.201673e-20
      1.843350e-20
      7.938609e-21
     -2.168063e-20
     -3.942443e-20
     -4.259528e-20
     -4.407496e-20
     -2.416328e-20
      3.827898e-20
      1.106884e-19
      1.449326e-19
      1.459709e-19
      1.455696e-19
      1.361074e-19
      9.165597e-20
      3.528252e-20
      2.265398e-20
      5.865366e-20
      8.516466e-20
      6.762948e-20
      4.264130e-20
      4.898854e-20
      6.455485e-20
      5.698770e-20
      4.729663e-20
      4.820287e-20
      9.333052e-20
     -6.801274e-20
     -3.686364e-20
      2.018175e-18
     -1.320444e-17
      3.887275e-17
      1.406576e-17
     -6.158593e-16
      1.927498e-15
      2.521786e-15
     -2.909344e-14
      1.609067e-14
      3.106229e-13
     -2.872702e-13
     -3.303627e-12
      1.784737e-13
      3.321419e-11
      6.565714e-11
     -1.610504e-10
     -1.192215e-09
     -2.780991e-09
      1.120313e-09
      3.644188e-08
      1.774980e-07
      5.894536e-07
      1.572467e-06
      3.584345e-06
      7.218124e-06
      1.312420e-05
      2.188726e-05
      3.388568e-05
      4.916818e-05
      6.737724e-05
      8.773444e-05
      1.090850e-04
      1.299833e-04
      1.487963e-04
      1.638028e-04
      1.732819e-04
      1.755976e-04
      1.692942e-04
      1.532229e-04
      1.267071e-04
      8.974269e-05
      4.321230e-05
     -1.091743e-05
     -6.944988e-05
     -1.279048e-04
     -1.806182e-04
     -2.211187e-04
     -2.430175e-04
     -2.416961e-04
     -2.166915e-04
     -1.736216e-04
     -1.236374e-04
     -7.944311e-05
     -4.990280e-05
     -3.711237e-05
     -3.783893e-05
     -4.732029e-05
     -6.198504e-05
     -7.977522e-05
     -9.925539e-05
     -1.189766e-04
     -1.374067e-04
     -1.530350e-04
     -1.644171e-04
     -1.702158e-04
     -1.693057e-04
     -1.609151e-04
     -1.447426e-04
     -1.210167e-04
     -9.049261e-05
     -5.439425e-05
     -1.432346e-05
      2.783891e-05
      7.002038e-05
      1.100278e-04
      1.456133e-04
      1.745588e-04
      1.948033e-04
      2.046315e-04
      2.029283e-04
      1.894891e-04
      1.653555e-04
      1.331039e-04
      9.691106e-05
      6.206757e-05
      3.364437e-05
      1.463025e-05
      4.753218e-06
      1.131681e-06
      3.583146e-07
      2.585846e-07
      1.420707e-07
      3.156341e-08
     -5.418185e-09
     -1.383619e-09
      3.010197e-09
      1.415037e-09
     -1.321443e-10
     -1.249304e-10
      1.152663e-10
      9.338709e-11
      2.096072e-11
      7.002321e-12
      1.363431e-11
      1.313594e-11
      8.778715e-12
      6.041380e-12
      4.931505e-12
      4.173135e-12
      3.390987e-12
      2.711505e-12
      2.193736e-12
      1.782671e-12
      1.429749e-12
      1.122336e-12
      8.571782e-13
      6.290922e-13
      4.351530e-13
      2.766076e-13
      1.563262e-13
      7.522628e-14
      2.923777e-14
      8.779880e-15
      2.222274e-15
      7.622978e-16
      3.598002e-16
      1.129536e-16
      6.892946e-18
     -5.737637e-18
     -1.224261e-19
      7.547113e-19
      4.093152e-21
     -1.704103e-19
     -4.377863e-20
      5.045258e-20
      7.671982e-21
     -6.153703e-20
     -5.181893e-20
     -3.105641e-20
     -8.057300e-20
     -1.260369e-19
     -7.928662e-20
      4.315438e-21
      3.964415e-20
      2.216240e-20
      9.867577e-21
      3.861720e-20
      7.610365e-20
      8.051228e-20
      7.108992e-20
     -2.201650e-21
     -9.473230e-20
     -1.004888e-19
     -5.054061e-20
     -2.341342e-20
      7.924664e-21
      6.301308e-20
      1.146000e-19
      9.899147e-20
      5.862797e-20
      5.656417e-20
      4.895776e-20
     -1.098405e-20
     -6.778600e-22
      8.926265e-20
      2.779177e-20
     -1.818044e-19
     -1.418224e-19
      7.479770e-19
      2.740290e-18
      9.003307e-19
     -2.901690e-17
     -1.297565e-16
     -2.999487e-16
     -5.584826e-16
     -1.840874e-15
     -8.109727e-15
     -2.800108e-14
     -7.313214e-14
     -1.532714e-13
     -2.726389e-13
     -4.304012e-13
     -6.238891e-13
     -8.516313e-13
     -1.115102e-12
     -1.419473e-12
     -1.774043e-12
     -2.193588e-12
     -2.701199e-12
     -3.328798e-12
     -4.107619e-12
     -5.058056e-12
     -6.265055e-12
     -8.147098e-12
     -1.142001e-11
     -1.547773e-11
     -1.737214e-11
     -1.934344e-11
     -3.556871e-11
     -6.693650e-11
     -1.207294e-10
     -4.057334e-10
     -1.074069e-09
     -6.678656e-10
      2.445900e-09
     -2.967226e-09
     -5.105865e-08
     -1.558873e-07
     -2.436132e-07
     -3.207372e-07
     -1.148136e-06
     -5.053445e-06
     -1.580230e-05
     -3.695502e-05
     -6.975654e-05
     -1.123286e-04
     -1.606784e-04
     -2.104276e-04
     -2.580200e-04
     -3.010923e-04
     -3.383418e-04
     -3.692427e-04
     -3.937761e-04
     -4.122200e-04
     -4.250001e-04
     -4.325924e-04
     -4.354646e-04
     -4.340487e-04
     -4.287342e-04
     -4.198757e-04
     -4.078060e-04
     -3.928480e-04
     -3.753194e-04
     -3.555272e-04
     -3.337499e-04
     -3.102114e-04
     -2.850507e-04
     -2.582893e-04
     -2.297809e-04
     -1.991514e-04
     -1.657965e-04
     -1.289699e-04
     -8.773676e-05
     -4.042995e-05
      1.612952e-05
      8.630036e-05
      1.729993e-04
      2.739324e-04
      3.800018e-04
      4.780322e-04
      5.561115e-04
      6.076560e-04
      6.320266e-04
      6.326135e-04
      6.144792e-04
      5.827751e-04
      5.420120e-04
      4.958450e-04
      4.470958e-04
      3.978635e-04
      3.496573e-04
      3.035234e-04
      2.601565e-04
      2.199958e-04
      1.833016e-04
      1.502145e-04
      1.207954e-04
      9.504820e-05
      7.292739e-05
      5.433496e-05
      3.911233e-05
      2.703284e-05
      1.779973e-05
      1.105286e-05
      6.385102e-06
      3.366801e-06
      1.575046e-06
      6.237501e-07
      1.901788e-07
      3.280017e-08
     -4.695099e-09
     -5.181987e-09
     -1.220517e-09
      2.088143e-10
      1.742199e-10
      7.539523e-12
     -1.699974e-11
     -1.938778e-12
      1.612777e-12
      1.490429e-13
     -1.557061e-13
      2.952928e-15
      1.256202e-14
     -2.421798e-15
     -4.525684e-16
      2.812842e-16
     -4.306696e-17
     -5.804007e-18
      4.431500e-18
     -1.133239e-18
      1.595222e-19
     -3.539173e-21
     -4.981267e-21
      1.698903e-21
     -3.715124e-22
      6.462822e-23
     -9.584756e-24
      1.252908e-24
     -1.472074e-25
      1.574785e-26
     -1.548070e-27
      1.408104e-28
     -1.191465e-29
      9.418425e-31
     -6.979293e-32
      4.861561e-33
     -3.190215e-34
      1.975469e-35
     -1.155672e-36
      6.391338e-38
     -3.341595e-39
      1.650424e-40
     -7.686429e-42
      3.363885e-43
     -1.374898e-44
      5.189951e-46
     -1.770292e-47
      5.192039e-49
     -1.119951e-50
      2.332180e-53
      1.595296e-53
     -1.241303e-54
      6.871573e-56
     -3.255814e-57
      1.397281e-58
     -5.570188e-60
      2.090780e-61
     -7.450341e-63
      2.534169e-64
     -8.259383e-66
      2.586653e-67
     -7.800957e-69
      2.269452e-70
     -6.377679e-72
      1.733303e-73
     -4.560166e-75
      1.162371e-76
     -2.872653e-78
      6.887682e-80
     -1.603098e-81
      3.623798e-83
     -7.959422e-85
      1.699382e-86
     -3.528203e-88
      7.125519e-90
     -1.400277e-91
      2.678360e-93
     -4.987625e-95
      9.044655e-97
     -1.597565e-98
     2.749034e-100
    -4.609319e-102
     7.531854e-104
    -1.199616e-105
     1.862598e-107
    -2.819601e-109
     4.161967e-111
    -5.990970e-113
     8.410536e-115
    -1.151633e-116
     1.538156e-118
    -2.004054e-120
     2.547207e-122
    -3.158523e-124
     3.821061e-126
    -4.509986e-128
     5.193561e-130
    -5.835227e-132
     6.396652e-134
    -6.841424e-136
     7.138908e-138
    -7.267710e-140
     7.218206e-142
    -6.993725e-144
     6.610185e-146
    -6.094229e-148
     5.480179e-150
    -4.806272e-152
     4.110767e-154
    -3.428446e-156
     2.787963e-158
    -2.210259e-160
     1.708099e-162
    -1.286587e-164
     9.444102e-167
    -6.754780e-169
     4.706742e-171
    -3.194575e-173
      0.000000e+00
      0.000000e+00
