 3.39285714285714E-0004   0.00000000000000E+0000
 6.78571428571429E-0004   0.00000000000000E+0000
 1.01785714285714E-0003   0.00000000000000E+0000
 1.35714285714285E-0003   0.00000000000000E+0000
 1.69642857142857E-0003   0.00000000000000E+0000
 2.03571428571429E-0003   0.00000000000000E+0000
 2.37500000000000E-0003   0.00000000000000E+0000
 2.71428571428571E-0003   0.00000000000000E+0000
 3.05357142857143E-0003   0.00000000000000E+0000
 3.39285714285714E-0003   0.00000000000000E+0000
 3.73214285714286E-0003   0.00000000000000E+0000
 4.07142857142857E-0003   0.00000000000000E+0000
 4.41071428571429E-0003   0.00000000000000E+0000
 4.75000000000000E-0003   0.00000000000000E+0000
 5.08928571428571E-0003   0.00000000000000E+0000
 5.42857142857143E-0003   0.00000000000000E+0000
 5.76785714285714E-0003   0.00000000000000E+0000
 6.10714285714286E-0003   0.00000000000000E+0000
 6.44642857142857E-0003   0.00000000000000E+0000
 6.78571428571429E-0003   0.00000000000000E+0000
 7.12500000000000E-0003   0.00000000000000E+0000
 7.46428571428571E-0003   0.00000000000000E+0000
 7.80357142857143E-0003   0.00000000000000E+0000
 8.14285714285714E-0003   0.00000000000000E+0000
 8.48214285714286E-0003   0.00000000000000E+0000
 8.82142857142857E-0003   0.00000000000000E+0000
 9.16071428571429E-0003   0.00000000000000E+0000
 9.50000000000000E-0003   0.00000000000000E+0000
 9.83928571428571E-0003   0.00000000000000E+0000
 1.01785714285714E-0002   0.00000000000000E+0000
 1.05178571428571E-0002   0.00000000000000E+0000
 1.08571428571428E-0002   0.00000000000000E+0000
 1.11964285714285E-0002   0.00000000000000E+0000
 1.15357142857142E-0002   0.00000000000000E+0000
 1.18750000000000E-0002   0.00000000000000E+0000
 1.22142857142857E-0002   0.00000000000000E+0000
 1.25535714285714E-0002   0.00000000000000E+0000
 1.28928571428571E-0002   0.00000000000000E+0000
 1.32321428571428E-0002   0.00000000000000E+0000
 1.35714285714285E-0002   0.00000000000000E+0000
 1.39107142857142E-0002   0.00000000000000E+0000
 1.42500000000000E-0002   0.00000000000000E+0000
 1.45892857142857E-0002   0.00000000000000E+0000
 1.49285714285714E-0002   0.00000000000000E+0000
 1.52678571428571E-0002   0.00000000000000E+0000
 1.56071428571428E-0002   0.00000000000000E+0000
 1.59464285714286E-0002   0.00000000000000E+0000
 1.62857142857143E-0002   0.00000000000000E+0000
 1.66250000000000E-0002   0.00000000000000E+0000
 1.69642857142857E-0002   0.00000000000000E+0000
 1.73035714285714E-0002   0.00000000000000E+0000
 1.76428571428571E-0002   0.00000000000000E+0000
 1.79821428571429E-0002   0.00000000000000E+0000
 1.83214285714286E-0002   0.00000000000000E+0000
 1.86607142857143E-0002   0.00000000000000E+0000
 1.90000000000000E-0002   0.00000000000000E+0000
 1.93392857142857E-0002   0.00000000000000E+0000
 1.96785714285714E-0002   0.00000000000000E+0000
 2.00178571428571E-0002   0.00000000000000E+0000
 2.03571428571429E-0002   0.00000000000000E+0000
 2.06964285714286E-0002   0.00000000000000E+0000
 2.10357142857143E-0002   0.00000000000000E+0000
 2.13750000000000E-0002   0.00000000000000E+0000
 2.17142857142857E-0002   0.00000000000000E+0000
 2.20535714285714E-0002   0.00000000000000E+0000
 2.23928571428571E-0002   0.00000000000000E+0000
 2.27321428571429E-0002   0.00000000000000E+0000
 2.30714285714286E-0002   0.00000000000000E+0000
 2.34107142857143E-0002   0.00000000000000E+0000
 2.37500000000000E-0002   0.00000000000000E+0000
 2.40892857142857E-0002   0.00000000000000E+0000
 2.44285714285714E-0002   0.00000000000000E+0000
 2.47678571428571E-0002   0.00000000000000E+0000
 2.51071428571429E-0002   0.00000000000000E+0000
 2.54464285714286E-0002   0.00000000000000E+0000
 2.57857142857143E-0002   0.00000000000000E+0000
 2.61250000000000E-0002   0.00000000000000E+0000
 2.64642857142857E-0002   0.00000000000000E+0000
 2.68035714285714E-0002   0.00000000000000E+0000
 2.71428571428571E-0002   0.00000000000000E+0000
 2.74821428571429E-0002   0.00000000000000E+0000
 2.78214285714286E-0002   0.00000000000000E+0000
 2.81607142857143E-0002   0.00000000000000E+0000
 2.85000000000000E-0002   0.00000000000000E+0000
 2.88392857142857E-0002   0.00000000000000E+0000
 2.91785714285714E-0002   0.00000000000000E+0000
 2.95178571428571E-0002   0.00000000000000E+0000
 2.98571428571429E-0002   0.00000000000000E+0000
 3.01964285714286E-0002   0.00000000000000E+0000
 3.05357142857143E-0002   0.00000000000000E+0000
 3.08750000000000E-0002   0.00000000000000E+0000
 3.12142857142857E-0002   0.00000000000000E+0000
 3.15535714285714E-0002   0.00000000000000E+0000
 3.18928571428571E-0002   0.00000000000000E+0000
 3.22321428571429E-0002   0.00000000000000E+0000
 3.25714285714286E-0002   0.00000000000000E+0000
 3.29107142857143E-0002   0.00000000000000E+0000
 3.32500000000000E-0002   0.00000000000000E+0000
 3.35892857142857E-0002   0.00000000000000E+0000
 3.39285714285714E-0002  -0.00000000000000E+0000
 3.42678571428571E-0002   0.00000000000000E+0000
 3.46071428571429E-0002  -0.00000000000000E+0000
 3.49464285714286E-0002   0.00000000000000E+0000
 3.52857142857143E-0002  -0.00000000000000E+0000
 3.56250000000000E-0002   0.00000000000000E+0000
 3.59642857142857E-0002  -0.00000000000000E+0000
 3.63035714285714E-0002   0.00000000000000E+0000
 3.66428571428571E-0002  -0.00000000000000E+0000
 3.69821428571429E-0002   0.00000000000000E+0000
 3.73214285714286E-0002  -0.00000000000000E+0000
 3.76607142857143E-0002   0.00000000000000E+0000
 3.80000000000000E-0002  -0.00000000000000E+0000
 3.83392857142857E-0002   0.00000000000000E+0000
 3.86785714285714E-0002  -0.00000000000000E+0000
 3.90178571428571E-0002   0.00000000000000E+0000
 3.93571428571429E-0002  -0.00000000000000E+0000
 3.96964285714286E-0002   0.00000000000000E+0000
 4.00357142857143E-0002  -0.00000000000000E+0000
 4.03750000000000E-0002   0.00000000000000E+0000
 4.07142857142857E-0002  -0.00000000000000E+0000
 4.10535714285714E-0002   0.00000000000000E+0000
 4.13928571428571E-0002  -0.00000000000000E+0000
 4.17321428571429E-0002   0.00000000000000E+0000
 4.20714285714286E-0002  -0.00000000000000E+0000
 4.24107142857143E-0002   0.00000000000000E+0000
 4.27500000000000E-0002  -0.00000000000000E+0000
 4.30892857142857E-0002   0.00000000000000E+0000
 4.34285714285714E-0002  -0.00000000000000E+0000
 4.37678571428571E-0002   0.00000000000000E+0000
 4.41071428571429E-0002  -0.00000000000000E+0000
 4.44464285714286E-0002   0.00000000000000E+0000
 4.47857142857143E-0002  -0.00000000000000E+0000
 4.51250000000000E-0002   0.00000000000000E+0000
 4.54642857142857E-0002  -0.00000000000000E+0000
 4.58035714285714E-0002   0.00000000000000E+0000
 4.61428571428571E-0002  -0.00000000000000E+0000
 4.64821428571429E-0002   0.00000000000000E+0000
 4.68214285714286E-0002  -0.00000000000000E+0000
 4.71607142857143E-0002   0.00000000000000E+0000
 4.75000000000000E-0002  -0.00000000000000E+0000
 4.78392857142857E-0002   0.00000000000000E+0000
 4.81785714285714E-0002  -0.00000000000000E+0000
 4.85178571428571E-0002   0.00000000000000E+0000
 4.88571428571429E-0002  -0.00000000000000E+0000
 4.91964285714286E-0002   0.00000000000000E+0000
 4.95357142857143E-0002  -0.00000000000000E+0000
 4.98750000000000E-0002   0.00000000000000E+0000
 5.02142857142857E-0002  -0.00000000000000E+0000
 5.05535714285714E-0002   0.00000000000000E+0000
 5.08928571428571E-0002  -0.00000000000000E+0000
 5.12321428571429E-0002   0.00000000000000E+0000
 5.15714285714286E-0002  -0.00000000000000E+0000
 5.19107142857143E-0002   0.00000000000000E+0000
 5.22500000000000E-0002  -0.00000000000000E+0000
 5.25892857142857E-0002   0.00000000000000E+0000
 5.29285714285714E-0002  -0.00000000000000E+0000
 5.32678571428571E-0002   0.00000000000000E+0000
 5.36071428571429E-0002  -0.00000000000000E+0000
 5.39464285714286E-0002   0.00000000000000E+0000
 5.42857142857143E-0002  -0.00000000000000E+0000
 5.46250000000000E-0002   1.40129846432482E-0045
 5.49642857142857E-0002  -2.52233723578467E-0044
 5.53035714285714E-0002   7.74918050771624E-0043
 5.56428571428571E-0002  -2.21180949609029E-0041
 5.59821428571429E-0002   5.97232004196773E-0040
 5.63214285714286E-0002  -1.52564324407607E-0038
 5.66607142857143E-0002   3.68483650516820E-0037
 5.70000000000000E-0002  -8.40869263921977E-0036
 5.73392857142857E-0002   1.81146446006036E-0034
 5.76785714285714E-0002  -3.68060799427493E-0033
 5.80178571428571E-0002   7.04596779931610E-0032
 5.83571428571429E-0002  -1.26933002114786E-0030
 5.86964285714286E-0002   2.14898317599249E-0029
 5.90357142857143E-0002  -3.41387501195413E-0028
 5.93750000000000E-0002   5.07991756223333E-0027
 5.97142857142857E-0002  -7.06624990820599E-0026
 6.00535714285714E-0002   9.16732891374622E-0025
 6.03928571428571E-0002  -1.10626335028557E-0023
 6.07321428571429E-0002   1.23788962015044E-0022
 6.10714285714286E-0002  -1.27971959442762E-0021
 6.14107142857143E-0002   1.21687226537207E-0020
 6.17500000000000E-0002  -1.05863175792950E-0019
 6.20892857142857E-0002   8.36986580220902E-0019
 6.24285714285714E-0002  -5.96288612836305E-0018
 6.27678571428571E-0002   3.78461136801469E-0017
 6.31071428571429E-0002  -2.10608799869261E-0016
 6.34464285714286E-0002   1.00296080729462E-0015
 6.37857142857143E-0002  -3.92055213570578E-0015
 6.41250000000000E-0002   1.15125245355720E-0014
 6.44642857142857E-0002  -1.87394943448405E-0014
 6.48035714285714E-0002  -2.65536917676496E-0014
 6.51428571428571E-0002   2.77721286722973E-0013
 6.54821428571428E-0002  -7.15752056148350E-0013
 6.58214285714286E-0002  -2.94557022002817E-0013
 6.61607142857143E-0002   6.73712518065028E-0012
 6.65000000000000E-0002  -1.13609755283961E-0011
 6.68392857142857E-0002  -3.44822746745077E-0011
 6.71785714285714E-0002   1.26847712889067E-0010
 6.75178571428571E-0002   1.51236467793581E-0010
 6.78571428571429E-0002  -9.48776501807913E-0010
 6.81964285714286E-0002  -9.97026683435820E-0010
 6.85357142857143E-0002   5.79125858379825E-0009
 6.88750000000000E-0002   1.01386214979015E-0008
 6.92142857142857E-0002  -2.38997888146741E-0008
 6.95535714285714E-0002  -8.90441569367795E-0008
 6.98928571428571E-0002  -1.81526083053996E-0008
 7.02321428571429E-0002   4.15648372609212E-0007
 7.05714285714286E-0002   9.97747974906815E-0007
 7.09107142857143E-0002   5.79264678890468E-0007
 7.12500000000000E-0002  -2.58396107710723E-0006
 7.15892857142857E-0002  -9.48681645240868E-0006
 7.19285714285714E-0002  -1.91205926967086E-0005
 7.22678571428571E-0002  -2.86788799712667E-0005
 7.26071428571429E-0002  -3.52405841113068E-0005
 7.29464285714286E-0002  -3.74381088477094E-0005
 7.32857142857143E-0002  -3.57240387529600E-0005
 7.36250000000000E-0002  -3.13487544190139E-0005
 7.39642857142857E-0002  -2.52572572208010E-0005
 7.43035714285714E-0002  -1.77780930243898E-0005
 7.46428571428571E-0002  -8.95888479135465E-0006
 7.49821428571429E-0002   1.07415314687386E-0006
 7.53214285714286E-0002   1.20549175335327E-0005
 7.56607142857143E-0002   2.36938994930824E-0005
 7.60000000000000E-0002   3.57570606865920E-0005
 7.63392857142857E-0002   4.80533781228587E-0005
 7.66785714285714E-0002   6.03978187427856E-0005
 7.70178571428571E-0002   7.26005018805154E-0005
 7.73571428571429E-0002   8.44761307234876E-0005
 7.76964285714286E-0002   9.58517484832555E-0005
 7.80357142857143E-0002   1.06566818431019E-0004
 7.83750000000000E-0002   1.16471463115885E-0004
 7.87142857142857E-0002   1.25426944578066E-0004
 7.90535714285714E-0002   1.33307403302751E-0004
 7.93928571428571E-0002   1.40001182444394E-0004
 7.97321428571428E-0002   1.45411817356944E-0004
 8.00714285714286E-0002   1.49458603118546E-0004
 8.04107142857143E-0002   1.52077351231128E-0004
 8.07500000000000E-0002   1.53221102664247E-0004
 8.10892857142857E-0002   1.52860447997227E-0004
 8.14285714285714E-0002   1.50983862113208E-0004
 8.17678571428571E-0002   1.47597762406804E-0004
 8.21071428571429E-0002   1.42726363264956E-0004
 8.24464285714286E-0002   1.36411443236284E-0004
 8.27857142857143E-0002   1.28711821162142E-0004
 8.31250000000000E-0002   1.19702701340429E-0004
 8.34642857142857E-0002   1.09474822238553E-0004
 8.38035714285714E-0002   9.81334378593601E-0005
 8.41428571428571E-0002   8.57971463119611E-0005
 8.44821428571429E-0002   7.25965219317004E-0005
 8.48214285714286E-0002   5.86726746405475E-0005
 8.51607142857143E-0002   4.41756492364220E-0005
 8.55000000000000E-0002   2.92627119051758E-0005
 8.58392857142857E-0002   1.40965803439030E-0005
 8.61785714285714E-0002  -1.15643649678531E-0006
 8.65178571428571E-0002  -1.63283293659333E-0005
 8.68571428571429E-0002  -3.12513184326235E-0005
 8.71964285714286E-0002  -4.57597780041397E-0005
 8.75357142857143E-0002  -5.96921381657012E-0005
 8.78750000000000E-0002  -7.28927552700043E-0005
 8.82142857142857E-0002  -8.52137382025830E-0005
 8.85535714285714E-0002  -9.65166254900396E-0005
 8.88928571428571E-0002  -1.06674073322210E-0004
 8.92321428571429E-0002  -1.15571288915816E-0004
 8.95714285714286E-0002  -1.23107442050241E-0004
 8.99107142857143E-0002  -1.29196851048619E-0004
 9.02500000000000E-0002  -1.33770037791692E-0004
 9.05892857142857E-0002  -1.36774542625062E-0004
 9.09285714285714E-0002  -1.38175659230910E-0004
 9.12678571428571E-0002  -1.37956812977791E-0004
 9.16071428571429E-0002  -1.36119895614684E-0004
 9.19464285714286E-0002  -1.32685221615247E-0004
 9.22857142857143E-0002  -1.27691484522074E-0004
 9.26250000000000E-0002  -1.21195247629657E-0004
 9.29642857142857E-0002  -1.13270420115441E-0004
 9.33035714285714E-0002  -1.04007478512357E-0004
 9.36428571428571E-0002  -9.35124480747618E-0005
 9.39821428571429E-0002  -8.19057531771250E-0005
 9.43214285714286E-0002  -6.93208639859222E-0005
 9.46607142857143E-0002  -5.59028267161921E-0005
 9.50000000000000E-0002  -4.18066010752227E-0005
 9.53392857142857E-0002  -2.71953249466605E-0005
 9.56785714285714E-0002  -1.22384381029405E-0005
 9.60178571428571E-0002   2.89024410449201E-0006
 9.63571428571428E-0002   1.80145343620097E-0005
 9.66964285714286E-0002   3.29579052049667E-0005
 9.70357142857143E-0002   4.75455344712827E-0005
 9.73750000000000E-0002   6.16063334746286E-0005
 9.77142857142857E-0002   7.49749524402432E-0005
 9.80535714285714E-0002   8.74937322805636E-0005
 9.83928571428571E-0002   9.90145272226073E-0005
 9.87321428571429E-0002   1.09400498331524E-0004
 9.90714285714286E-0002   1.18527721497230E-0004
 9.94107142857143E-0002   1.26286686281674E-0004
 9.97500000000000E-0002   1.32583620143123E-0004
 1.00089285714285E-0001   1.37341616209596E-0004
 1.00428571428571E-0001   1.40501608257182E-0004
 1.00767857142857E-0001   1.42023112857714E-0004
 1.01107142857142E-0001   1.41884767799638E-0004
 1.01446428571428E-0001   1.40084637678228E-0004
 1.01785714285714E-0001   1.36640330310911E-0004
 1.02125000000000E-0001   1.31588778458536E-0004
 1.02464285714285E-0001   1.24985977890901E-0004
 1.02803571428571E-0001   1.16906317998655E-0004
 1.03142857142857E-0001   1.07441781437955E-0004
 1.03482142857142E-0001   9.67009618761949E-0005
 1.03821428571428E-0001   8.48077761474997E-0005
 1.04160714285714E-0001   7.19001254765317E-0005
 1.04500000000000E-0001   5.81282620260026E-0005
 1.04839285714285E-0001   4.36530972365290E-0005
 1.05178571428571E-0001   2.86443118966417E-0005
 1.05517857142857E-0001   1.32784052766510E-0005
 1.05857142857142E-0001  -2.26338761422085E-0006
 1.06196428571428E-0001  -1.77972106030211E-0005
 1.06535714285714E-0001  -3.31387636833824E-0005
 1.06875000000000E-0001  -4.81054776173551E-0005
 1.07214285714285E-0001  -6.25186876277439E-0005
 1.07553571428571E-0001  -7.62057752581313E-0005
 1.07892857142857E-0001  -8.90022274688818E-0005
 1.08232142857142E-0001  -1.00753626611549E-0004
 1.08571428571428E-0001  -1.11317531263921E-0004
 1.08910714285714E-0001  -1.20565215183887E-0004
 1.09250000000000E-0001  -1.28383238916285E-0004
 1.09589285714285E-0001  -1.34674875880592E-0004
 1.09928571428571E-0001  -1.39361291076057E-0004
 1.10267857142857E-0001  -1.42382632475346E-0004
 1.10607142857142E-0001  -1.43698736792430E-0004
 1.10946428571428E-0001  -1.43289697007276E-0004
 1.11285714285714E-0001  -1.41156255267560E-0004
 1.11625000000000E-0001  -1.37319773784839E-0004
 1.11964285714285E-0001  -1.31822118419223E-0004
 1.12303571428571E-0001  -1.24725236673839E-0004
 1.12642857142857E-0001  -1.16110473754815E-0004
 1.12982142857142E-0001  -1.06077699456363E-0004
 1.13321428571428E-0001  -9.47441731113940E-0005
 1.13660714285714E-0001  -8.22432048153132E-0005
 1.14000000000000E-0001  -6.87226201989688E-0005
 1.14339285714285E-0001  -5.43430578545667E-0005
 1.14678571428571E-0001  -3.92760630347766E-0005
 1.15017857142857E-0001  -2.37020904023666E-0005
 1.15357142857142E-0001  -7.80835216573905E-0006
 1.15696428571428E-0001   8.21340199763654E-0006
 1.16035714285714E-0001   2.41691814153455E-0005
 1.16375000000000E-0001   3.98650881834328E-0005
 1.16714285714285E-0001   5.51096636627335E-0005
 1.17053571428571E-0001   6.97162104188465E-0005
 1.17392857142857E-0001   8.35050886962563E-0005
 1.17732142857142E-0001   9.63058846537024E-0005
 1.18071428571428E-0001   1.07959560409653E-0004
 1.18410714285714E-0001   1.18320429464802E-0004
 1.18750000000000E-0001   1.27257953863591E-0004
 1.19089285714285E-0001   1.34658432216384E-0004
 1.19428571428571E-0001   1.40426447615027E-0004
 1.19767857142857E-0001   1.44486126373522E-0004
 1.20107142857142E-0001   1.46782127558254E-0004
 1.20446428571428E-0001   1.47280457895249E-0004
 1.20785714285714E-0001   1.45968937431462E-0004
 1.21125000000000E-0001   1.42857505124994E-0004
 1.21464285714285E-0001   1.37978175189346E-0004
 1.21803571428571E-0001   1.31384760607034E-0004
 1.22142857142857E-0001   1.23152334708720E-0004
 1.22482142857142E-0001   1.13376430817879E-0004
 1.22821428571428E-0001   1.02171921753324E-0004
 1.23160714285714E-0001   8.96717756404541E-0005
 1.23500000000000E-0001   7.60254915803671E-0005
 1.23839285714285E-0001   6.13973606959917E-0005
 1.24178571428571E-0001   4.59644943475723E-0005
 1.24517857142857E-0001   2.99147650366649E-0005
 1.24857142857142E-0001   1.34445244839298E-0005
 1.25196428571429E-0001  -3.24376924254466E-0006
 1.25535714285714E-0001  -1.99440000869799E-0005
 1.25875000000000E-0001  -3.64489278581459E-0005
 1.26214285714286E-0001  -5.25527211721055E-0005
 1.26553571428571E-0001  -6.80535376886837E-0005
 1.26892857142857E-0001  -8.27559997560456E-0005
 1.27232142857143E-0001  -9.64736973401159E-0005
 1.27571428571429E-0001  -1.09031498141121E-0004
 1.27910714285714E-0001  -1.20267832244280E-0004
 1.28250000000000E-0001  -1.30036729387939E-0004
 1.28589285714286E-0001  -1.38209754368290E-0004
 1.28928571428571E-0001  -1.44677702337503E-0004
 1.29267857142857E-0001  -1.49352068547159E-0004
 1.29607142857143E-0001  -1.52166277985089E-0004
 1.29946428571429E-0001  -1.53076631249860E-0004
 1.30285714285714E-0001  -1.52063046698458E-0004
 1.30625000000000E-0001  -1.49129395140335E-0004
 1.30964285714286E-0001  -1.44303616252728E-0004
 1.31303571428571E-0001  -1.37637587613426E-0004
 1.31642857142857E-0001  -1.29206513520330E-0004
 1.31982142857143E-0001  -1.19108248327393E-0004
 1.32321428571429E-0001  -1.07462146843317E-0004
 1.32660714285714E-0001  -9.44077328313142E-0005
 1.33000000000000E-0001  -8.01030691945925E-0005
 1.33339285714286E-0001  -6.47229317110032E-0005
 1.33678571428571E-0001  -4.84566626255400E-0005
 1.34017857142857E-0001  -3.15059296553954E-0005
 1.34357142857143E-0001  -1.40822548928554E-0005
 1.34696428571429E-0001   3.59559135176823E-0006
 1.35035714285714E-0001   2.13043003896018E-0005
 1.35375000000000E-0001   3.88188200304285E-0005
 1.35714285714286E-0001   5.59151885681786E-0005
 1.36053571428571E-0001   7.23733828635886E-0005
 1.36392857142857E-0001   8.79801445989870E-0005
 1.36732142857143E-0001   1.02531732409261E-0004
 1.37071428571429E-0001   1.15836577606387E-0004
 1.37410714285714E-0001   1.27717808936723E-0004
 1.37750000000000E-0001   1.38015646371059E-0004
 1.38089285714286E-0001   1.46589518408291E-0004
 1.38428571428571E-0001   1.53320012032054E-0004
 1.38767857142857E-0001   1.58110589836724E-0004
 1.39107142857143E-0001   1.60888987011276E-0004
 1.39446428571429E-0001   1.61608259077184E-0004
 1.39785714285714E-0001   1.60247655003332E-0004
 1.40125000000000E-0001   1.56813039211556E-0004
 1.40464285714286E-0001   1.51337051647715E-0004
 1.40803571428571E-0001   1.43878816743381E-0004
 1.41142857142857E-0001   1.34523492306471E-0004
 1.41482142857143E-0001   1.23381236335263E-0004
 1.41821428571429E-0001   1.10586122900713E-0004
 1.42160714285714E-0001   9.62944541242905E-0005
 1.42500000000000E-0001   8.06829848443158E-0005
 1.42839285714286E-0001   6.39467762084678E-0005
 1.43178571428571E-0001   4.62967618659604E-0005
 1.43517857142857E-0001   2.79571668215794E-0005
 1.43857142857143E-0001   9.16266617423389E-0006
 1.44196428571429E-0001  -9.84459074970800E-0006
 1.44535714285714E-0001  -2.88180908682989E-0005
 1.44875000000000E-0001  -4.75101478514262E-0005
 1.45214285714286E-0001  -6.56751362839714E-0005
 1.45553571428571E-0001  -8.30727294669487E-0005
 1.45892857142857E-0001  -9.94711008388549E-0005
 1.46232142857143E-0001  -1.14650050818454E-0004
 1.46571428571429E-0001  -1.28403946291655E-0004
 1.46910714285714E-0001  -1.40544609166682E-0004
 1.47250000000000E-0001  -1.50903884787112E-0004
 1.47589285714286E-0001  -1.59336021170020E-0004
 1.47928571428571E-0001  -1.65719786309637E-0004
 1.48267857142857E-0001  -1.69960199855268E-0004
 1.48607142857143E-0001  -1.71990061062388E-0004
 1.48946428571429E-0001  -1.71770952874795E-0004
 1.49285714285714E-0001  -1.69294042279944E-0004
 1.49625000000000E-0001  -1.64580313139595E-0004
 1.49964285714286E-0001  -1.57680580741726E-0004
 1.50303571428571E-0001  -1.48674953379668E-0004
 1.50642857142857E-0001  -1.37671930133365E-0004
 1.50982142857143E-0001  -1.24807236716151E-0004
 1.51321428571429E-0001  -1.10242050141096E-0004
 1.51660714285714E-0001  -9.41610996960662E-0005
 1.52000000000000E-0001  -7.67702731536701E-0005
 1.52339285714286E-0001  -5.82939646847080E-0005
 1.52678571428571E-0001  -3.89721972169355E-0005
 1.53017857142857E-0001  -1.90574446605751E-0005
 1.53357142857143E-0001   1.18870468668319E-0006
 1.53696428571429E-0001   2.14990250242408E-0005
 1.54035714285714E-0001   4.16042494180147E-0005
 1.54375000000000E-0001   6.12367002759129E-0005
 1.54714285714286E-0001   8.01339265308343E-0005
 1.55053571428571E-0001   9.80422919383273E-0005
 1.55392857142857E-0001   1.14720460260286E-0004
 1.55732142857143E-0001   1.29942694911733E-0004
 1.56071428571429E-0001   1.43502038554288E-0004
 1.56410714285714E-0001   1.55213157995604E-0004
 1.56750000000000E-0001   1.64914963534102E-0004
 1.57089285714286E-0001   1.72472864505835E-0004
 1.57428571428571E-0001   1.77780704689212E-0004
 1.57767857142857E-0001   1.80762246600352E-0004
 1.58107142857143E-0001   1.81372335646302E-0004
 1.58446428571429E-0001   1.79597554961219E-0004
 1.58785714285714E-0001   1.75456487340853E-0004
 1.59125000000000E-0001   1.68999453308061E-0004
 1.59464285714286E-0001   1.60307987243868E-0004
 1.59803571428571E-0001   1.49493629578501E-0004
 1.60142857142857E-0001   1.36696544359438E-0004
 1.60482142857143E-0001   1.22083525639027E-0004
 1.60821428571429E-0001   1.05845821963157E-0004
 1.61160714285714E-0001   8.81964588188566E-0005
 1.61500000000000E-0001   6.93673646310344E-0005
 1.61839285714286E-0001   4.96062020829413E-0005
 1.62178571428571E-0001   2.91729938908247E-0005
 1.62517857142857E-0001   8.33655576570891E-0006
 1.62857142857143E-0001  -1.26291433844016E-0005
 1.63196428571429E-0001  -3.34487085638102E-0005
 1.63535714285714E-0001  -5.38490494363941E-0005
 1.63875000000000E-0001  -7.35630674171261E-0005
 1.64214285714286E-0001  -9.23332336242311E-0005
 1.64553571428571E-0001  -1.09915032226126E-0004
 1.64892857142857E-0001  -1.26080209156498E-0004
 1.65232142857143E-0001  -1.40619769808836E-0004
 1.65571428571429E-0001  -1.53346714796498E-0004
 1.65910714285714E-0001  -1.64098411914892E-0004
 1.66250000000000E-0001  -1.72738727997057E-0004
 1.66589285714286E-0001  -1.79159615072422E-0004
 1.66928571428571E-0001  -1.83282478246838E-0004
 1.67267857142857E-0001  -1.85059005161747E-0004
 1.67607142857143E-0001  -1.84471689863130E-0004
 1.67946428571429E-0001  -1.81533818249591E-0004
 1.68285714285714E-0001  -1.76289147930220E-0004
 1.68625000000000E-0001  -1.68811064213514E-0004
 1.68964285714286E-0001  -1.59201532369480E-0004
 1.69303571428571E-0001  -1.47589467815123E-0004
 1.69642857142857E-0001  -1.34128873469308E-0004
 1.69982142857143E-0001  -1.18996693345252E-0004
 1.70321428571429E-0001  -1.02390316897071E-0004
 1.70660714285714E-0001  -8.45248505356722E-0005
 1.71000000000000E-0001  -6.56302436254919E-0005
 1.71339285714286E-0001  -4.59481598227285E-0005
 1.71678571428571E-0001  -2.57288193097338E-0005
 1.72017857142857E-0001  -5.22771006217226E-0006
 1.72357142857143E-0001   1.52977136167465E-0005
 1.72696428571429E-0001   3.55913216480985E-0005
 1.73035714285714E-0001   5.54015387024265E-0005
 1.73375000000000E-0001   7.44844801374711E-0005
 1.73714285714286E-0001   9.26069551496767E-0005
 1.74053571428571E-0001   1.09549306216649E-0004
 1.74392857142857E-0001   1.25108024803922E-0004
 1.74732142857143E-0001   1.39098105137236E-0004
 1.75071428571429E-0001   1.51355256093666E-0004
 1.75410714285714E-0001   1.61737640155479E-0004
 1.75750000000000E-0001   1.70127459568903E-0004
 1.76089285714286E-0001   1.76432207808830E-0004
 1.76428571428571E-0001   1.80585469934158E-0004
 1.76767857142857E-0001   1.82547548320144E-0004
 1.77107142857143E-0001   1.82305666385219E-0004
 1.77446428571429E-0001   1.79873852175660E-0004
 1.77785714285714E-0001   1.75292472704314E-0004
 1.78125000000000E-0001   1.68627520906739E-0004
 1.78464285714286E-0001   1.59969538799487E-0004
 1.78803571428571E-0001   1.49432293255813E-0004
 1.79142857142857E-0001   1.37151131639257E-0004
 1.79482142857143E-0001   1.23281177366152E-0004
 1.79821428571429E-0001   1.07995292637497E-0004
 1.80160714285714E-0001   9.14817865123041E-0005
 1.80500000000000E-0001   7.39420574973337E-0005
 1.80839285714286E-0001   5.55880651518237E-0005
 1.81178571428571E-0001   3.66397216566838E-0005
 1.81517857142857E-0001   1.73222142620943E-0005
 1.81857142857143E-0001  -2.13669045479037E-0006
 1.82196428571429E-0001  -2.15093423321377E-0005
 1.82535714285714E-0001  -4.05708633479662E-0005
 1.82875000000000E-0001  -5.91017378610559E-0005
 1.83214285714286E-0001  -7.68903191783465E-0005
 1.83553571428571E-0001  -9.37351869652048E-0005
 1.83892857142857E-0001  -1.09447391878347E-0004
 1.84232142857143E-0001  -1.23852471006103E-0004
 1.84571428571429E-0001  -1.36792368721217E-0004
 1.84910714285714E-0001  -1.48127001011744E-0004
 1.85250000000000E-0001  -1.57735761604272E-0004
 1.85589285714286E-0001  -1.65518649737351E-0004
 1.85928571428571E-0001  -1.71397186932154E-0004
 1.86267857142857E-0001  -1.75315159140155E-0004
 1.86607142857143E-0001  -1.77238951437175E-0004
 1.86946428571429E-0001  -1.77157766302116E-0004
 1.87285714285714E-0001  -1.75083463545889E-0004
 1.87625000000000E-0001  -1.71050254721195E-0004
 1.87964285714286E-0001  -1.65114048286341E-0004
 1.88303571428571E-0001  -1.57351649249904E-0004
 1.88642857142857E-0001  -1.47859624121338E-0004
 1.88982142857143E-0001  -1.36753151309676E-0004
 1.89321428571429E-0001  -1.24164434964769E-0004
 1.89660714285714E-0001  -1.10241126094479E-0004
 1.90000000000000E-0001  -9.51445545069873E-0005
 1.90339285714286E-0001  -7.90477788541466E-0005
 1.90678571428571E-0001  -6.21335784671828E-0005
 1.91017857142857E-0001  -4.45923542429227E-0005
 1.91357142857143E-0001  -2.66199640464038E-0005
 1.91696428571429E-0001  -8.41552628116915E-0006
 1.92035714285714E-0001   9.82079200184671E-0006
 1.92375000000000E-0001   2.78899569821078E-0005
 1.92714285714286E-0001   4.55962290288880E-0005
 1.93053571428571E-0001   6.27492481726222E-0005
 1.93392857142857E-0001   7.91660495451652E-0005
 1.93732142857143E-0001   9.46729851420969E-0005
 1.94071428571429E-0001   1.09107466414570E-0004
 1.94410714285714E-0001   1.22319659567438E-0004
 1.94750000000000E-0001   1.34173955302685E-0004
 1.95089285714286E-0001   1.44550271215849E-0004
 1.95428571428571E-0001   1.53345230501145E-0004
 1.95767857142857E-0001   1.60473078722134E-0004
 1.96107142857143E-0001   1.65866455063224E-0004
 1.96446428571429E-0001   1.69476959854364E-0004
 1.96785714285714E-0001   1.71275431057438E-0004
 1.97125000000000E-0001   1.71252147993073E-0004
 1.97464285714286E-0001   1.69416729477234E-0004
 1.97803571428571E-0001   1.65797857334837E-0004
 1.98142857142857E-0001   1.60442839842290E-0004
 1.98482142857143E-0001   1.53416869579814E-0004
 1.98821428571429E-0001   1.44802295835689E-0004
 1.99160714285714E-0001   1.34697518660687E-0004
 1.99500000000000E-0001   1.23215853818692E-0004
 1.99839285714286E-0001   1.10484259494114E-0004
 2.00178571428571E-0001   9.66418156167492E-0005
 2.00517857142857E-0001   8.18382613942958E-0005
 2.00857142857143E-0001   6.62323000142351E-0005
 2.01196428571429E-0001   4.99898960697465E-0005
 2.01535714285714E-0001   3.32825147779658E-0005
 2.01875000000000E-0001   1.62852793437196E-0005
 2.02214285714286E-0001  -8.24843709779088E-0007
 2.02553571428571E-0001  -1.78708796738647E-0005
 2.02892857142857E-0001  -3.46776578226127E-0005
 2.03232142857143E-0001  -5.10736026626546E-0005
 2.03571428571429E-0001  -6.68924403726123E-0005
 2.03910714285714E-0001  -8.19748747744597E-0005
 2.04250000000000E-0001  -9.61701225605793E-0005
 2.04589285714286E-0001  -1.09337423054967E-0004
 2.04928571428571E-0001  -1.21347336971666E-0004
 2.05267857142857E-0001  -1.32083019707352E-0004
 2.05607142857143E-0001  -1.41441254527308E-0004
 2.05946428571429E-0001  -1.49333471199498E-0004
 2.06285714285714E-0001  -1.55686415382661E-0004
 2.06625000000000E-0001  -1.60442883498035E-0004
 2.06964285714286E-0001  -1.63562086527236E-0004
 2.07303571428571E-0001  -1.65019999258220E-0004
 2.07642857142857E-0001  -1.64809462148696E-0004
 2.07982142857143E-0001  -1.62940094014630E-0004
 2.08321428571429E-0001  -1.59438146511093E-0004
 2.08660714285714E-0001  -1.54346067574807E-0004
 2.09000000000000E-0001  -1.47721948451363E-0004
 2.09339285714286E-0001  -1.39638897962868E-0004
 2.09678571428571E-0001  -1.30184169393033E-0004
 2.10017857142857E-0001  -1.19458229164592E-0004
 2.10357142857143E-0001  -1.07573607238009E-0004
 2.10696428571429E-0001  -9.46537838899530E-0005
 2.11035714285714E-0001  -8.08318291092291E-0005
 2.11375000000000E-0001  -6.62490710965358E-0005
 2.11714285714286E-0001  -5.10536337969825E-0005
 2.12053571428571E-0001  -3.53989089489914E-0005
 2.12392857142857E-0001  -1.94420590560185E-0005
 2.12732142857143E-0001  -3.34241735799878E-0006
 2.13071428571429E-0001   1.27400808196398E-0005
 2.13410714285714E-0001   2.86464692180743E-0005
 2.13750000000000E-0001   4.42203017883003E-0005
 2.14089285714286E-0001   5.93091717746574E-0005
 2.14428571428571E-0001   7.37661757739261E-0005
 2.14767857142857E-0001   8.74513134476729E-0005
 2.15107142857143E-0001   1.00232820841483E-0004
 2.15446428571429E-0001   1.11988403659779E-0004
 2.15785714285714E-0001   1.22606390505098E-0004
 2.16125000000000E-0001   1.31986744236201E-0004
 2.16464285714286E-0001   1.40041971462779E-0004
 2.16803571428571E-0001   1.46697915624827E-0004
 2.17142857142857E-0001   1.51894433656707E-0004
 2.17482142857143E-0001   1.55585861648433E-0004
 2.17821428571429E-0001   1.57741422299296E-0004
 2.18160714285714E-0001   1.58345414092764E-0004
 2.18500000000000E-0001   1.57397327711806E-0004
 2.18839285714286E-0001   1.54911802383140E-0004
 2.19178571428571E-0001   1.50918334838934E-0004
 2.19517857142857E-0001   1.45461002830416E-0004
 2.19857142857143E-0001   1.38597941258922E-0004
 2.20196428571429E-0001   1.30400730995461E-0004
 2.20535714285714E-0001   1.20953642181120E-0004
 2.20875000000000E-0001   1.10352797491941E-0004
 2.21214285714286E-0001   9.87051826086827E-0005
 2.21553571428571E-0001   8.61275475472212E-0005
 2.21892857142857E-0001   7.27452861610800E-0005
 2.22232142857143E-0001   5.86911883146968E-0005
 2.22571428571429E-0001   4.41041083831806E-0005
 2.22910714285714E-0001   2.91276483039837E-0005
 2.23250000000000E-0001   1.39087251227465E-0005
 2.23589285714286E-0001  -1.40383315283543E-0006
 2.23928571428571E-0001  -1.66607296705479E-0005
 2.24267857142857E-0001  -3.17136400553863E-0005
 2.24607142857143E-0001  -4.64166332676541E-0005
 2.24946428571429E-0001  -6.06275643804111E-0005
 2.25285714285714E-0001  -7.42094343877397E-0005
 2.25625000000000E-0001  -8.70317016961053E-0005
 2.25964285714286E-0001  -9.89715117611922E-0005
 2.26303571428571E-0001  -1.09914850327186E-0004
 2.26642857142857E-0001  -1.19757642096374E-0004
 2.26982142857143E-0001  -1.28406711155549E-0004
 2.27321428571429E-0001  -1.35780690470710E-0004
 2.27660714285714E-0001  -1.41810698551126E-0004
 2.28000000000000E-0001  -1.46441074321046E-0004
 2.28339285714286E-0001  -1.49629820953123E-0004
 2.28678571428571E-0001  -1.51349027873948E-0004
 2.29017857142857E-0001  -1.51585089042783E-0004
 2.29357142857143E-0001  -1.50338833918795E-0004
 2.29696428571429E-0001  -1.47625454701483E-0004
 2.30035714285714E-0001  -1.43474404467270E-0004
 2.30375000000000E-0001  -1.37929033371620E-0004
 2.30714285714286E-0001  -1.31046224851161E-0004
 2.31053571428571E-0001  -1.22895726235583E-0004
 2.31392857142857E-0001  -1.13559566671028E-0004
 2.31732142857143E-0001  -1.03131184005178E-0004
 2.32071428571429E-0001  -9.17145589482971E-0005
 2.32410714285714E-0001  -7.94231600593776E-0005
 2.32750000000000E-0001  -6.63788523525000E-0005
 2.33089285714286E-0001  -5.27107222296763E-0005
 2.33428571428571E-0001  -3.85538151022047E-0005
 2.33767857142857E-0001  -2.40478111663833E-0005
 2.34107142857143E-0001  -9.33568389882566E-0006
 2.34446428571429E-0001   5.43770011063316E-0006
 2.34785714285714E-0001   2.01269886019873E-0005
 2.35125000000000E-0001   3.45877597283106E-0005
 2.35464285714286E-0001   4.86779281345662E-0005
 2.35803571428571E-0001   6.22591323917732E-0005
 2.36142857142857E-0001   7.51980769564398E-0005
 2.36482142857143E-0001   8.73678509378806E-0005
 2.36821428571429E-0001   9.86491577350534E-0005
 2.37160714285714E-0001   1.08931497379671E-0004
 2.37500000000000E-0001   1.18114236101973E-0004
 2.37839285714286E-0001   1.26107610412873E-0004
 2.38178571428571E-0001   1.32833622046746E-0004
 2.38517857142857E-0001   1.38226765557192E-0004
 2.38857142857143E-0001   1.42234770464711E-0004
 2.39196428571429E-0001   1.44819030538201E-0004
 2.39535714285714E-0001   1.45955054904334E-0004
 2.39875000000000E-0001   1.45632686326280E-0004
 2.40214285714286E-0001   1.43856275826693E-0004
 2.40553571428571E-0001   1.40644580824301E-0004
 2.40892857142857E-0001   1.36030634166673E-0004
 2.41232142857143E-0001   1.30061409436166E-0004
 2.41571428571429E-0001   1.22797442600131E-0004
 2.41910714285714E-0001   1.14312162622809E-0004
 2.42250000000000E-0001   1.04691207525320E-0004
 2.42589285714286E-0001   9.40316094784066E-0005
 2.42928571428571E-0001   8.24408343760297E-0005
 2.43267857142857E-0001   7.00357122696005E-0005
 2.43607142857143E-0001   5.69413205084857E-0005
 2.43946428571429E-0001   4.32897031714674E-0005
 2.44285714285714E-0001   2.92185904982034E-0005
 2.44625000000000E-0001   1.48700282807112E-0005
 2.44964285714286E-0001   3.88952969387901E-0007
 2.45303571428571E-0001  -1.40782522066729E-0005
 2.45642857142857E-0001  -2.83852295979159E-0005
 2.45982142857143E-0001  -4.23871133534703E-0005
 2.46321428571429E-0001  -5.59419931960292E-0005
 2.46660714285714E-0001  -6.89123553456739E-0005
 2.47000000000000E-0001  -8.11664795037359E-0005
 2.47339285714286E-0001  -9.25797648960724E-0005
 2.47678571428571E-0001  -1.03036029031500E-0004
 2.48017857142857E-0001  -1.12428700958844E-0004
 2.48357142857143E-0001  -1.20661890832707E-0004
 2.48696428571429E-0001  -1.27651423099451E-0004
 2.49035714285714E-0001  -1.33325724164024E-0004
 2.49375000000000E-0001  -1.37626528157853E-0004
 2.49714285714286E-0001  -1.40509553602897E-0004
 2.50053571428571E-0001  -1.41944954521023E-0004
 2.50392857142857E-0001  -1.41917684231885E-0004
 2.50732142857143E-0001  -1.40427669975907E-0004
 2.51071428571429E-0001  -1.37489871121943E-0004
 2.51410714285714E-0001  -1.33134089992382E-0004
 2.51750000000000E-0001  -1.27404811792076E-0004
 2.52089285714286E-0001  -1.20360717119183E-0004
 2.52428571428571E-0001  -1.12074107164517E-0004
 2.52767857142857E-0001  -1.02630227047484E-0004
 2.53107142857143E-0001  -9.21264145290479E-0005
 2.53446428571429E-0001  -8.06710959295742E-0005
 2.53785714285714E-0001  -6.83827383909374E-0005
 2.54125000000000E-0001  -5.53886238776613E-0005
 2.54464285714286E-0001  -4.18235504184850E-0005
 2.54803571428571E-0001  -2.78284715022892E-0005
 2.55142857142857E-0001  -1.35490427055629E-0005
 2.55482142857143E-0001   8.65886647716252E-0007
 2.55821428571429E-0001   1.52658049046295E-0005
 2.56160714285714E-0001   2.95001082122326E-0005
 2.56500000000000E-0001   4.34196663263720E-0005
 2.56839285714286E-0001   5.68783834751230E-0005
 2.57178571428571E-0001   6.97347422828898E-0005
 2.57517857142857E-0001   8.18532935227267E-0005
 2.57857142857143E-0001   9.31060858420096E-0005
 2.58196428571429E-0001   1.03374040918424E-0004
 2.58535714285714E-0001   1.12548223114572E-0004
 2.58875000000000E-0001   1.20531018183101E-0004
 2.59214285714286E-0001   1.27237173728645E-0004
 2.59553571428571E-0001   1.32594781462103E-0004
 2.59892857142857E-0001   1.36546019348316E-0004
 2.60232142857143E-0001   1.39047828270122E-0004
 2.60571428571429E-0001   1.40072428621352E-0004
 2.60910714285714E-0001   1.39607611345127E-0004
 2.61250000000000E-0001   1.37656985316426E-0004
 2.61589285714286E-0001   1.34239904582500E-0004
 2.61928571428571E-0001   1.29391351947561E-0004
 2.62267857142857E-0001   1.23161647934467E-0004
 2.62607142857143E-0001   1.15615875984076E-0004
 2.62946428571429E-0001   1.06833322206512E-0004
 2.63285714285714E-0001   9.69065949902870E-0005
 2.63625000000000E-0001   8.59407446114346E-0005
 2.63964285714286E-0001   7.40521209081635E-0005
 2.64303571428571E-0001   6.13672091276385E-0005
 2.64642857142857E-0001   4.80212729598861E-0005
 2.64982142857143E-0001   3.41569466399960E-0005
 2.65321428571429E-0001   1.99227251869161E-0005
 2.65660714285714E-0001   5.47138188267127E-0006
 2.66000000000000E-0001  -9.04165517567890E-0006
 2.66339285714286E-0001  -2.34599719988182E-0005
 2.66678571428571E-0001  -3.76278476323932E-0005
 2.67017857142857E-0001  -5.13919439981692E-0005
 2.67357142857143E-0001  -6.46029584459029E-0005
 2.67696428571429E-0001  -7.71172490203753E-0005
 2.68035714285714E-0001  -8.87984278961085E-0005
 2.68375000000000E-0001  -9.95188311208040E-0005
 2.68714285714286E-0001  -1.09160944703035E-0004
 2.69053571428571E-0001  -1.17618707008659E-0004
 2.69392857142857E-0001  -1.24798694741912E-0004
 2.69732142857143E-0001  -1.30621207063086E-0004
 2.70071428571429E-0001  -1.35021109599620E-0004
 2.70410714285714E-0001  -1.37948649353348E-0004
 2.70750000000000E-0001  -1.39370036777109E-0004
 2.71089285714286E-0001  -1.39267809572630E-0004
 2.71428571428571E-0001  -1.37641167384572E-0004
 2.71767857142857E-0001  -1.34505942696705E-0004
 2.72107142857143E-0001  -1.29894528072327E-0004
 2.72446428571429E-0001  -1.23855570564047E-0004
 2.72785714285714E-0001  -1.16453455120790E-0004
 2.73125000000000E-0001  -1.07767707959283E-0004
 2.73464285714286E-0001  -9.78920943452977E-0005
 2.73803571428571E-0001  -8.69337090989575E-0005
 2.74142857142857E-0001  -7.50117687857710E-0005
 2.74482142857143E-0001  -6.22563966317102E-0005
 2.74821428571429E-0001  -4.88071636937093E-0005
 2.75160714285714E-0001  -3.48116409440991E-0005
 2.75500000000000E-0001  -2.04237403522711E-0005
 2.75839285714286E-0001  -5.80206597078359E-0006
 2.76178571428571E-0001   8.89183957042405E-0006
 2.76517857142857E-0001   2.34952731261728E-0005
 2.76857142857143E-0001   3.78461663785856E-0005
 2.77196428571429E-0001   5.17848930030596E-0005
 2.77535714285714E-0001   6.51560403639451E-0005
 2.77875000000000E-0001   7.78101457399316E-0005
 2.78214285714286E-0001   8.96054043550976E-0005
 2.78553571428571E-0001   1.00409226433839E-0004
 2.78892857142857E-0001   1.10099790617823E-0004
 2.79232142857143E-0001   1.18567390018142E-0004
 2.79571428571429E-0001   1.25715741887689E-0004
 2.79910714285714E-0001   1.31463064462878E-0004
 2.80250000000000E-0001   1.35743044666015E-0004
 2.80589285714286E-0001   1.38505638460629E-0004
 2.80928571428571E-0001   1.39717711135745E-0004
 2.81267857142857E-0001   1.39363371999934E-0004
 2.81607142857143E-0001   1.37444294523448E-0004
 2.81946428571429E-0001   1.33979730890132E-0004
 2.82285714285714E-0001   1.29006308270618E-0004
 2.82625000000000E-0001   1.22577723232098E-0004
 2.82964285714286E-0001   1.14764159661717E-0004
 2.83303571428571E-0001   1.05651568446774E-0004
 2.83642857142857E-0001   9.53407361521386E-0005
 2.83982142857143E-0001   8.39461936266162E-0005
 2.84321428571429E-0001   7.15949718141928E-0005
 2.84660714285714E-0001   5.84252047701739E-0005
 2.85000000000000E-0001   4.45846053480636E-0005
 2.85339285714286E-0001   3.02288117381977E-0005
 2.85678571428571E-0001   1.55196667037671E-0005
 2.86017857142857E-0001   6.23391542831087E-0007
 2.86357142857143E-0001  -1.42912831506691E-0005
 2.86696428571429E-0001  -2.90550215140684E-0005
 2.87035714285714E-0001  -4.34998073615134E-0005
 2.87375000000000E-0001  -5.74608602619264E-0005
 2.87714285714286E-0001  -7.07785075064749E-0005
 2.88053571428571E-0001  -8.33000303828157E-0005
 2.88392857142857E-0001  -9.48814340517856E-0005
 2.88732142857143E-0001  -1.05389088275842E-0004
 2.89071428571429E-0001  -1.14701309939846E-0004
 2.89410714285714E-0001  -1.22709781862795E-0004
 2.89750000000000E-0001  -1.29320833366364E-0004
 2.90089285714286E-0001  -1.34456553496420E-0004
 2.90428571428571E-0001  -1.38055736897513E-0004
 2.90767857142857E-0001  -1.40074640512466E-0004
 2.91107142857143E-0001  -1.40487522003241E-0004
 2.91446428571429E-0001  -1.39287018100731E-0004
 2.91785714285714E-0001  -1.36484275572002E-0004
 2.92125000000000E-0001  -1.32108878460713E-0004
 2.92464285714286E-0001  -1.26208557048813E-0004
 2.92803571428571E-0001  -1.18848736747168E-0004
 2.93142857142857E-0001  -1.10111774120014E-0004
 2.93482142857143E-0001  -1.00096127425786E-0004
 2.93821428571429E-0001  -8.89152361196466E-0005
 2.94160714285714E-0001  -7.66962766647339E-0005
 2.94500000000000E-0001  -6.35787218925543E-0005
 2.94839285714286E-0001  -4.97127766720951E-0005
 2.95178571428571E-0001  -3.52576898876578E-0005
 2.95517857142857E-0001  -2.03799081646139E-0005
 2.95857142857143E-0001  -5.25120367456111E-0006
 2.96196428571429E-0001   9.95331811282085E-0006
 2.96535714285714E-0001   2.50572320510400E-0005
 2.96875000000000E-0001   3.98848351323977E-0005
 2.97214285714286E-0001   5.42631969437934E-0005
 2.97553571428571E-0001   6.80241719237529E-0005
 2.97892857142857E-0001   8.10063575045206E-0005
 2.98232142857143E-0001   9.30570386117324E-0005
 2.98571428571429E-0001   1.04033948446158E-0004
 2.98910714285714E-0001   1.13806963781826E-0004
 2.99250000000000E-0001   1.22259705676697E-0004
 2.99589285714286E-0001   1.29290900076739E-0004
 2.99928571428571E-0001   1.34815636556596E-0004
 3.00267857142857E-0001   1.38766379677691E-0004
 3.00607142857143E-0001   1.41093871206976E-0004
 3.00946428571429E-0001   1.41767726745456E-0004
 3.01285714285714E-0001   1.40776872285642E-0004
 3.01625000000000E-0001   1.38129733386450E-0004
 3.01964285714286E-0001   1.33854191517457E-0004
 3.02303571428571E-0001   1.27997380332090E-0004
 3.02642857142857E-0001   1.20625081763137E-0004
 3.02982142857143E-0001   1.11821158498060E-0004
 3.03321428571429E-0001   1.01686528068967E-0004
 3.03660714285714E-0001   9.03380641830154E-0005
 3.04000000000000E-0001   7.79072870500386E-0005
 3.04339285714286E-0001   6.45388499833643E-0005
 3.04678571428571E-0001   5.03888986713719E-0005
 3.05017857142857E-0001   3.56232376361731E-0005
 3.05357142857143E-0001   2.04154293896863E-0005
 3.05696428571429E-0001   4.94477080792421E-0006
 3.06035714285714E-0001  -1.06058196251979E-0005
 3.06375000000000E-0001  -2.60519427683903E-0005
 3.06714285714286E-0001  -4.12099070672411E-0005
 3.07053571428571E-0001  -5.58988940611016E-0005
 3.07392857142857E-0001  -6.99431329849176E-0005
 3.07732142857143E-0001  -8.31739816931076E-0005
 3.08071428571429E-0001  -9.54319839365780E-0005
 3.08410714285714E-0001  -1.06568775663618E-0004
 3.08750000000000E-0001  -1.16448893095366E-0004
 3.09089285714286E-0001  -1.24951446196064E-0004
 3.09428571428571E-0001  -1.31971610244364E-0004
 3.09767857142857E-0001  -1.37421928229742E-0004
 3.10107142857143E-0001  -1.41233409522101E-0004
 3.10446428571429E-0001  -1.43356461194344E-0004
 3.10785714285714E-0001  -1.43761528306641E-0004
 3.11125000000000E-0001  -1.42439515911974E-0004
 3.11464285714286E-0001  -1.39402007334866E-0004
 3.11803571428571E-0001  -1.34681205963716E-0004
 3.12142857142857E-0001  -1.28329571452923E-0004
 3.12482142857143E-0001  -1.20419346785638E-0004
 3.12821428571429E-0001  -1.11041765194386E-0004
 3.13160714285714E-0001  -1.00305980595294E-0004
 3.13500000000000E-0001  -8.83378670550883E-0005
 3.13839285714286E-0001  -7.52785635995679E-0005
 3.14178571428571E-0001  -6.12828662269749E-0005
 3.14517857142857E-0001  -4.65173798147589E-0005
 3.14857142857143E-0001  -3.11585899908096E-0005
 3.15196428571429E-0001  -1.53907767526107E-0005
 3.15535714285714E-0001   5.96184008827549E-0007
 3.15875000000000E-0001   1.66090812854236E-0005
 3.16214285714286E-0001   3.24536886182614E-0005
 3.16553571428571E-0001   4.79371083201841E-0005
 3.16892857142857E-0001   6.28701018285938E-0005
 3.17232142857143E-0001   7.70694168750197E-0005
 3.17571428571429E-0001   9.03599939192645E-0005
 3.17910714285714E-0001   1.02577170764561E-0004
 3.18250000000000E-0001   1.13568690721876E-0004
 3.18589285714286E-0001   1.23196630738676E-0004
 3.18928571428571E-0001   1.31339140352793E-0004
 3.19267857142857E-0001   1.37891940539703E-0004
 3.19607142857143E-0001   1.42769800731912E-0004
 3.19946428571429E-0001   1.45907528349198E-0004
 3.20285714285714E-0001   1.47260929225013E-0004
 3.20625000000000E-0001   1.46807462442666E-0004
 3.20964285714286E-0001   1.44546575029381E-0004
 3.21303571428571E-0001   1.40499832923524E-0004
 3.21642857142857E-0001   1.34710804559290E-0004
 3.21982142857143E-0001   1.27244566101581E-0004
 3.22321428571429E-0001   1.18187068437691E-0004
 3.22660714285714E-0001   1.07644184026867E-0004
 3.23000000000000E-0001   9.57404918153770E-0005
 3.23339285714286E-0001   8.26178584247828E-0005
 3.23678571428571E-0001   6.84338083374314E-0005
 3.24017857142857E-0001   5.33596357854549E-0005
 3.24357142857143E-0001   3.75783856725320E-0005
 3.24696428571429E-0001   2.12826853385195E-0005
 3.25035714285714E-0001   4.67240488433163E-0006
 3.25375000000000E-0001  -1.20477625387138E-0005
 3.25714285714286E-0001  -2.86707891063998E-0005
 3.26053571428571E-0001  -4.49898579972796E-0005
 3.26392857142857E-0001  -6.08009140705690E-0005
 3.26732142857143E-0001  -7.59052127250470E-0005
 3.27071428571429E-0001  -9.01117964531295E-0005
 3.27410714285714E-0001  -1.03239894087892E-0004
 3.27750000000000E-0001  -1.15121249109506E-0004
 3.28089285714286E-0001  -1.25602251500823E-0004
 3.28428571428571E-0001  -1.34545916807838E-0004
 3.28767857142857E-0001  -1.41833763336763E-0004
 3.29107142857143E-0001  -1.47367289173417E-0004
 3.29446428571429E-0001  -1.51069398270920E-0004
 3.29785714285714E-0001  -1.52885462739505E-0004
 3.30125000000000E-0001  -1.52784123201855E-0004
 3.30464285714286E-0001  -1.50757899973541E-0004
 3.30803571428571E-0001  -1.46823324030265E-0004
 3.31142857142857E-0001  -1.41020966111682E-0004
 3.31482142857143E-0001  -1.33415072923526E-0004
 3.31821428571429E-0001  -1.24092897749506E-0004
 3.32160714285714E-0001  -1.13163740024901E-0004
 3.32500000000000E-0001  -1.00757766631431E-0004
 3.32839285714286E-0001  -8.70244766701944E-0005
 3.33178571428571E-0001  -7.21309770597145E-0005
 3.33517857142857E-0001  -5.62599816475995E-0005
 3.33857142857143E-0001  -3.96076175093185E-0005
 3.34196428571429E-0001  -2.23810511670308E-0005
 3.34535714285714E-0001  -4.79595337310457E-0006
 3.34875000000000E-0001   1.29261716210749E-0005
 3.35214285714286E-0001   3.05607463815250E-0005
 3.35553571428571E-0001   4.78829388157465E-0005
 3.35892857142857E-0001   6.46705084363930E-0005
 3.36232142857143E-0001   8.07066389825195E-0005
 3.36571428571429E-0001   9.57827505772002E-0005
 3.36910714285714E-0001   1.09701170003972E-0004
 3.37250000000000E-0001   1.22277779155411E-0004
 3.37589285714286E-0001   1.33344408823177E-0004
 3.37928571428571E-0001   1.42751116072759E-0004
 3.38267857142857E-0001   1.50368272443302E-0004
 3.38607142857143E-0001   1.56088295625523E-0004
 3.38946428571429E-0001   1.59827250172384E-0004
 3.39285714285714E-0001   1.61526113515720E-0004
 3.39625000000000E-0001   1.61151619977318E-0004
 3.39964285714286E-0001   1.58697017468512E-0004
 3.40303571428571E-0001   1.54182242113166E-0004
 3.40642857142857E-0001   1.47653932799585E-0004
 3.40982142857143E-0001   1.39184994623065E-0004
 3.41321428571429E-0001   1.28873900393955E-0004
 3.41660714285714E-0001   1.16843570140190E-0004
 3.42000000000000E-0001   1.03239966847468E-0004
 3.42339285714286E-0001   8.82304229889996E-0005
 3.42678571428571E-0001   7.20016105333343E-0005
 3.43017857142857E-0001   5.47572490177117E-0005
 3.43357142857143E-0001   3.67156171705574E-0005
 3.43696428571429E-0001   1.81068007805152E-0005
 3.44035714285714E-0001  -8.30210240110318E-0007
 3.44375000000000E-0001  -1.98505786102032E-0005
 3.44714285714286E-0001  -3.87067702831700E-0005
 3.45053571428571E-0001  -5.71517775824759E-0005
 3.45392857142857E-0001  -7.49423634260893E-0005
 3.45732142857143E-0001  -9.18422883842140E-0005
 3.46071428571429E-0001  -1.07625448436010E-0004
 3.46410714285714E-0001  -1.22078956337646E-0004
 3.46750000000000E-0001  -1.35006033815444E-0004
 3.47089285714286E-0001  -1.46228718222119E-0004
 3.47428571428571E-0001  -1.55590372742154E-0004
 3.47767857142857E-0001  -1.62957891006954E-0004
 3.48107142857143E-0001  -1.68223690707237E-0004
 3.48446428571429E-0001  -1.71307212440297E-0004
 3.48785714285714E-0001  -1.72156331245787E-0004
 3.49125000000000E-0001  -1.70748127857223E-0004
 3.49464285714286E-0001  -1.67089427122846E-0004
 3.49803571428571E-0001  -1.61216972628608E-0004
 3.50142857142857E-0001  -1.53197048348375E-0004
 3.50482142857143E-0001  -1.43124882015400E-0004
 3.50821428571429E-0001  -1.31123451865278E-0004
 3.51160714285714E-0001  -1.17342126031871E-0004
 3.51500000000000E-0001  -1.01954748970456E-0004
 3.51839285714286E-0001  -8.51574804983102E-0005
 3.52178571428571E-0001  -6.71663146931678E-0005
 3.52517857142857E-0001  -4.82142459077295E-0005
 3.52857142857143E-0001  -2.85482492472511E-0005
 3.53196428571429E-0001  -8.42602821649052E-0006
 3.53535714285714E-0001   1.18874195322860E-0005
 3.53875000000000E-0001   3.21233419526834E-0005
 3.54214285714286E-0001   5.20128596690483E-0005
 3.54553571428571E-0001   7.12905894033611E-0005
 3.54892857142857E-0001   8.96982819540426E-0005
 3.55232142857143E-0001   1.06988343759439E-0004
 3.55571428571429E-0001   1.22927245683968E-0004
 3.55910714285714E-0001   1.37298775371164E-0004
 3.56250000000000E-0001   1.49906991282478E-0004
 3.56589285714286E-0001   1.60579016664997E-0004
 3.56928571428571E-0001   1.69167469721287E-0004
 3.57267857142857E-0001   1.75552486325614E-0004
 3.57607142857143E-0001   1.79643509909511E-0004
 3.57946428571429E-0001   1.81380557478406E-0004
 3.58285714285714E-0001   1.80735092726536E-0004
 3.58625000000000E-0001   1.77710564457811E-0004
 3.58964285714286E-0001   1.72342290170491E-0004
 3.59303571428571E-0001   1.64697135915048E-0004
 3.59642857142857E-0001   1.54872599523515E-0004
 3.59982142857143E-0001   1.42995486385189E-0004
 3.60321428571429E-0001   1.29220250528306E-0004
 3.60660714285714E-0001   1.13726855488494E-0004
 3.61000000000000E-0001   9.67183441389352E-0005
 3.61339285714286E-0001   7.84180883783847E-0005
 3.61678571428571E-0001   5.90666932112072E-0005
 3.62017857142857E-0001   3.89187698601745E-0005
 3.62357142857143E-0001   1.82394123839913E-0005
 3.62696428571429E-0001  -2.69938618657761E-0006
 3.63035714285714E-0001  -2.36224423133535E-0005
 3.63375000000000E-0001  -4.42551099695265E-0005
 3.63714285714286E-0001  -6.43270032014698E-0005
 3.64053571428571E-0001  -8.35756072774529E-0005
 3.64392857142857E-0001  -1.01749836176168E-0004
 3.64732142857143E-0001  -1.18613344966433E-0004
 3.65071428571429E-0001  -1.33947643917054E-0004
 3.65410714285714E-0001  -1.47555023431778E-0004
 3.65750000000000E-0001  -1.59261006047018E-0004
 3.66089285714286E-0001  -1.68916667462327E-0004
 3.66428571428571E-0001  -1.76400484633632E-0004
 3.66767857142857E-0001  -1.81619776412845E-0004
 3.67107142857143E-0001  -1.84511794941500E-0004
 3.67446428571429E-0001  -1.85044424142689E-0004
 3.67785714285714E-0001  -1.83216383447871E-0004
 3.68125000000000E-0001  -1.79057038621977E-0004
 3.68464285714286E-0001  -1.72625892446376E-0004
 3.68803571428571E-0001  -1.64011551532894E-0004
 3.69142857142857E-0001  -1.53330343891867E-0004
 3.69482142857143E-0001  -1.40724660013802E-0004
 3.69821428571429E-0001  -1.26360871945508E-0004
 3.70160714285714E-0001  -1.10426997707691E-0004
 3.70500000000000E-0001  -9.31301183300093E-0005
 3.70839285714286E-0001  -7.46935183997266E-0005
 3.71178571428571E-0001  -5.53537029190920E-0005
 3.71517857142857E-0001  -3.53572540916502E-0005
 3.71857142857143E-0001  -1.49575644172728E-0005
 3.72196428571429E-0001   5.58842702957918E-0006
 3.72535714285714E-0001   2.60235556197586E-0005
 3.72875000000000E-0001   4.60936898889486E-0005
 3.73214285714286E-0001   6.55509211355820E-0005
 3.73553571428571E-0001   8.41566288727336E-0005
 3.73892857142857E-0001   1.01684403489343E-0004
 3.74232142857143E-0001   1.17922769277356E-0004
 3.74571428571429E-0001   1.32677683723159E-0004
 3.74910714285714E-0001   1.45774800330400E-0004
 3.75250000000000E-0001   1.57061411300674E-0004
 3.75589285714286E-0001   1.66408179211430E-0004
 3.75928571428571E-0001   1.73710490344092E-0004
 3.76267857142857E-0001   1.78889473318122E-0004
 3.76607142857143E-0001   1.81892712134868E-0004
 3.76946428571429E-0001   1.82694711838849E-0004
 3.77285714285714E-0001   1.81296796654351E-0004
 3.77625000000000E-0001   1.77726949914359E-0004
 3.77964285714286E-0001   1.72039144672453E-0004
 3.78303571428571E-0001   1.64312441484071E-0004
 3.78642857142857E-0001   1.54649780597538E-0004
 3.78982142857143E-0001   1.43176497658715E-0004
 3.79321428571429E-0001   1.30038621136919E-0004
 3.79660714285714E-0001   1.15400864160619E-0004
 3.80000000000000E-0001   9.94444999378175E-0005
 3.80339285714286E-0001   8.23650407255627E-0005
 3.80678571428571E-0001   6.43697712803259E-0005
 3.81017857142857E-0001   4.56751513411291E-0005
 3.81357142857143E-0001   2.65042144746985E-0005
 3.81696428571429E-0001   7.08383959135972E-0006
 3.82035714285714E-0001  -1.23579320643330E-0005
 3.82375000000000E-0001  -3.15945799229667E-0005
 3.82714285714286E-0001  -5.04037379869260E-0005
 3.83053571428571E-0001  -6.85697159497067E-0005
 3.83392857142857E-0001  -8.58859784784727E-0005
 3.83732142857143E-0001  -1.02157384390011E-0004
 3.84071428571429E-0001  -1.17202376713976E-0004
 3.84410714285714E-0001  -1.30854910821654E-0004
 3.84750000000000E-0001  -1.42966178827919E-0004
 3.85089285714286E-0001  -1.53406217577867E-0004
 3.85428571428571E-0001  -1.62065116455778E-0004
 3.85767857142857E-0001  -1.68854094226845E-0004
 3.86107142857143E-0001  -1.73706328496337E-0004
 3.86446428571429E-0001  -1.76577479578555E-0004
 3.86785714285714E-0001  -1.77445923327468E-0004
 3.87125000000000E-0001  -1.76312823896296E-0004
 3.87464285714286E-0001  -1.73201857251115E-0004
 3.87803571428571E-0001  -1.68158760061488E-0004
 3.88142857142857E-0001  -1.61250543897040E-0004
 3.88482142857143E-0001  -1.52564563904889E-0004
 3.88821428571429E-0001  -1.42207354656421E-0004
 3.89160714285714E-0001  -1.30303247715347E-0004
 3.89500000000000E-0001  -1.16992800030857E-0004
 3.89839285714286E-0001  -1.02431091363541E-0004
 3.90178571428571E-0001  -8.67858543642797E-0005
 3.90517857142857E-0001  -7.02355391695164E-0005
 3.90857142857143E-0001  -5.29671960975975E-0005
 3.91196428571429E-0001  -3.51743692590389E-0005
 3.91535714285714E-0001  -1.70549101312645E-0005
 3.91875000000000E-0001   1.19123694730660E-0006
 3.92214285714286E-0001   1.93642299564090E-0005
 3.92553571428571E-0001   3.72665053873789E-0005
 3.92892857142857E-0001   5.47048948646989E-0005
 3.93232142857143E-0001   7.14926936780103E-0005
 3.93571428571429E-0001   8.74516044859774E-0005
 3.93910714285714E-0001   1.02413585409522E-0004
 3.94250000000000E-0001   1.16222567157819E-0004
 3.94589285714286E-0001   1.28736020997167E-0004
 3.94928571428571E-0001   1.39826370286755E-0004
 3.95267857142857E-0001   1.49382176459767E-0004
 3.95607142857143E-0001   1.57309244968928E-0004
 3.95946428571429E-0001   1.63531425641850E-0004
 3.96285714285714E-0001   1.67991267517209E-0004
 3.96625000000000E-0001   1.70650469954126E-0004
 3.96964285714286E-0001   1.71490100910887E-0004
 3.97303571428571E-0001   1.70510640600696E-0004
 3.97642857142857E-0001   1.67731806868687E-0004
 3.97982142857143E-0001   1.63192118634470E-0004
 3.98321428571429E-0001   1.56948415678926E-0004
 3.98660714285714E-0001   1.49075029185042E-0004
 3.99000000000000E-0001   1.39662894071080E-0004
 3.99339285714286E-0001   1.28818428493105E-0004
 3.99678571428571E-0001   1.16662275104317E-0004
 4.00017857142857E-0001   1.03327962278854E-0004
 4.00357142857143E-0001   8.89603979885578E-0005
 4.00696428571429E-0001   7.37142399884760E-0005
 4.01035714285714E-0001   5.77522332605440E-0005
 4.01375000000000E-0001   4.12434565078001E-0005
 4.01714285714286E-0001   2.43615322688129E-0005
 4.02053571428571E-0001   7.28277791495202E-0006
 4.02392857142857E-0001  -9.81560242507840E-0006
 4.02732142857143E-0001  -2.67573632299900E-0005
 4.03071428571429E-0001  -4.33690038335044E-0005
 4.03410714285714E-0001  -5.94815319345798E-0005
 4.03750000000000E-0001  -7.49321407056414E-0005
 4.04089285714286E-0001  -8.95658304216340E-0005
 4.04428571428571E-0001  -1.03236910945270E-0004
 4.04767857142857E-0001  -1.15810420538764E-0004
 4.05107142857143E-0001  -1.27163410070352E-0004
 4.05446428571429E-0001  -1.37186085339636E-0004
 4.05785714285714E-0001  -1.45782818435691E-0004
 4.06125000000000E-0001  -1.52873006300069E-0004
 4.06464285714286E-0001  -1.58391805598512E-0004
 4.06803571428571E-0001  -1.62290569278412E-0004
 4.07142857142857E-0001  -1.64537341333926E-0004
 4.07482142857143E-0001  -1.65116944117472E-0004
 4.07821428571429E-0001  -1.64031080203131E-0004
 4.08160714285714E-0001  -1.61298157763667E-0004
 4.08500000000000E-0001  -1.56952999532223E-0004
 4.08839285714286E-0001  -1.51046362589113E-0004
 4.09178571428571E-0001  -1.43644356285222E-0004
 4.09517857142857E-0001  -1.34827627334744E-0004
 4.09857142857143E-0001  -1.24690530356020E-0004
 4.10196428571429E-0001  -1.13340007374063E-0004
 4.10535714285714E-0001  -1.00894510978832E-0004
 4.10875000000000E-0001  -8.74827383086085E-0005
 4.11214285714286E-0001  -7.32422777218744E-0005
 4.11553571428571E-0001  -5.83182227273937E-0005
 4.11892857142857E-0001  -4.28616585850250E-0005
 4.12232142857143E-0001  -2.70281561824959E-0005
 4.12571428571429E-0001  -1.09762158899684E-0005
 4.12910714285714E-0001   5.13431541548925E-0006
 4.13250000000000E-0001   2.11438164114952E-0005
 4.13589285714286E-0001   3.68944565707352E-0005
 4.13928571428571E-0001   5.22317277500406E-0005
 4.14267857142857E-0001   6.70059380354360E-0005
 4.14607142857143E-0001   8.10736601124518E-0005
 4.14946428571429E-0001   9.42990518524311E-0005
 4.15285714285714E-0001   1.06555198726709E-0004
 4.15625000000000E-0001   1.17725256131961E-0004
 4.15964285714286E-0001   1.27703548059799E-0004
 4.16303571428571E-0001   1.36396542075090E-0004
 4.16642857142857E-0001   1.43723678775132E-0004
 4.16982142857143E-0001   1.49618092109449E-0004
 4.17321428571429E-0001   1.54027220560238E-0004
 4.17660714285714E-0001   1.56913170940243E-0004
 4.18000000000000E-0001   1.58253096742555E-0004
 4.18339285714286E-0001   1.58039314555936E-0004
 4.18678571428571E-0001   1.56279274960980E-0004
 4.19017857142857E-0001   1.52995489770547E-0004
 4.19357142857143E-0001   1.48225168231875E-0004
 4.19696428571429E-0001   1.42019853228703E-0004
 4.20035714285714E-0001   1.34444868308492E-0004
 4.20375000000000E-0001   1.25578546430916E-0004
 4.20714285714286E-0001   1.15511531475931E-0004
 4.21053571428571E-0001   1.04345766885671E-0004
 4.21392857142857E-0001   9.21935352380387E-0005
 4.21732142857143E-0001   7.91762868175283E-0005
 4.22071428571429E-0001   6.54234609100968E-0005
 4.22410714285714E-0001   5.10712015966419E-0005
 4.22750000000000E-0001   3.62610444426537E-0005
 4.23089285714286E-0001   2.11385013244580E-0005
 4.23428571428571E-0001   5.85168118050206E-0006
 4.23767857142857E-0001  -9.45016381592723E-0006
 4.24107142857143E-0001  -2.46180698013632E-0005
 4.24446428571429E-0001  -3.95047973142937E-0005
 4.24785714285714E-0001  -5.39662323717494E-0005
 4.25125000000000E-0001  -6.78627766319551E-0005
 4.25464285714286E-0001  -8.10606725281104E-0005
 4.25803571428571E-0001  -9.34332638280466E-0005
 4.26142857142857E-0001  -1.04862221633084E-0004
 4.26482142857143E-0001  -1.15238624857738E-0004
 4.26821428571429E-0001  -1.24464029795490E-0004
 4.27160714285714E-0001  -1.32451372337528E-0004
 4.27500000000000E-0001  -1.39125753776170E-0004
 4.27839285714286E-0001  -1.44425197504461E-0004
 4.28178571428571E-0001  -1.48301158333197E-0004
 4.28517857142857E-0001  -1.50719046359882E-0004
 4.28857142857143E-0001  -1.51658430695534E-0004
 4.29196428571429E-0001  -1.51113315951079E-0004
 4.29535714285714E-0001  -1.49092084029689E-0004
 4.29875000000000E-0001  -1.45617465022951E-0004
 4.30214285714286E-0001  -1.40726304380223E-0004
 4.30553571428571E-0001  -1.34469097247347E-0004
 4.30892857142857E-0001  -1.26909581013024E-0004
 4.31232142857143E-0001  -1.18124080472625E-0004
 4.31571428571429E-0001  -1.08200736576691E-0004
 4.31910714285714E-0001  -9.72386405919679E-0005
 4.32250000000000E-0001  -8.53469027788378E-0005
 4.32589285714286E-0001  -7.26435537217185E-0005
 4.32928571428571E-0001  -5.92544201936107E-0005
 4.33267857142857E-0001  -4.53118809673470E-0005
 4.33607142857143E-0001  -3.09535862470511E-0005
 4.33946428571429E-0001  -1.63211207109271E-0005
 4.34285714285714E-0001  -1.55863074269291E-0006
 4.34625000000000E-0001   1.31885853988933E-0005
 4.34964285714286E-0001   2.77754897979321E-0005
 4.35303571428571E-0001   4.20587130065542E-0005
 4.35642857142857E-0001   5.58979627385270E-0005
 4.35982142857143E-0001   6.91573732183315E-0005
 4.36321428571429E-0001   8.17068575997837E-0005
 4.36660714285714E-0001   9.34233612497337E-0005
 4.37000000000000E-0001   1.04192069557029E-0004
 4.37339285714286E-0001   1.13907546619884E-0004
 4.37678571428571E-0001   1.22474768431857E-0004
 4.38017857142857E-0001   1.29810054204427E-0004
 4.38357142857143E-0001   1.35841895826161E-0004
 4.38696428571429E-0001   1.40511678182520E-0004
 4.39035714285714E-0001   1.43774261232466E-0004
 4.39375000000000E-0001   1.45598445669748E-0004
 4.39714285714286E-0001   1.45967249409296E-0004
 4.40053571428571E-0001   1.44878140417859E-0004
 4.40392857142857E-0001   1.42343065817840E-0004
 4.40732142857143E-0001   1.38388320920058E-0004
 4.41071428571429E-0001   1.33054345496930E-0004
 4.41410714285714E-0001   1.26395301776938E-0004
 4.41750000000000E-0001   1.18478594231419E-0004
 4.42089285714286E-0001   1.09384171082638E-0004
 4.42428571428571E-0001   9.92037748801522E-0005
 4.42767857142857E-0001   8.80400693858974E-0005
 4.43107142857143E-0001   7.60055772843771E-0005
 4.43446428571429E-0001   6.32216251688078E-0005
 4.43785714285714E-0001   4.98170993523672E-0005
 4.44125000000000E-0001   3.59272198693361E-0005
 4.44464285714286E-0001   2.16921598621411E-0005
 4.44803571428571E-0001   7.25566087567131E-0006
 4.45142857142857E-0001  -7.23639459465630E-0006
 4.45482142857143E-0001  -2.16374537558295E-0005
 4.45821428571429E-0001  -3.58017568942159E-0005
 4.46160714285714E-0001  -4.95858221256640E-0005
 4.46500000000000E-0001  -6.28498673904687E-0005
 4.46839285714286E-0001  -7.54592620069161E-0005
 4.47178571428571E-0001  -8.72858654474840E-0005
 4.47517857142857E-0001  -9.82093552011065E-0005
 4.47857142857143E-0001  -1.08118467323947E-0004
 4.48196428571429E-0001  -1.16912109660916E-0004
 4.48535714285714E-0001  -1.24500467791222E-0004
 4.48875000000000E-0001  -1.30805870867334E-0004
 4.49214285714286E-0001  -1.35763664729893E-0004
 4.49553571428571E-0001  -1.39322874019854E-0004
 4.49892857142857E-0001  -1.41446784255095E-0004
 4.50232142857143E-0001  -1.42113291076384E-0004
 4.50571428571429E-0001  -1.41315205837600E-0004
 4.50910714285714E-0001  -1.39060386572964E-0004
 4.51250000000000E-0001  -1.35371621581726E-0004
 4.51589285714286E-0001  -1.30286498460919E-0004
 4.51928571428571E-0001  -1.23857011203654E-0004
 4.52267857142857E-0001  -1.16149109089747E-0004
 4.52607142857143E-0001  -1.07241998193785E-0004
 4.52946428571429E-0001  -9.72273992374539E-0005
 4.53285714285714E-0001  -8.62086162669584E-0005
 4.53625000000000E-0001  -7.42995034670457E-0005
 4.53964285714286E-0001  -6.16233155597001E-0005
 4.54303571428571E-0001  -4.83114708913490E-0005
 4.54642857142857E-0001  -3.45021762768738E-0005
 4.54982142857143E-0001  -2.03390445676632E-0005
 4.55321428571429E-0001  -5.96960308030248E-0006
 4.55660714285714E-0001   8.45622980705230E-0006
 4.56000000000000E-0001   2.27876989811193E-0005
 4.56339285714286E-0001   3.68747787433676E-0005
 4.56678571428571E-0001   5.05697462358512E-0005
 4.57017857142857E-0001   6.37287230347283E-0005
 4.57357142857143E-0001   7.62132040108554E-0005
 4.57696428571429E-0001   8.78915088833310E-0005
 4.58035714285714E-0001   9.86402010312304E-0005
 4.58375000000000E-0001   1.08345375338103E-0004
 4.58714285714286E-0001   1.16903916932642E-0004
 4.59053571428571E-0001   1.24224592582323E-0004
 4.59392857142857E-0001   1.30229076603428E-0004
 4.59732142857143E-0001   1.34852773044258E-0004
 4.60071428571429E-0001   1.38045565108769E-0004
 4.60410714285714E-0001   1.39772368129343E-0004
 4.60750000000000E-0001   1.40013595228083E-0004
 4.61089285714286E-0001   1.38765317387879E-0004
 4.61428571428571E-0001   1.36039452627301E-0004
 4.61767857142857E-0001   1.31863635033369E-0004
 4.62107142857143E-0001   1.26280938275158E-0004
 4.62446428571429E-0001   1.19349533633794E-0004
 4.62785714285714E-0001   1.11142078822013E-0004
 4.63125000000000E-0001   1.01744968560524E-0004
 4.63464285714286E-0001   9.12574978428893E-0005
 4.63803571428571E-0001   7.97907996457070E-0005
 4.64142857142857E-0001   6.74667244311422E-0005
 4.64482142857143E-0001   5.44165413884912E-0005
 4.64821428571429E-0001   4.07795814680867E-0005
 4.65160714285714E-0001   2.67017530859448E-0005
 4.65500000000000E-0001   1.23340050777187E-0005
 4.65839285714286E-0001  -2.16928515328618E-0006
 4.66178571428571E-0001  -1.66519621416228E-0005
 4.66517857142857E-0001  -3.09577662847005E-0005
 4.66857142857143E-0001  -4.49320250481833E-0005
 4.67196428571429E-0001  -5.84233130211942E-0005
 4.67535714285714E-0001  -7.12851106072776E-0005
 4.67875000000000E-0001  -8.33774101920426E-0005
 4.68214285714286E-0001  -9.45682186284103E-0005
 4.68553571428571E-0001  -1.04735045169945E-0004
 4.68892857142857E-0001  -1.13766262074932E-0004
 4.69232142857143E-0001  -1.21562312415335E-0004
 4.69571428571429E-0001  -1.28036874230020E-0004
 4.69910714285714E-0001  -1.33117806399241E-0004
 4.70250000000000E-0001  -1.36747985379770E-0004
 4.70589285714286E-0001  -1.38885981868953E-0004
 4.70928571428571E-0001  -1.39506591949612E-0004
 4.71267857142857E-0001  -1.38601099024527E-0004
 4.71607142857143E-0001  -1.36177433887497E-0004
 4.71946428571429E-0001  -1.32260189275257E-0004
 4.72285714285714E-0001  -1.26890357933007E-0004
 4.72625000000000E-0001  -1.20124939712695E-0004
 4.72964285714286E-0001  -1.12036395876202E-0004
 4.73303571428571E-0001  -1.02711841464042E-0004
 4.73642857142857E-0001  -9.22522085602395E-0005
 4.73982142857143E-0001  -8.07711039669812E-0005
 4.74321428571429E-0001  -6.83936596033163E-0005
 4.74660714285714E-0001  -5.52551537111867E-0005
 4.75000000000000E-0001  -4.14995629398618E-0005
 4.75339285714286E-0001  -2.72780034720199E-0005
 4.75678571428571E-0001  -1.27470657389494E-0005
 4.76017857142857E-0001   1.93287746697024E-0006
 4.76357142857143E-0001   1.65994497365318E-0005
 4.76696428571429E-0001   3.10900577460416E-0005
 4.77035714285714E-0001   4.52436943305656E-0005
 4.77375000000000E-0001   5.89027258683927E-0005
 4.77714285714286E-0001   7.19146701158024E-0005
 4.78053571428571E-0001   8.41338769532740E-0005
 4.78392857142857E-0001   9.54232091316953E-0005
 4.78732142857143E-0001   1.05655548395589E-0004
 4.79071428571429E-0001   1.14715301606338E-0004
 4.79410714285714E-0001   1.22499666758813E-0004
 4.79750000000000E-0001   1.28919869894162E-0004
 4.80089285714286E-0001   1.33902154630050E-0004
 4.80428571428571E-0001   1.37388691655360E-0004
 4.80767857142857E-0001   1.39338269946165E-0004
 4.81107142857143E-0001   1.39726776978932E-0004
 4.81446428571429E-0001   1.38547577080317E-0004
 4.81785714285714E-0001   1.35811569634825E-0004
 4.82125000000000E-0001   1.31547203636728E-0004
 4.82464285714286E-0001   1.25800157547928E-0004
 4.82803571428571E-0001   1.18632873636670E-0004
 4.83142857142857E-0001   1.10123932245187E-0004
 4.83482142857143E-0001   1.00367222330533E-0004
 4.83821428571429E-0001   8.94709155545570E-0005
 4.84160714285714E-0001   7.75562875787728E-0005
 4.84500000000000E-0001   6.47563865641132E-0005
 4.84839285714286E-0001   5.12145961693022E-0005
 4.85178571428571E-0001   3.70830057363492E-0005
 4.85517857142857E-0001   2.25207422772655E-0005
 4.85857142857143E-0001   7.69218422647100E-0006
 4.86196428571429E-0001  -7.23489165466162E-0006
 4.86535714285714E-0001  -2.20911952055758E-0005
 4.86875000000000E-0001  -3.67078500858042E-0005
 4.87214285714286E-0001  -5.09182973473798E-0005
 4.87553571428571E-0001  -6.45602194708772E-0005
 4.87892857142857E-0001  -7.74773798184469E-0005
 4.88232142857143E-0001  -8.95214325282723E-0005
 4.88571428571429E-0001  -1.00553639640566E-0004
 4.88910714285714E-0001  -1.10446475446224E-0004
 4.89250000000000E-0001  -1.19085110782180E-0004
 4.89589285714286E-0001  -1.26368802739307E-0004
 4.89928571428571E-0001  -1.32212036987767E-0004
 4.90267857142857E-0001  -1.36545582790859E-0004
 4.90607142857143E-0001  -1.39317373395897E-0004
 4.90946428571429E-0001  -1.40493037179112E-0004
 4.91285714285714E-0001  -1.40056523378007E-0004
 4.91625000000000E-0001  -1.38010174850933E-0004
 4.91964285714286E-0001  -1.34374873596244E-0004
 4.92303571428571E-0001  -1.29189793369733E-0004
 4.92642857142857E-0001  -1.22512064990588E-0004
 4.92982142857143E-0001  -1.14416121505200E-0004
 4.93321428571429E-0001  -1.04992912383750E-0004
 4.93660714285714E-0001  -9.43489358178340E-0005
 4.94000000000000E-0001  -8.26050236355513E-0005
 4.94339285714286E-0001  -6.98950170772150E-0005
 4.94678571428571E-0001  -5.63642352062743E-0005
 4.95017857142857E-0001  -4.21678669226822E-0005
 4.95357142857143E-0001  -2.74691756203538E-0005
 4.95696428571429E-0001  -1.24376592793851E-0005
 4.96035714285714E-0001   2.75290744866652E-0006
 4.96375000000000E-0001   1.79264716280159E-0005
 4.96714285714286E-0001   3.29067333950661E-0005
 4.97053571428571E-0001   4.75191918667406E-0005
 4.97392857142857E-0001   6.15931930951774E-0005
 4.97732142857143E-0001   7.49638929846697E-0005
 4.98071428571429E-0001   8.74742254381999E-0005
 4.98410714285714E-0001   9.89767650025897E-0005
 4.98750000000000E-0001   1.09335429442580E-0004
 4.99089285714286E-0001   1.18427145935129E-0004
 4.99428571428571E-0001   1.26143320812844E-0004
 4.99767857142857E-0001   1.32391141960397E-0004
 5.00107142857143E-0001   1.37094728415832E-0004
 5.00446428571429E-0001   1.40196090796962E-0004
 5.00785714285714E-0001   1.41655822517350E-0004
 5.01125000000000E-0001   1.41453652759083E-0004
 5.01464285714286E-0001   1.39588781166822E-0004
 5.01803571428571E-0001   1.36079892399721E-0004
 5.02142857142857E-0001   1.30965025164187E-0004
 5.02482142857143E-0001   1.24301222967915E-0004
 5.02821428571429E-0001   1.16163886559661E-0004
 5.03160714285714E-0001   1.06645966297946E-0004
 5.03500000000000E-0001   9.58569435169920E-0005
 5.03839285714286E-0001   8.39215790620074E-0005
 5.04178571428571E-0001   7.09784944774583E-0005
 5.04517857142857E-0001   5.71786149521358E-0005
 5.04857142857143E-0001   4.26833976234775E-0005
 5.05196428571429E-0001   2.76629816653440E-0005
 5.05535714285714E-0001   1.22942019515903E-0005
 5.05875000000000E-0001  -3.24147231367533E-0006
 5.06214285714286E-0001  -1.87600726349046E-0005
 5.06553571428571E-0001  -3.40773003699724E-0005
 5.06892857142857E-0001  -4.90107013320085E-0005
 5.07232142857143E-0001  -6.33818563073874E-0005
 5.07571428571429E-0001  -7.70184778957628E-0005
 5.07910714285714E-0001  -8.97565259947442E-0005
 5.08250000000000E-0001  -1.01442128652706E-0004
 5.08589285714286E-0001  -1.11933513835538E-0004
 5.08928571428571E-0001  -1.21102682896889E-0004
 5.09267857142857E-0001  -1.28837025840767E-0004
 5.09607142857143E-0001  -1.35040696477517E-0004
 5.09946428571429E-0001  -1.39635856612585E-0004
 5.10285714285714E-0001  -1.42563614645042E-0004
 5.10625000000000E-0001  -1.43784869578667E-0004
 5.10964285714286E-0001  -1.43280762131326E-0004
 5.11303571428571E-0001  -1.41053111292422E-0004
 5.11642857142857E-0001  -1.37124341563322E-0004
 5.11982142857143E-0001  -1.31537395645864E-0004
 5.12321428571429E-0001  -1.24355225125328E-0004
 5.12660714285714E-0001  -1.15660179289989E-0004
 5.13000000000000E-0001  -1.05553051980678E-0004
 5.13339285714286E-0001  -9.41519756452180E-0005
 5.13678571428571E-0001  -8.15910534583963E-0005
 5.14017857142857E-0001  -6.80188240949064E-0005
 5.14357142857143E-0001  -5.35965264134575E-0005
 5.14696428571429E-0001  -3.84962331736460E-0005
 5.15035714285714E-0001  -2.28987901209621E-0005
 5.15375000000000E-0001  -6.99170186635456E-0006
 5.15714285714286E-0001   9.03311320143985E-0006
 5.16053571428571E-0001   2.49816184805240E-0005
 5.16392857142857E-0001   4.06599938287400E-0005
 5.16732142857143E-0001   5.58769825147465E-0005
 5.17071428571429E-0001   7.04461999703199E-0005
 5.17410714285714E-0001   8.41884393594228E-0005
 5.17750000000000E-0001   9.69338580034673E-0005
 5.18089285714286E-0001   1.08524065581150E-0004
 5.18428571428571E-0001   1.18814132292754E-0004
 5.18767857142857E-0001   1.27674371469766E-0004
 5.19107142857143E-0001   1.34992005769163E-0004
 5.19446428571429E-0001   1.40672636916861E-0004
 5.19785714285714E-0001   1.44641453516670E-0004
 5.20125000000000E-0001   1.46844206028618E-0004
 5.20464285714286E-0001   1.47248050780036E-0004
 5.20803571428571E-0001   1.45841971971095E-0004
 5.21142857142857E-0001   1.42637072713114E-0004
 5.21482142857143E-0001   1.37666531372815E-0004
 5.21821428571429E-0001   1.30985295982100E-0004
 5.22160714285714E-0001   1.22669560369104E-0004
 5.22500000000000E-0001   1.12815861939452E-0004
 5.22839285714286E-0001   1.01540099421981E-0004
 5.23178571428571E-0001   8.89761431608349E-0005
 5.23517857142857E-0001   7.52743144403212E-0005
 5.23857142857143E-0001   6.05996319791302E-0005
 5.24196428571429E-0001   4.51298328698613E-0005
 5.24535714285714E-0001   2.90532952931244E-0005
 5.24875000000000E-0001   1.25667484098812E-0005
 5.25214285714286E-0001  -4.12709096053732E-0006
 5.25553571428571E-0001  -2.08219844353152E-0005
 5.25892857142857E-0001  -3.73106959159486E-0005
 5.26232142857143E-0001  -5.33875499968417E-0005
 5.26571428571429E-0001  -6.88509680912830E-0005
 5.26910714285714E-0001  -8.35059981909581E-0005
 5.27250000000000E-0001  -9.71667468547821E-0005
 5.27589285714286E-0001  -1.09658758447039E-0004
 5.27928571428571E-0001  -1.20821219752542E-0004
 5.28267857142857E-0001  -1.30509040900506E-0004
 5.28607142857143E-0001  -1.38594768941402E-0004
 5.28946428571429E-0001  -1.44970224937424E-0004
 5.29285714285714E-0001  -1.49548053741455E-0004
 5.29625000000000E-0001  -1.52262859046459E-0004
 5.29964285714286E-0001  -1.53072178363800E-0004
 5.30303571428571E-0001  -1.51957152411342E-0004
 5.30642857142857E-0001  -1.48922932567075E-0004
 5.30982142857143E-0001  -1.43998739076778E-0004
 5.31321428571429E-0001  -1.37237671879120E-0004
 5.31660714285714E-0001  -1.28716172184795E-0004
 5.32000000000000E-0001  -1.18533236673101E-0004
 5.32339285714286E-0001  -1.06809318822342E-0004
 5.32678571428571E-0001  -9.36849610297941E-0005
 5.33017857142857E-0001  -7.93191720731556E-0005
 5.33357142857143E-0001  -6.38875208096579E-0005
 5.33696428571429E-0001  -4.75800698040985E-0005
 5.34035714285714E-0001  -3.05990688502789E-0005
 5.34375000000000E-0001  -1.31564847833942E-0005
 5.34714285714286E-0001   4.52860376753961E-0006
 5.35053571428571E-0001   2.22327271330869E-0005
 5.35392857142857E-0001   3.97308176616207E-0005
 5.35732142857143E-0001   5.67990537092555E-0005
 5.36071428571429E-0001   7.32176995370537E-0005
 5.36410714285714E-0001   8.87739297468215E-0005
 5.36750000000000E-0001   1.03264566860161E-0004
 5.37089285714286E-0001   1.16498769784811E-0004
 5.37428571428571E-0001   1.28300496726297E-0004
 5.37767857142857E-0001   1.38510935357772E-0004
 5.38107142857143E-0001   1.46990569191985E-0004
 5.38446428571429E-0001   1.53621178469621E-0004
 5.38785714285714E-0001   1.58307448145933E-0004
 5.39125000000000E-0001   1.60978408530355E-0004
 5.39464285714286E-0001   1.61588512128219E-0004
 5.39803571428571E-0001   1.60118375788443E-0004
 5.40142857142857E-0001   1.56575290020555E-0004
 5.40482142857143E-0001   1.50993262650445E-0004
 5.40821428571429E-0001   1.43432844197378E-0004
 5.41160714285714E-0001   1.33980502141640E-0004
 5.41500000000000E-0001   1.22747718705796E-0004
 5.41839285714286E-0001   1.09869753941893E-0004
 5.42178571428571E-0001   9.55040450207889E-0005
 5.42517857142857E-0001   7.98283799667843E-0005
 5.42857142857143E-0001   6.30386857665144E-0005
 5.43196428571429E-0001   4.53466855105944E-0005
 5.43535714285714E-0001   2.69772208412178E-0005
 5.43875000000000E-0001   8.16543615655974E-0006
 5.44214285714286E-0001  -1.08462127172970E-0005
 5.44553571428571E-0001  -2.98110699077370E-0005
 5.44892857142857E-0001  -4.84814772789832E-0005
 5.45232142857143E-0001  -6.66120031382889E-0005
 5.45571428571429E-0001  -8.39626954984851E-0005
 5.45910714285714E-0001  -1.00302262580953E-0004
 5.46250000000000E-0001  -1.15411196020431E-0004
 5.46589285714286E-0001  -1.29084713989869E-0004
 5.46928571428571E-0001  -1.41135620651767E-0004
 5.47267857142857E-0001  -1.51396903675050E-0004
 5.47607142857143E-0001  -1.59724033437669E-0004
 5.47946428571429E-0001  -1.65997102158144E-0004
 5.48285714285714E-0001  -1.70122613781132E-0004
 5.48625000000000E-0001  -1.72034793649800E-0004
 5.48964285714286E-0001  -1.71696825418621E-0004
 5.49303571428571E-0001  -1.69101389474235E-0004
 5.49642857142857E-0001  -1.64271099492908E-0004
 5.49982142857143E-0001  -1.57258284161799E-0004
 5.50321428571429E-0001  -1.48144565173425E-0004
 5.50660714285714E-0001  -1.37039955006912E-0004
 5.51000000000000E-0001  -1.24081518151797E-0004
 5.51339285714286E-0001  -1.09431755845435E-0004
 5.51678571428571E-0001  -9.32765615289100E-0005
 5.52017857142857E-0001  -7.58228561608121E-0005
 5.52357142857143E-0001  -5.72959470446222E-0005
 5.52696428571429E-0001  -3.79365810658783E-0005
 5.53035714285714E-0001  -1.79977996594971E-0005
 5.53375000000000E-0001   2.25842200052284E-0006
 5.53714285714286E-0001   2.25646617764141E-0005
 5.54053571428571E-0001   4.26516453444492E-0005
 5.54392857142857E-0001   6.22518782620318E-0005
 5.54732142857143E-0001   8.11032950878143E-0005
 5.55071428571429E-0001   9.89528052741662E-0005
 5.55410714285714E-0001   1.15559822006616E-0004
 5.55750000000000E-0001   1.30699525470845E-0004
 5.56089285714286E-0001   1.44166013342328E-0004
 5.56428571428571E-0001   1.55775167513639E-0004
 5.56767857142857E-0001   1.65367251611315E-0004
 5.57107142857143E-0001   1.72809115611017E-0004
 5.57446428571429E-0001   1.77996145794168E-0004
 5.57785714285714E-0001   1.80853734491393E-0004
 5.58125000000000E-0001   1.81338356924243E-0004
 5.58464285714286E-0001   1.79438298800960E-0004
 5.58803571428571E-0001   1.75173801835626E-0004
 5.59142857142857E-0001   1.68596860021353E-0004
 5.59482142857143E-0001   1.59790623001754E-0004
 5.59821428571429E-0001   1.48868173710071E-0004
 5.60160714285714E-0001   1.35971131385304E-0004
 5.60500000000000E-0001   1.21267643407918E-0004
 5.60839285714286E-0001   1.04950151580851E-0004
 5.61178571428571E-0001   8.72327582328580E-0005
 5.61517857142857E-0001   6.83483085595071E-0005
 5.61857142857143E-0001   4.85452037537470E-0005
 5.62196428571429E-0001   2.80840104096569E-0005
 5.62535714285714E-0001   7.23391076462576E-0006
 5.62875000000000E-0001  -1.37309580168221E-0005
 5.63214285714286E-0001  -3.45352309523150E-0005
 5.63553571428571E-0001  -5.49060423509218E-0005
 5.63892857142857E-0001  -7.45767029002309E-0005
 5.64232142857143E-0001  -9.32902912609279E-0005
 5.64571428571429E-0001  -1.10803062852937E-0004
 5.64910714285714E-0001  -1.26887709484436E-0004
 5.65250000000000E-0001  -1.41336320666596E-0004
 5.65589285714286E-0001  -1.53963133925572E-0004
 5.65928571428571E-0001  -1.64606870384887E-0004
 5.66267857142857E-0001  -1.73132822965272E-0004
 5.66607142857143E-0001  -1.79434457095340E-0004
 5.66946428571429E-0001  -1.83434749487787E-0004
 5.67285714285714E-0001  -1.85087046702392E-0004
 5.67625000000000E-0001  -1.84375414391980E-0004
 5.67964285714286E-0001  -1.81314782821573E-0004
 5.68303571428571E-0001  -1.75950466655195E-0004
 5.68642857142857E-0001  -1.68357422808185E-0004
 5.68982142857143E-0001  -1.58639057190157E-0004
 5.69321428571429E-0001  -1.46925638546236E-0004
 5.69660714285714E-0001  -1.33372464915738E-0004
 5.70000000000000E-0001  -1.18157615361269E-0004
 5.70339285714286E-0001  -1.01479461591225E-0004
 5.70678571428571E-0001  -8.35539831314236E-0005
 5.71017857142857E-0001  -6.46118132863194E-0005
 5.71357142857143E-0001  -4.48951577709522E-0005
 5.71696428571429E-0001  -2.46545878326287E-0005
 5.72035714285714E-0001  -4.14577925766935E-0006
 5.72375000000000E-0001   1.63738041010220E-0005
 5.72714285714286E-0001   3.66481872333679E-0005
 5.73053571428571E-0001   5.64261245017406E-0005
 5.73392857142857E-0001   7.54642242100090E-0005
 5.73732142857143E-0001   9.35299322009087E-0005
 5.74071428571429E-0001   1.10404384031426E-0004
 5.74410714285714E-0001   1.25884980661795E-0004
 5.74750000000000E-0001   1.39787764055654E-0004
 5.75089285714286E-0001   1.51949570863508E-0004
 5.75428571428571E-0001   1.62229800480418E-0004
 5.75767857142857E-0001   1.70511964824982E-0004
 5.76107142857143E-0001   1.76704896148294E-0004
 5.76446428571429E-0001   1.80743591045029E-0004
 5.76785714285714E-0001   1.82589748874307E-0004
 5.77125000000000E-0001   1.82232033694163E-0004
 5.77464285714286E-0001   1.79685841430910E-0004
 5.77803571428571E-0001   1.74992936081253E-0004
 5.78142857142857E-0001   1.68220620253123E-0004
 5.78482142857143E-0001   1.59460701979697E-0004
 5.78821428571429E-0001   1.48828112287447E-0004
 5.79160714285714E-0001   1.36459289933555E-0004
 5.79500000000000E-0001   1.22510376968421E-0004
 5.79839285714286E-0001   1.07155050500296E-0004
 5.80178571428571E-0001   9.05824126675725E-0005
 5.80517857142857E-0001   7.29944586055353E-0005
 5.80857142857143E-0001   5.46036499144975E-0005
 5.81196428571429E-0001   3.56302298314404E-0005
 5.81535714285714E-0001   1.62995911523467E-0005
 5.81875000000000E-0001  -3.16043769998942E-0006
 5.82214285714286E-0001  -2.25222847802797E-0005
 5.82553571428571E-0001  -4.15612885262817E-0005
 5.82892857142857E-0001  -6.00582934566773E-0005
 5.83232142857143E-0001  -7.78021276346408E-0005
 5.83571428571429E-0001  -9.45919746300206E-0005
 5.83910714285714E-0001  -1.10239590867422E-0004
 5.84250000000000E-0001  -1.24571350170299E-0004
 5.84589285714286E-0001  -1.37430091854185E-0004
 5.84928571428571E-0001  -1.48676714161411E-0004
 5.85267857142857E-0001  -1.58191687660292E-0004
 5.85607142857143E-0001  -1.65876102983020E-0004
 5.85946428571429E-0001  -1.71652660355903E-0004
 5.86285714285714E-0001  -1.75466309883632E-0004
 5.86625000000000E-0001  -1.77284659002908E-0004
 5.86964285714286E-0001  -1.77098074345849E-0004
 5.87303571428571E-0001  -1.74919623532332E-0004
 5.87642857142857E-0001  -1.70784682268277E-0004
 5.87982142857143E-0001  -1.64750264957547E-0004
 5.88321428571429E-0001  -1.56894253450446E-0004
 5.88660714285714E-0001  -1.47314247442409E-0004
 5.89000000000000E-0001  -1.36126313009299E-0004
 5.89339285714286E-0001  -1.23463541967794E-0004
 5.89678571428571E-0001  -1.09474356577266E-0004
 5.90017857142857E-0001  -9.43207269301638E-0005
 5.90357142857143E-0001  -7.81763010309078E-0005
 5.90696428571429E-0001  -6.12242947681807E-0005
 5.91035714285714E-0001  -4.36554546467960E-0005
 5.91375000000000E-0001  -2.56658713624347E-0005
 5.91714285714286E-0001  -7.45476518204669E-0006
 5.92053571428571E-0001   1.07776977529283E-0005
 5.92392857142857E-0001   2.88326045847498E-0005
 5.92732142857143E-0001   4.65144476038404E-0005
 5.93071428571429E-0001   6.36332042631693E-0005
 5.93410714285714E-0001   8.00063644419424E-0005
 5.93750000000000E-0001   9.54607967287302E-0005
 5.94089285714286E-0001   1.09834567410871E-0004
 5.94428571428571E-0001   1.22978541185148E-0004
 5.94767857142857E-0001   1.34757894556969E-0004
 5.95107142857143E-0001   1.45053418236785E-0004
 5.95446428571429E-0001   1.53762608533725E-0004
 5.95785714285714E-0001   1.60800685989670E-0004
 5.96125000000000E-0001   1.66101264767349E-0004
 5.96464285714286E-0001   1.69616949278861E-0004
 5.96803571428571E-0001   1.71319610672072E-0004
 5.97142857142857E-0001   1.71200546901673E-0004
 5.97482142857143E-0001   1.69270380865782E-0004
 5.97821428571429E-0001   1.65558798471466E-0004
 5.98160714285714E-0001   1.60114053869620E-0004
 5.98500000000000E-0001   1.53002285514958E-0004
 5.98839285714286E-0001   1.44306686706841E-0004
 5.99178571428571E-0001   1.34126486955211E-0004
 5.99517857142857E-0001   1.22575773275457E-0004
 5.99857142857143E-0001   1.09782136860303E-0004
 6.00196428571429E-0001   9.58852906478569E-0005
 6.00535714285714E-0001   8.10354758868925E-0005
 6.00875000000000E-0001   6.53918177704327E-0005
 6.01214285714286E-0001   4.91206337756012E-0005
 6.01553571428571E-0001   3.23936073982622E-0005
 6.01892857142857E-0001   1.53860091813840E-0005
 6.02232142857143E-0001  -1.72514432961179E-0006
 6.02571428571429E-0001  -1.87629302672576E-0005
 6.02910714285714E-0001  -3.55523261532653E-0005
 6.03250000000000E-0001  -5.19219865964260E-0005
 6.03589285714286E-0001  -6.77059724694118E-0005
 6.03928571428571E-0001  -8.27453914098442E-0005
 6.04267857142857E-0001  -9.68899548752233E-0005
 6.04607142857143E-0001  -1.09999455162324E-0004
 6.04946428571429E-0001  -1.21945100545417E-0004
 6.05285714285714E-0001  -1.32610730361193E-0004
 6.05625000000000E-0001  -1.41893891850486E-0004
 6.05964285714286E-0001  -1.49706786032766E-0004
 6.06303571428571E-0001  -1.55976988025941E-0004
 6.06642857142857E-0001  -1.60648152814247E-0004
 6.06982142857143E-0001  -1.63680364494212E-0004
 6.07321428571429E-0001  -1.65050500072539E-0004
 6.07660714285714E-0001  -1.64752273121849E-0004
 6.08000000000000E-0001  -1.62796190124936E-0004
 6.08339285714286E-0001  -1.59209346747957E-0004
 6.08678571428571E-0001  -1.54035034938715E-0004
 6.09017857142857E-0001  -1.47332189953886E-0004
 6.09357142857143E-0001  -1.39174648211338E-0004
 6.09696428571429E-0001  -1.29650405142456E-0004
 6.10035714285714E-0001  -1.18860567454248E-0004
 6.10375000000000E-0001  -1.06918298115488E-0004
 6.10714285714286E-0001  -9.39475939958356E-0005
 6.11053571428571E-0001  -8.00820125732571E-0005
 6.11392857142857E-0001  -6.54632676742040E-0005
 6.11732142857143E-0001  -5.02397888340056E-0005
 6.12071428571429E-0001  -3.45652188116219E-0005
 6.12410714285714E-0001  -1.85968710866291E-0005
 6.12750000000000E-0001  -2.49414506470202E-0006
 6.13089285714286E-0001   1.35830323415575E-0005
 6.13428571428571E-0001   2.94757883239072E-0005
 6.13767857142857E-0001   4.50278566859197E-0005
 6.14107142857143E-0001   6.00870771449991E-0005
 6.14446428571429E-0001   7.45068755350076E-0005
 6.14785714285714E-0001   8.81476589711383E-0005
 6.15125000000000E-0001   1.00878132798243E-0004
 6.15464285714286E-0001   1.12576533865649E-0004
 6.15803571428571E-0001   1.23131772852503E-0004
 6.16142857142857E-0001   1.32444445625879E-0004
 6.16482142857143E-0001   1.40427757287398E-0004
 6.16821428571429E-0001   1.47008264320903E-0004
 6.17160714285714E-0001   1.52126580360346E-0004
 6.17500000000000E-0001   1.55737812747248E-0004
 6.17839285714286E-0001   1.57811955432408E-0004
 6.18178571428571E-0001   1.58334136358462E-0004
 6.18517857142857E-0001   1.57304646563716E-0004
 6.18857142857143E-0001   1.54738896526396E-0004
 6.19196428571429E-0001   1.50667154230177E-0004
 6.19535714285714E-0001   1.45134268677793E-0004
 6.19875000000000E-0001   1.38199087814428E-0004
 6.20214285714286E-0001   1.29933876451105E-0004
 6.20553571428571E-0001   1.20423574117012E-0004
 6.20892857142857E-0001   1.09764885564800E-0004
 6.21232142857143E-0001   9.80653276201338E-0005
 6.21571428571429E-0001   8.54421450640075E-0005
 6.21910714285714E-0001   7.20211537554860E-0005
 6.22250000000000E-0001   5.79354964429513E-0005
 6.22589285714286E-0001   4.33243076258805E-0005
 6.22928571428571E-0001   2.83314002444968E-0005
 6.23267857142857E-0001   1.31038286781404E-0005
 6.23607142857143E-0001  -2.20951960727689E-0006
 6.23946428571429E-0001  -1.74593642441323E-0005
 6.24285714285714E-0001  -3.24974680552259E-0005
 6.24625000000000E-0001  -4.71780658699572E-0005
 6.24964285714286E-0001  -6.13592565059662E-0005
 6.25303571428571E-0001  -7.49043392715976E-0005
 6.25642857142857E-0001  -8.76831545610912E-0005
 6.25982142857143E-0001  -9.95732698356733E-0005
 6.26321428571429E-0001  -1.10461187432520E-0004
 6.26660714285714E-0001  -1.20243377750739E-0004
 6.27000000000000E-0001  -1.28827261505648E-0004
 6.27339285714286E-0001  -1.36132104671560E-0004
 6.27678571428571E-0001  -1.42089716973715E-0004
 6.28017857142857E-0001  -1.46645135828294E-0004
 6.28357142857143E-0001  -1.49757121107541E-0004
 6.28696428571429E-0001  -1.51398475281894E-0004
 6.29035714285714E-0001  -1.51556378114037E-0004
 6.29375000000000E-0001  -1.50232401210815E-0004
 6.29714285714286E-0001  -1.47442493471317E-0004
 6.30053571428571E-0001  -1.43216864671558E-0004
 6.30392857142857E-0001  -1.37599578010850E-0004
 6.30732142857143E-0001  -1.30648186313920E-0004
 6.31071428571429E-0001  -1.22433135402389E-0004
 6.31410714285714E-0001  -1.13037065602839E-0004
 6.31750000000000E-0001  -1.02553996839560E-0004
 6.32089285714286E-0001  -9.10884191398509E-0005
 6.32428571428571E-0001  -7.87542885518633E-0005
 6.32767857142857E-0001  -6.56738702673465E-0005
 6.33107142857143E-0001  -5.19766035722569E-0005
 6.33446428571429E-0001  -3.77978030883241E-0005
 6.33785714285714E-0001  -2.32773654715857E-0005
 6.34125000000000E-0001  -8.55839243740775E-0006
 6.34464285714286E-0001   6.21418712398736E-0006
 6.34803571428571E-0001   2.08950350497616E-0005
 6.35142857142857E-0001   3.53398172592279E-0005
 6.35482142857143E-0001   4.94066080136690E-0005
 6.35821428571429E-0001   6.29572823527269E-0005
 6.36160714285714E-0001   7.58588430471718E-0005
 6.36500000000000E-0001   8.79847575561143E-0005
 6.36839285714286E-0001   9.92161658359692E-0005
 6.37178571428571E-0001   1.09443048131652E-0004
 6.37517857142857E-0001   1.18565323646180E-0004
 6.37857142857143E-0001   1.26493832794949E-0004
 6.38196428571429E-0001   1.33151203044690E-0004
 6.38535714285714E-0001   1.38472649268806E-0004
 6.38875000000000E-0001   1.42406555823982E-0004
 6.39214285714286E-0001   1.44915073178709E-0004
 6.39553571428571E-0001   1.45974467159249E-0004
 6.39892857142857E-0001   1.45575351780280E-0004
 6.40232142857143E-0001   1.43722805660218E-0004
 6.40571428571429E-0001   1.40436342917383E-0004
 6.40910714285714E-0001   1.35749767650850E-0004
 6.41250000000000E-0001   1.29710795590654E-0004
 6.41589285714286E-0001   1.22380602988414E-0004
 6.41928571428571E-0001   1.13833310024347E-0004
 6.42267857142857E-0001   1.04155173175968E-0004
 6.42607142857143E-0001   9.34437994146720E-0005
 6.42946428571429E-0001   8.18071712274104E-0005
 6.43285714285714E-0001   6.93625916028395E-0005
 6.43625000000000E-0001   5.62355235160794E-0005
 6.43964285714286E-0001   4.25583493779413E-0005
 6.44303571428571E-0001   2.84690613625571E-0005
 6.44642857142857E-0001   1.41098926178528E-0005
 6.44982142857143E-0001  -3.74107656853084E-0007
 6.45321428571429E-0001  -1.48365224958979E-0005
 6.45660714285714E-0001  -2.91310334432637E-0005
 6.46000000000000E-0001  -4.31128937634639E-0005
 6.46339285714286E-0001  -5.66403941775206E-0005
 6.46678571428571E-0001  -6.95762864779681E-0005
 6.47017857142857E-0001  -8.17891923361458E-0005
 6.47357142857143E-0001  -9.31549293454736E-0005
 6.47696428571429E-0001  -1.03557780676055E-0004
 6.48035714285714E-0001  -1.12891721073538E-0004
 6.48375000000000E-0001  -1.21061442769132E-0004
 6.48714285714286E-0001  -1.27983439597301E-0004
 6.49053571428571E-0001  -1.33586770971306E-0004
 6.49392857142857E-0001  -1.37813942274079E-0004
 6.49732142857143E-0001  -1.40621385071427E-0004
 6.50071428571429E-0001  -1.41980053740554E-0004
 6.50410714285714E-0001  -1.41875658300705E-0004
 6.50750000000000E-0001  -1.40308955451474E-0004
 6.51089285714286E-0001  -1.37295632157475E-0004
 6.51428571428571E-0001  -1.32866334752180E-0004
 6.51767857142857E-0001  -1.27066276036203E-0004
 6.52107142857143E-0001  -1.19954864203464E-0004
 6.52446428571429E-0001  -1.11605106212664E-0004
 6.52785714285714E-0001  -1.02102916571311E-0004
 6.53125000000000E-0001  -9.15462223929353E-0005
 6.53464285714286E-0001  -8.00440320745111E-0005
 6.53803571428571E-0001  -6.77152856951579E-0005
 6.54142857142857E-0001  -5.46876945008989E-0005
 6.54482142857143E-0001  -4.10964312322903E-0005
 6.54821428571429E-0001  -2.70827204076340E-0005
 6.55160714285714E-0001  -1.27924276966950E-0005
 6.55500000000000E-0001   1.62547109994193E-0006
 6.55839285714286E-0001   1.60204217536375E-0005
 6.56178571428571E-0001   3.02418557112105E-0005
 6.56517857142857E-0001   4.41407682956196E-0005
 6.56857142857143E-0001   5.75712656427640E-0005
 6.57196428571429E-0001   7.03921105014160E-0005
 6.57535714285714E-0001   8.24682138045318E-0005
 6.57875000000000E-0001   9.36720607569441E-0005
 6.58214285714286E-0001   1.03885067801456E-0004
 6.58553571428571E-0001   1.12998874101322E-0004
 6.58892857142857E-0001   1.20916491141542E-0004
 6.59232142857143E-0001   1.27553343190812E-0004
 6.59571428571429E-0001   1.32838249555789E-0004
 6.59910714285714E-0001   1.36714137624949E-0004
 6.60250000000000E-0001   1.39138763188384E-0004
 6.60589285714286E-0001   1.40085132443346E-0004
 6.60928571428571E-0001   1.39541894895956E-0004
 6.61267857142857E-0001   1.37513459776528E-0004
 6.61607142857143E-0001   1.34020025143400E-0004
 6.61946428571429E-0001   1.29097403259948E-0004
 6.62285714285714E-0001   1.22796671348624E-0004
 6.62625000000000E-0001   1.15183720481582E-0004
 6.62964285714286E-0001   1.06338520708959E-0004
 6.63303571428571E-0001   9.63543789112009E-0005
 6.63642857142857E-0001   8.53369638207369E-0005
 6.63982142857143E-0001   7.34032000764273E-0005
 6.64321428571429E-0001   6.06800531386398E-0005
 6.64660714285714E-0001   4.73032196168788E-0005
 6.65000000000000E-0001   3.34156793542206E-0005
 6.65339285714286E-0001   1.91661911230767E-0005
 6.65678571428571E-0001   4.70770874017035E-0006
 6.66017857142857E-0001  -9.80424374574795E-0006
 6.66357142857143E-0001  -2.42132482526358E-0005
 6.66696428571429E-0001  -3.83636688638944E-0005
 6.67035714285714E-0001  -5.21023321198300E-0005
 6.67375000000000E-0001  -6.52801973046735E-0005
 6.67714285714286E-0001  -7.77539753471501E-0005
 6.68053571428571E-0001  -8.93876858754084E-0005
 6.68392857142857E-0001  -1.00054174254182E-0004
 6.68732142857143E-0001  -1.09636486740782E-0004
 6.69071428571429E-0001  -1.18029209261294E-0004
 6.69410714285714E-0001  -1.25139617011882E-0004
 6.69750000000000E-0001  -1.30888744024560E-0004
 6.70089285714286E-0001  -1.35212263558060E-0004
 6.70428571428571E-0001  -1.38061237521470E-0004
 6.70767857142857E-0001  -1.39402720378712E-0004
 6.71107142857143E-0001  -1.39220137498342E-0004
 6.71446428571429E-0001  -1.37513547088020E-0004
 6.71785714285714E-0001  -1.34299683850259E-0004
 6.72125000000000E-0001  -1.29611784359440E-0004
 6.72464285714286E-0001  -1.23499339679256E-0004
 6.72803571428571E-0001  -1.16027549665886E-0004
 6.73142857142857E-0001  -1.07276719063520E-0004
 6.73482142857143E-0001  -9.73413407336921E-0005
 6.73821428571429E-0001  -8.63291643327102E-0005
 6.74160714285714E-0001  -7.43600321584381E-0005
 6.74500000000000E-0001  -6.15645767538808E-0005
 6.74839285714286E-0001  -4.80828566651326E-0005
 6.75178571428571E-0001  -3.40627957484685E-0005
 6.75517857142857E-0001  -1.96586024685530E-0005
 6.75857142857143E-0001  -5.02908187627327E-0006
 6.76196428571429E-0001   9.66412062552990E-0006
 6.76535714285714E-0001   2.42582900682464E-0005
 6.76875000000000E-0001   3.85914427170064E-0005
 6.77214285714286E-0001   5.25041250512004E-0005
 6.77553571428571E-0001   6.58411954645999E-0005
 6.77892857142857E-0001   7.84535659477115E-0005
 6.78232142857143E-0001   9.01998573681340E-0005

