 1.00000000000000E+0000   0.00000000000000E+0000
 1.50000000000000E+0000   0.00000000000000E+0000
 2.00000000000000E+0000   0.00000000000000E+0000
 2.50000000000000E+0000   0.00000000000000E+0000
 3.00000000000000E+0000   0.00000000000000E+0000
 3.50000000000000E+0000   0.00000000000000E+0000
 4.00000000000000E+0000   0.00000000000000E+0000
 4.50000000000000E+0000   0.00000000000000E+0000
 5.00000000000000E+0000   0.00000000000000E+0000
 5.50000000000000E+0000   0.00000000000000E+0000
 6.00000000000000E+0000   0.00000000000000E+0000
 6.50000000000000E+0000   0.00000000000000E+0000
 7.00000000000000E+0000   0.00000000000000E+0000
 7.50000000000000E+0000   0.00000000000000E+0000
 8.00000000000000E+0000   0.00000000000000E+0000
 8.50000000000000E+0000   0.00000000000000E+0000
 9.00000000000000E+0000   0.00000000000000E+0000
 9.50000000000000E+0000   0.00000000000000E+0000
 1.00000000000000E+0001   0.00000000000000E+0000
 1.05000000000000E+0001   0.00000000000000E+0000
 1.10000000000000E+0001   0.00000000000000E+0000
 1.15000000000000E+0001   0.00000000000000E+0000
 1.20000000000000E+0001   0.00000000000000E+0000
 1.25000000000000E+0001   0.00000000000000E+0000
 1.30000000000000E+0001   0.00000000000000E+0000
 1.35000000000000E+0001   0.00000000000000E+0000
 1.40000000000000E+0001   0.00000000000000E+0000
 1.45000000000000E+0001   0.00000000000000E+0000
 1.50000000000000E+0001   0.00000000000000E+0000
 1.55000000000000E+0001   0.00000000000000E+0000
 1.60000000000000E+0001   0.00000000000000E+0000
 1.65000000000000E+0001   0.00000000000000E+0000
 1.70000000000000E+0001   0.00000000000000E+0000
 1.75000000000000E+0001   0.00000000000000E+0000
 1.80000000000000E+0001   0.00000000000000E+0000
 1.85000000000000E+0001   0.00000000000000E+0000
 1.90000000000000E+0001   0.00000000000000E+0000
 1.95000000000000E+0001   0.00000000000000E+0000
 2.00000000000000E+0001   0.00000000000000E+0000
 2.05000000000000E+0001   0.00000000000000E+0000
 2.10000000000000E+0001   0.00000000000000E+0000
 2.15000000000000E+0001   0.00000000000000E+0000
 2.20000000000000E+0001   0.00000000000000E+0000
 2.25000000000000E+0001   0.00000000000000E+0000
 2.30000000000000E+0001   0.00000000000000E+0000
 2.35000000000000E+0001   0.00000000000000E+0000
 2.40000000000000E+0001   0.00000000000000E+0000
 2.45000000000000E+0001   0.00000000000000E+0000
 2.50000000000000E+0001   0.00000000000000E+0000
 2.55000000000000E+0001   0.00000000000000E+0000
 2.60000000000000E+0001   0.00000000000000E+0000
 2.65000000000000E+0001   0.00000000000000E+0000
 2.70000000000000E+0001   0.00000000000000E+0000
 2.75000000000000E+0001   0.00000000000000E+0000
 2.80000000000000E+0001   0.00000000000000E+0000
 2.85000000000000E+0001   0.00000000000000E+0000
 2.90000000000000E+0001   0.00000000000000E+0000
 2.95000000000000E+0001   0.00000000000000E+0000
 3.00000000000000E+0001   0.00000000000000E+0000
 3.05000000000000E+0001   0.00000000000000E+0000
 3.10000000000000E+0001   0.00000000000000E+0000
 3.15000000000000E+0001   0.00000000000000E+0000
 3.20000000000000E+0001   0.00000000000000E+0000
 3.25000000000000E+0001   0.00000000000000E+0000
 3.30000000000000E+0001   0.00000000000000E+0000
 3.35000000000000E+0001   0.00000000000000E+0000
 3.40000000000000E+0001   0.00000000000000E+0000
 3.45000000000000E+0001   0.00000000000000E+0000
 3.50000000000000E+0001   0.00000000000000E+0000
 3.55000000000000E+0001   0.00000000000000E+0000
 3.60000000000000E+0001   0.00000000000000E+0000
 3.65000000000000E+0001   0.00000000000000E+0000
 3.70000000000000E+0001   0.00000000000000E+0000
 3.75000000000000E+0001   0.00000000000000E+0000
 3.80000000000000E+0001   0.00000000000000E+0000
 3.85000000000000E+0001   0.00000000000000E+0000
 3.90000000000000E+0001   0.00000000000000E+0000
 3.95000000000000E+0001   0.00000000000000E+0000
 4.00000000000000E+0001   0.00000000000000E+0000
 4.05000000000000E+0001   0.00000000000000E+0000
 4.10000000000000E+0001   0.00000000000000E+0000
 4.15000000000000E+0001   0.00000000000000E+0000
 4.20000000000000E+0001   0.00000000000000E+0000
 4.25000000000000E+0001   0.00000000000000E+0000
 4.30000000000000E+0001   0.00000000000000E+0000
 4.35000000000000E+0001   0.00000000000000E+0000
 4.40000000000000E+0001   0.00000000000000E+0000
 4.45000000000000E+0001   0.00000000000000E+0000
 4.50000000000000E+0001   0.00000000000000E+0000
 4.55000000000000E+0001   0.00000000000000E+0000
 4.60000000000000E+0001   0.00000000000000E+0000
 4.65000000000000E+0001   0.00000000000000E+0000
 4.70000000000000E+0001   0.00000000000000E+0000
 4.75000000000000E+0001   0.00000000000000E+0000
 4.80000000000000E+0001   0.00000000000000E+0000
 4.85000000000000E+0001   0.00000000000000E+0000
 4.90000000000000E+0001   0.00000000000000E+0000
 4.95000000000000E+0001   0.00000000000000E+0000
 5.00000000000000E+0001   0.00000000000000E+0000
 5.05000000000000E+0001   0.00000000000000E+0000
 5.10000000000000E+0001   0.00000000000000E+0000
 5.15000000000000E+0001   0.00000000000000E+0000
 5.20000000000000E+0001   0.00000000000000E+0000
 5.25000000000000E+0001   0.00000000000000E+0000
 5.30000000000000E+0001   0.00000000000000E+0000
 5.35000000000000E+0001   0.00000000000000E+0000
 5.40000000000000E+0001   0.00000000000000E+0000
 5.45000000000000E+0001   0.00000000000000E+0000
 5.50000000000000E+0001   0.00000000000000E+0000
 5.55000000000000E+0001   0.00000000000000E+0000
 5.60000000000000E+0001   0.00000000000000E+0000
 5.65000000000000E+0001   0.00000000000000E+0000
 5.70000000000000E+0001   0.00000000000000E+0000
 5.75000000000000E+0001   0.00000000000000E+0000
 5.80000000000000E+0001   0.00000000000000E+0000
 5.85000000000000E+0001   0.00000000000000E+0000
 5.90000000000000E+0001   0.00000000000000E+0000
 5.95000000000000E+0001   0.00000000000000E+0000
 6.00000000000000E+0001   0.00000000000000E+0000
 6.05000000000000E+0001   0.00000000000000E+0000
 6.10000000000000E+0001   0.00000000000000E+0000
 6.15000000000000E+0001   0.00000000000000E+0000
 6.20000000000000E+0001   0.00000000000000E+0000
 6.25000000000000E+0001   0.00000000000000E+0000
 6.30000000000000E+0001   0.00000000000000E+0000
 6.35000000000000E+0001   0.00000000000000E+0000
 6.40000000000000E+0001   0.00000000000000E+0000
 6.45000000000000E+0001   0.00000000000000E+0000
 6.50000000000000E+0001   0.00000000000000E+0000
 6.55000000000000E+0001   0.00000000000000E+0000
 6.60000000000000E+0001   0.00000000000000E+0000
 6.65000000000000E+0001   0.00000000000000E+0000
 6.70000000000000E+0001   0.00000000000000E+0000
 6.75000000000000E+0001   0.00000000000000E+0000
 6.80000000000000E+0001   0.00000000000000E+0000
 6.85000000000000E+0001   0.00000000000000E+0000
 6.90000000000000E+0001   0.00000000000000E+0000
 6.95000000000000E+0001   0.00000000000000E+0000
 7.00000000000000E+0001   0.00000000000000E+0000
 7.05000000000000E+0001   0.00000000000000E+0000
 7.10000000000000E+0001   0.00000000000000E+0000
 7.15000000000000E+0001   0.00000000000000E+0000
 7.20000000000000E+0001   0.00000000000000E+0000
 7.25000000000000E+0001   0.00000000000000E+0000
 7.30000000000000E+0001   0.00000000000000E+0000
 7.35000000000000E+0001   0.00000000000000E+0000
 7.40000000000000E+0001   0.00000000000000E+0000
 7.45000000000000E+0001   0.00000000000000E+0000
 7.50000000000000E+0001   0.00000000000000E+0000
 7.55000000000000E+0001   0.00000000000000E+0000
 7.60000000000000E+0001   0.00000000000000E+0000
 7.65000000000000E+0001   0.00000000000000E+0000
 7.70000000000000E+0001   0.00000000000000E+0000
 7.75000000000000E+0001   0.00000000000000E+0000
 7.80000000000000E+0001   0.00000000000000E+0000
 7.85000000000000E+0001   0.00000000000000E+0000
 7.90000000000000E+0001   0.00000000000000E+0000
 7.95000000000000E+0001   0.00000000000000E+0000
 8.00000000000000E+0001   0.00000000000000E+0000
 8.05000000000000E+0001   0.00000000000000E+0000
 8.10000000000000E+0001   0.00000000000000E+0000
 8.15000000000000E+0001   0.00000000000000E+0000
 8.20000000000000E+0001   0.00000000000000E+0000
 8.25000000000000E+0001   0.00000000000000E+0000
 8.30000000000000E+0001   0.00000000000000E+0000
 8.35000000000000E+0001   0.00000000000000E+0000
 8.40000000000000E+0001   0.00000000000000E+0000
 8.45000000000000E+0001   0.00000000000000E+0000
 8.50000000000000E+0001   0.00000000000000E+0000
 8.55000000000000E+0001   0.00000000000000E+0000
 8.60000000000000E+0001   0.00000000000000E+0000
 8.65000000000000E+0001   0.00000000000000E+0000
 8.70000000000000E+0001   0.00000000000000E+0000
 8.75000000000000E+0001   0.00000000000000E+0000
 8.80000000000000E+0001   0.00000000000000E+0000
 8.85000000000000E+0001   0.00000000000000E+0000
 8.90000000000000E+0001   0.00000000000000E+0000
 8.95000000000000E+0001   0.00000000000000E+0000
 9.00000000000000E+0001   0.00000000000000E+0000
 9.05000000000000E+0001   0.00000000000000E+0000
 9.10000000000000E+0001   0.00000000000000E+0000
 9.15000000000000E+0001   0.00000000000000E+0000
 9.20000000000000E+0001   0.00000000000000E+0000
 9.25000000000000E+0001   0.00000000000000E+0000
 9.30000000000000E+0001   0.00000000000000E+0000
 9.35000000000000E+0001   0.00000000000000E+0000
 9.40000000000000E+0001   0.00000000000000E+0000
 9.45000000000000E+0001   0.00000000000000E+0000
 9.50000000000000E+0001   0.00000000000000E+0000
 9.55000000000000E+0001   0.00000000000000E+0000
 9.60000000000000E+0001   0.00000000000000E+0000
 9.65000000000000E+0001   0.00000000000000E+0000
 9.70000000000000E+0001   0.00000000000000E+0000
 9.75000000000000E+0001   0.00000000000000E+0000
 9.80000000000000E+0001   0.00000000000000E+0000
 9.85000000000000E+0001   0.00000000000000E+0000
 9.90000000000000E+0001   0.00000000000000E+0000
 9.95000000000000E+0001   0.00000000000000E+0000
 1.00000000000000E+0002   0.00000000000000E+0000
 1.00500000000000E+0002   0.00000000000000E+0000
 1.01000000000000E+0002   0.00000000000000E+0000
 1.01500000000000E+0002   1.33404665028891E-0020
 1.02000000000000E+0002   1.21220503982420E-0020
 1.02500000000000E+0002  -5.61791234033420E-0020
 1.03000000000000E+0002  -1.91242506182776E-0019
 1.03500000000000E+0002  -9.15367154964768E-0020
 1.04000000000000E+0002   9.05478568544004E-0019
 1.04500000000000E+0002   2.71392500588204E-0018
 1.05000000000000E+0002   1.64565430078183E-0018
 1.05500000000000E+0002  -1.10434204168002E-0017
 1.06000000000000E+0002  -3.91790972410730E-0017
 1.06500000000000E+0002  -4.91273355150603E-0017
 1.07000000000000E+0002   7.16151289263490E-0017
 1.07500000000000E+0002   4.83234772189179E-0016
 1.08000000000000E+0002   1.12280749689902E-0015
 1.08500000000000E+0002   1.03833004718300E-0015
 1.09000000000000E+0002  -2.50349898671806E-0015
 1.09500000000000E+0002  -1.40828822158445E-0014
 1.10000000000000E+0002  -3.67445099095048E-0014
 1.10500000000000E+0002  -6.04399436319284E-0014
 1.11000000000000E+0002  -3.53714128811760E-0014
 1.11500000000000E+0002   1.78392248886083E-0013
 1.12000000000000E+0002   8.94446649972742E-0013
 1.12500000000000E+0002   2.72597961314021E-0012
 1.13000000000000E+0002   6.76255693405885E-0012
 1.13500000000000E+0002   1.48053108125451E-0011
 1.14000000000000E+0002   2.96673759243532E-0011
 1.14500000000000E+0002   5.55459814471140E-0011
 1.15000000000000E+0002   9.84722542551346E-0011
 1.15500000000000E+0002   1.66844314276815E-0010
 1.16000000000000E+0002   2.72048571851387E-0010
 1.16500000000000E+0002   4.29173331274141E-0010
 1.17000000000000E+0002   6.57817969092048E-0010
 1.17500000000000E+0002   9.83000144502629E-0010
 1.18000000000000E+0002   1.43616269937607E-0009
 1.18500000000000E+0002   2.05628107977413E-0009
 1.19000000000000E+0002   2.89107124297800E-0009
 1.19500000000000E+0002   3.99829711701906E-0009
 1.20000000000000E+0002   5.44717577632778E-0009
 1.20500000000000E+0002   7.31987760087772E-0009
 1.21000000000000E+0002   9.71311779910693E-0009
 1.21500000000000E+0002   1.27398347963547E-0008
 1.22000000000000E+0002   1.65309501242726E-0008
 1.22500000000000E+0002   2.12372036002992E-0008
 1.23000000000000E+0002   2.70310567675731E-0008
 1.23500000000000E+0002   3.41086567803222E-0008
 1.24000000000000E+0002   4.26918521722304E-0008
 1.24500000000000E+0002   5.30302512399896E-0008
 1.25000000000000E+0002   6.54033131161188E-0008
 1.25500000000000E+0002   8.01224609990406E-0008
 1.26000000000000E+0002   9.75332064587236E-0008
 1.26500000000000E+0002   1.18017273246774E-0007
 1.27000000000000E+0002   1.41994708614200E-0007
 1.27500000000000E+0002   1.69925969781347E-0007
 1.28000000000000E+0002   2.02313972915652E-0007
 1.28500000000000E+0002   2.39706091756204E-0007
 1.29000000000000E+0002   2.82696092881755E-0007
 1.29500000000000E+0002   3.31925994552224E-0007
 1.30000000000000E+0002   3.88087836064045E-0007
 1.30500000000000E+0002   4.51925344647610E-0007
 1.31000000000000E+0002   5.24235487100663E-0007
 1.31500000000000E+0002   6.05869893594627E-0007
 1.32000000000000E+0002   6.97736141410757E-0007
 1.32500000000000E+0002   8.00798886758442E-0007
 1.33000000000000E+0002   9.16080833297403E-0007
 1.33500000000000E+0002   1.04466352652680E-0006
 1.34000000000000E+0002   1.18768796381489E-0006
 1.34500000000000E+0002   1.34635501051984E-0006
 1.35000000000000E+0002   1.52192561339258E-0006
 1.35500000000000E+0002   1.71572080325183E-0006
 1.36000000000000E+0002   1.92912147977648E-0006
 1.36500000000000E+0002   2.16356797216597E-0006
 1.37000000000000E+0002   2.42055937037121E-0006
 1.37500000000000E+0002   2.70165262259143E-0006
 1.38000000000000E+0002   3.00846139576123E-0006
 1.38500000000000E+0002   3.34265469681129E-0006
 1.39000000000000E+0002   3.70595525356964E-0006
 1.39500000000000E+0002   4.10013765527349E-0006
 1.40000000000000E+0002   4.52702625377652E-0006
 1.40500000000000E+0002   4.98849282765902E-0006
 1.41000000000000E+0002   5.48645401257062E-0006
 1.41500000000000E+0002   6.02286850225261E-0006
 1.42000000000000E+0002   6.59973402579235E-0006
 1.42500000000000E+0002   7.21908410774933E-0006
 1.43000000000000E+0002   7.88298461885648E-0006
 1.43500000000000E+0002   8.59353012603415E-0006
 1.44000000000000E+0002   9.35284005145226E-0006
 1.44500000000000E+0002   1.01630546513337E-0005
 1.45000000000000E+0002   1.10263308261030E-0005
 1.45500000000000E+0002   1.19448377743427E-0005
 1.46000000000000E+0002   1.29207525038251E-0005
 1.46500000000000E+0002   1.39562552136259E-0005
 1.47000000000000E+0002   1.50535245620076E-0005
 1.47500000000000E+0002   1.62147328353650E-0005
 1.48000000000000E+0002   1.74420410340641E-0005
 1.48500000000000E+0002   1.87375938914660E-0005
 1.49000000000000E+0002   2.01035148428094E-0005
 1.49500000000000E+0002   2.15419009609302E-0005
 1.50000000000000E+0002   2.30548178760176E-0005
 1.50500000000000E+0002   2.46442946967424E-0005
 1.51000000000000E+0002   2.63123189501520E-0005
 1.51500000000000E+0002   2.80608315576924E-0005
 1.52000000000000E+0002   2.98917218646072E-0005
 1.52500000000000E+0002   3.18068227397658E-0005
 1.53000000000000E+0002   3.38079057626924E-0005
 1.53500000000000E+0002   3.58966765142088E-0005
 1.54000000000000E+0002   3.80747699866658E-0005
 1.54500000000000E+0002   4.03437461292196E-0005
 1.55000000000000E+0002   4.27050855430250E-0005
 1.55500000000000E+0002   4.51601853405552E-0005
 1.56000000000000E+0002   4.77103551825330E-0005
 1.56500000000000E+0002   5.03568135051716E-0005
 1.57000000000000E+0002   5.31006839495748E-0005
 1.57500000000000E+0002   5.59429920042481E-0005
 1.58000000000000E+0002   5.88846618707222E-0005
 1.58500000000000E+0002   6.19265135613005E-0005
 1.59000000000000E+0002   6.50692602369122E-0005
 1.59500000000000E+0002   6.83135057919888E-0005
 1.60000000000000E+0002   7.16597426921975E-0005
 1.60500000000000E+0002   7.51083500697537E-0005
 1.61000000000000E+0002   7.86595920799142E-0005
 1.61500000000000E+0002   8.23136165211198E-0005
 1.62000000000000E+0002   8.60704537201272E-0005
 1.62500000000000E+0002   8.99300156823375E-0005
 1.63000000000000E+0002   9.38920955064134E-0005
 1.63500000000000E+0002   9.79563670611755E-0005
 1.64000000000000E+0002   1.02122384921686E-0004
 1.64500000000000E+0002   1.06389584560382E-0004
 1.65000000000000E+0002   1.10757282788096E-0004
 1.65500000000000E+0002   1.15224678438832E-0004
 1.66000000000000E+0002   1.19790853291218E-0004
 1.66500000000000E+0002   1.24454773218690E-0004
 1.67000000000000E+0002   1.29215289559605E-0004
 1.67500000000000E+0002   1.34071140697734E-0004
 1.68000000000000E+0002   1.39020953842850E-0004
 1.68500000000000E+0002   1.44063247000495E-0004
 1.69000000000000E+0002   1.49196431119428E-0004
 1.69500000000000E+0002   1.54418812404739E-0004
 1.70000000000000E+0002   1.59728594784190E-0004
 1.70500000000000E+0002   1.65123882514983E-0004
 1.71000000000000E+0002   1.70602682917870E-0004
 1.71500000000000E+0002   1.76162909225304E-0004
 1.72000000000000E+0002   1.81802383530232E-0004
 1.72500000000000E+0002   1.87518839822048E-0004
 1.73000000000000E+0002   1.93309927096262E-0004
 1.73500000000000E+0002   1.99173212524560E-0004
 1.74000000000000E+0002   2.05106184672096E-0004
 1.74500000000000E+0002   2.11106256749096E-0004
 1.75000000000000E+0002   2.17170769884208E-0004
 1.75500000000000E+0002   2.23296996407404E-0004
 1.76000000000000E+0002   2.29482143130694E-0004
 1.76500000000000E+0002   2.35723354615445E-0004
 1.77000000000000E+0002   2.42017716415665E-0004
 1.77500000000000E+0002   2.48362258287247E-0004
 1.78000000000000E+0002   2.54753957353844E-0004
 1.78500000000000E+0002   2.61189741220787E-0004
 1.79000000000000E+0002   2.67666491029192E-0004
 1.79500000000000E+0002   2.74181044443249E-0004
 1.80000000000000E+0002   2.80730198564458E-0004
 1.80500000000000E+0002   2.87310712767488E-0004
 1.81000000000000E+0002   2.93919311453164E-0004
 1.81500000000000E+0002   3.00552686714992E-0004
 1.82000000000000E+0002   3.07207500916517E-0004
 1.82500000000000E+0002   3.13880389177696E-0004
 1.83000000000000E+0002   3.20567961769367E-0004
 1.83500000000000E+0002   3.27266806415751E-0004
 1.84000000000000E+0002   3.33973490505805E-0004
 1.84500000000000E+0002   3.40684563215062E-0004
 1.85000000000000E+0002   3.47396557540421E-0004
 1.85500000000000E+0002   3.54105992251104E-0004
 1.86000000000000E+0002   3.60809373759767E-0004
 1.86500000000000E+0002   3.67503197918421E-0004
 1.87000000000000E+0002   3.74183951744490E-0004
 1.87500000000000E+0002   3.80848115082919E-0004
 1.88000000000000E+0002   3.87492162210797E-0004
 1.88500000000000E+0002   3.94112563391444E-0004
 1.89000000000000E+0002   4.00705786385344E-0004
 1.89500000000000E+0002   4.07268297925653E-0004
 1.90000000000000E+0002   4.13796565166318E-0004
 1.90500000000000E+0002   4.20287057111073E-0004
 1.91000000000000E+0002   4.26736246031711E-0004
 1.91500000000000E+0002   4.33140608884162E-0004
 1.92000000000000E+0002   4.39496628730874E-0004
 1.92500000000000E+0002   4.45800796177971E-0004
 1.93000000000000E+0002   4.52049610835526E-0004
 1.93500000000000E+0002   4.58239582809090E-0004
 1.94000000000000E+0002   4.64367234230351E-0004
 1.94500000000000E+0002   4.70429100834463E-0004
 1.95000000000000E+0002   4.76421733591202E-0004
 1.95500000000000E+0002   4.82341700396618E-0004
 1.96000000000000E+0002   4.88185587831366E-0004
 1.96500000000000E+0002   4.93950002991290E-0004
 1.97000000000000E+0002   4.99631575395238E-0004
 1.97500000000000E+0002   5.05226958974370E-0004
 1.98000000000000E+0002   5.10732834146542E-0004
 1.98500000000000E+0002   5.16145909978560E-0004
 1.99000000000000E+0002   5.21462926438298E-0004
 1.99500000000000E+0002   5.26680656737878E-0004
 2.00000000000000E+0002   5.31795909768233E-0004
 2.00500000000000E+0002   5.36805532624505E-0004
 2.01000000000000E+0002   5.41706413220873E-0004
 2.01500000000000E+0002   5.46495482992486E-0004
 2.02000000000000E+0002   5.51169719681307E-0004
 2.02500000000000E+0002   5.55726150201768E-0004
 2.03000000000000E+0002   5.60161853581280E-0004
 2.03500000000000E+0002   5.64473963969761E-0004
 2.04000000000000E+0002   5.68659673711507E-0004
 2.04500000000000E+0002   5.72716236471932E-0004
 2.05000000000000E+0002   5.76640970410903E-0004
 2.05500000000000E+0002   5.80431261393669E-0004
 2.06000000000000E+0002   5.84084566229663E-0004
 2.06500000000000E+0002   5.87598415928817E-0004
 2.07000000000000E+0002   5.90970418964429E-0004
 2.07500000000000E+0002   5.94198264531074E-0004
 2.08000000000000E+0002   5.97279725785549E-0004
 2.08500000000000E+0002   6.00212663058445E-0004
 2.09000000000000E+0002   6.02995027023592E-0004
 2.09500000000000E+0002   6.05624861812288E-0004
 2.10000000000000E+0002   6.08100308059084E-0004
 2.10500000000000E+0002   6.10419605865696E-0004
 2.11000000000000E+0002   6.12581097669597E-0004
 2.11500000000000E+0002   6.14583231003832E-0004
 2.12000000000000E+0002   6.16424561134705E-0004
 2.12500000000000E+0002   6.18103753564161E-0004
 2.13000000000000E+0002   6.19619586383919E-0004
 2.13500000000000E+0002   6.20970952468762E-0004
 2.14000000000000E+0002   6.22156861496758E-0004
 2.14500000000000E+0002   6.23176441784710E-0004
 2.15000000000000E+0002   6.24028941927625E-0004
 2.15500000000000E+0002   6.24713732231658E-0004
 2.16000000000000E+0002   6.25230305930639E-0004
 2.16500000000000E+0002   6.25578280177057E-0004
 2.17000000000000E+0002   6.25757396799167E-0004
 2.17500000000000E+0002   6.25767522816761E-0004
 2.18000000000000E+0002   6.25608650709051E-0004
 2.18500000000000E+0002   6.25280898429078E-0004
 2.19000000000000E+0002   6.24784509160045E-0004
 2.19500000000000E+0002   6.24119850810035E-0004
 2.20000000000000E+0002   6.23287415242619E-0004
 2.20500000000000E+0002   6.22287817241971E-0004
 2.21000000000000E+0002   6.21121793212192E-0004
 2.21500000000000E+0002   6.19790199611713E-0004
 2.22000000000000E+0002   6.18294011124729E-0004
 2.22500000000000E+0002   6.16634318572782E-0004
 2.23000000000000E+0002   6.14812326570726E-0004
 2.23500000000000E+0002   6.12829350932427E-0004
 2.24000000000000E+0002   6.10686815832635E-0004
 2.24500000000000E+0002   6.08386250732565E-0004
 2.25000000000000E+0002   6.05929287077735E-0004
 2.25500000000000E+0002   6.03317654777658E-0004
 2.26000000000000E+0002   6.00553178477904E-0004
 2.26500000000000E+0002   5.97637773636027E-0004
 2.27000000000000E+0002   5.94573442413663E-0004
 2.27500000000000E+0002   5.91362269397977E-0004
 2.28000000000000E+0002   5.88006417166340E-0004
 2.28500000000000E+0002   5.84508121708839E-0004
 2.29000000000000E+0002   5.80869687723831E-0004
 2.29500000000000E+0002   5.77093483802308E-0004
 2.30000000000000E+0002   5.73181937517290E-0004
 2.30500000000000E+0002   5.69137530434890E-0004
 2.31000000000000E+0002   5.64962793063990E-0004
 2.31500000000000E+0002   5.60660299761699E-0004
 2.32000000000000E+0002   5.56232663611931E-0004
 2.32500000000000E+0002   5.51682531294482E-0004
 2.33000000000000E+0002   5.47012577962006E-0004
 2.33500000000000E+0002   5.42225502142131E-0004
 2.34000000000000E+0002   5.37324020681845E-0004
 2.34500000000000E+0002   5.32310863750937E-0004
 2.35000000000000E+0002   5.27188769920992E-0004
 2.35500000000000E+0002   5.21960481335975E-0004
 2.36000000000000E+0002   5.16628738989960E-0004
 2.36500000000000E+0002   5.11196278126958E-0004
 2.37000000000000E+0002   5.05665823777167E-0004
 2.37500000000000E+0002   5.00040086443257E-0004
 2.38000000000000E+0002   4.94321757949513E-0004
 2.38500000000000E+0002   4.88513507465822E-0004
 2.39000000000000E+0002   4.82617977717627E-0004
 2.39500000000000E+0002   4.76637781391998E-0004
 2.40000000000000E+0002   4.70575497749015E-0004
 2.40500000000000E+0002   4.64433669446631E-0004
 2.41000000000000E+0002   4.58214799586128E-0004
 2.41500000000000E+0002   4.51921348984203E-0004
 2.42000000000000E+0002   4.45555733676630E-0004
 2.42500000000000E+0002   4.39120322657324E-0004
 2.43000000000000E+0002   4.32617435855508E-0004
 2.43500000000000E+0002   4.26049342352576E-0004
 2.44000000000000E+0002   4.19418258839109E-0004
 2.44500000000000E+0002   4.12726348311405E-0004
 2.45000000000000E+0002   4.05975719005779E-0004
 2.45500000000000E+0002   3.99168423567837E-0004
 2.46000000000000E+0002   3.92306458452860E-0004
 2.46500000000000E+0002   3.85391763552451E-0004
 2.47000000000000E+0002   3.78426222041598E-0004
 2.47500000000000E+0002   3.71411660439419E-0004
 2.48000000000000E+0002   3.64349848875933E-0004
 2.48500000000000E+0002   3.57242501556410E-0004
 2.49000000000000E+0002   3.50091277414072E-0004
 2.49500000000000E+0002   3.42897780941211E-0004
 2.50000000000000E+0002   3.35663563188161E-0004
 2.50500000000000E+0002   3.28390122918965E-0004
 2.51000000000000E+0002   3.21078907912120E-0004
 2.51500000000000E+0002   3.13731316394291E-0004
 2.52000000000000E+0002   3.06348698594606E-0004
 2.52500000000000E+0002   2.98932358406798E-0004
 2.53000000000000E+0002   2.91483555146312E-0004
 2.53500000000000E+0002   2.84003505389344E-0004
 2.54000000000000E+0002   2.76493384880739E-0004
 2.54500000000000E+0002   2.68954330497721E-0004
 2.55000000000000E+0002   2.61387442256526E-0004
 2.55500000000000E+0002   2.53793785349186E-0004
 2.56000000000000E+0002   2.46174392197996E-0004
 2.56500000000000E+0002   2.38530264515486E-0004
 2.57000000000000E+0002   2.30862375358158E-0004
 2.57500000000000E+0002   2.23171671162673E-0004
 2.58000000000000E+0002   2.15459073753722E-0004
 2.58500000000000E+0002   2.07725482313393E-0004
 2.59000000000000E+0002   1.99971775302456E-0004
 2.59500000000000E+0002   1.92198812324717E-0004
 2.60000000000000E+0002   1.84407435926290E-0004
 2.60500000000000E+0002   1.76598473322403E-0004
 2.61000000000000E+0002   1.68772738045192E-0004
 2.61500000000000E+0002   1.60931031506724E-0004
 2.62000000000000E+0002   1.53074144472395E-0004
 2.62500000000000E+0002   1.45202858440687E-0004
 2.63000000000000E+0002   1.37317946926164E-0004
 2.63500000000000E+0002   1.29420176643511E-0004
 2.64000000000000E+0002   1.21510308591268E-0004
 2.64500000000000E+0002   1.13589099034839E-0004
 2.65000000000000E+0002   1.05657300389208E-0004
 2.65500000000000E+0002   9.77156620026870E-0005
 2.66000000000000E+0002   8.97649308438247E-0005
 2.66500000000000E+0002   8.18058520944505E-0005
 2.67000000000000E+0002   7.38391696525881E-0005
 2.67500000000000E+0002   6.58656265497260E-0005
 2.68000000000000E+0002   5.78859652876283E-0005
 2.68500000000000E+0002   4.99009281005253E-0005
 2.69000000000000E+0002   4.19112571491228E-0005
 2.69500000000000E+0002   3.39176946534202E-0005
 2.70000000000000E+0002   2.59209829718147E-0005
 2.70500000000000E+0002   1.79218646343969E-0005
 2.71000000000000E+0002   9.92108233870975E-0006
 2.71500000000000E+0002   1.91937891653578E-0006
 2.72000000000000E+0002  -6.08250271949044E-0006
 2.72500000000000E+0002  -1.40838196404891E-0005
 2.73000000000000E+0002  -2.20838289681172E-0005
 2.73500000000000E+0002  -3.00817879344632E-0005
 2.74000000000000E+0002  -3.80769539260503E-0005
 2.74500000000000E+0002  -4.60685845030644E-0005
 2.75000000000000E+0002  -5.40559373851226E-0005
 2.75500000000000E+0002  -6.20382703951603E-0005
 2.76000000000000E+0002  -7.00148413533490E-0005
 2.76500000000000E+0002  -7.79849079133524E-0005
 2.77000000000000E+0002  -8.59477273336917E-0005
 2.77500000000000E+0002  -9.39025561775084E-0005
 2.78000000000000E+0002  -1.01848649934591E-0004
 2.78500000000000E+0002  -1.09785262560160E-0004
 2.79000000000000E+0002  -1.17711645925589E-0004
 2.79500000000000E+0002  -1.25627049176952E-0004
 2.80000000000000E+0002  -1.33530717998066E-0004
 2.80500000000000E+0002  -1.41421893775480E-0004
 2.81000000000000E+0002  -1.49299812663704E-0004
 2.81500000000000E+0002  -1.57163704549802E-0004
 2.82000000000000E+0002  -1.65012791917385E-0004
 2.82500000000000E+0002  -1.72846288610872E-0004
 2.83000000000000E+0002  -1.80663398501833E-0004
 2.83500000000000E+0002  -1.88463314060087E-0004
 2.84000000000000E+0002  -1.96245214833125E-0004
 2.84500000000000E+0002  -2.04008265838341E-0004
 2.85000000000000E+0002  -2.11751615873369E-0004
 2.85500000000000E+0002  -2.19474395750717E-0004
 2.86000000000000E+0002  -2.27175716463680E-0004
 2.86500000000000E+0002  -2.34854667291312E-0004
 2.87000000000000E+0002  -2.42510313850984E-0004
 2.87500000000000E+0002  -2.50141696107765E-0004
 2.88000000000000E+0002  -2.57747826350512E-0004
 2.88500000000000E+0002  -2.65327687145190E-0004
 2.89000000000000E+0002  -2.72880229276448E-0004
 2.89500000000000E+0002  -2.80404369689035E-0004
 2.90000000000000E+0002  -2.87898989440989E-0004
 2.90500000000000E+0002  -2.95362931680979E-0004
 2.91000000000000E+0002  -3.02794999662386E-0004
 2.91500000000000E+0002  -3.10193954807006E-0004
 2.92000000000000E+0002  -3.17558514831345E-0004
 2.92500000000000E+0002  -3.24887351948582E-0004
 2.93000000000000E+0002  -3.32179091159249E-0004
 2.93500000000000E+0002  -3.39432308643595E-0004
 2.94000000000000E+0002  -3.46645530268456E-0004
 2.94500000000000E+0002  -3.53817230221190E-0004
 2.95000000000000E+0002  -3.60945829782922E-0004
 2.95500000000000E+0002  -3.68029696252977E-0004
 2.96000000000000E+0002  -3.75067142035870E-0004
 2.96500000000000E+0002  -3.82056423901730E-0004
 2.97000000000000E+0002  -3.88995742430383E-0004
 2.97500000000000E+0002  -3.95883241648689E-0004
 2.98000000000000E+0002  -4.02717008869942E-0004
 2.98500000000000E+0002  -4.09495074743390E-0004
 2.99000000000000E+0002  -4.16215413521049E-0004
 2.99500000000000E+0002  -4.22875943548097E-0004
 3.00000000000000E+0002  -4.29474527982171E-0004
 3.00500000000000E+0002  -4.36008975745921E-0004
 3.01000000000000E+0002  -4.42477042716108E-0004
 3.01500000000000E+0002  -4.48876433151535E-0004
 3.02000000000000E+0002  -4.55204801360940E-0004
 3.02500000000000E+0002  -4.61459753610966E-0004
 3.03000000000000E+0002  -4.67638850273116E-0004
 3.03500000000000E+0002  -4.73739608207560E-0004
 3.04000000000000E+0002  -4.79759503380493E-0004
 3.04500000000000E+0002  -4.85695973710623E-0004
 3.05000000000000E+0002  -4.91546422139298E-0004
 3.05500000000000E+0002  -4.97308219917649E-0004
 3.06000000000000E+0002  -5.02978710103096E-0004
 3.06500000000000E+0002  -5.08555211256510E-0004
 3.07000000000000E+0002  -5.14035021330326E-0004
 3.07500000000000E+0002  -5.19415421736957E-0004
 3.08000000000000E+0002  -5.24693681585919E-0004
 3.08500000000000E+0002  -5.29867062077246E-0004
 3.09000000000000E+0002  -5.34932821037954E-0004
 3.09500000000000E+0002  -5.39888217587559E-0004
 3.10000000000000E+0002  -5.44730516917986E-0004
 3.10500000000000E+0002  -5.49456995172613E-0004
 3.11000000000000E+0002  -5.54064944408598E-0004
 3.11500000000000E+0002  -5.58551677626247E-0004
 3.12000000000000E+0002  -5.62914533848730E-0004
 3.12500000000000E+0002  -5.67150883235191E-0004
 3.13000000000000E+0002  -5.71258132210045E-0004
 3.13500000000000E+0002  -5.75233728591126E-0004
 3.14000000000000E+0002  -5.79075166699300E-0004
 3.14500000000000E+0002  -5.82779992432150E-0004
 3.15000000000000E+0002  -5.86345808284502E-0004
 3.15500000000000E+0002  -5.89770278298705E-0004
 3.16000000000000E+0002  -5.93051132927885E-0004
 3.16500000000000E+0002  -5.96186173795735E-0004
 3.17000000000000E+0002  -5.99173278336857E-0004
 3.17500000000000E+0002  -6.02010404302143E-0004
 3.18000000000000E+0002  -6.04695594114334E-0004
 3.18500000000000E+0002  -6.07226979059483E-0004
 3.19000000000000E+0002  -6.09602783300820E-0004
 3.19500000000000E+0002  -6.11821327702274E-0004
 3.20000000000000E+0002  -6.13881033449778E-0004
 3.20500000000000E+0002  -6.15780425459347E-0004
 3.21000000000000E+0002  -6.17518135561897E-0004
 3.21500000000000E+0002  -6.19092905455748E-0004
 3.22000000000000E+0002  -6.20503589418779E-0004
 3.22500000000000E+0002  -6.21749156773271E-0004
 3.23000000000000E+0002  -6.22828694097565E-0004
 3.23500000000000E+0002  -6.23741407179757E-0004
 3.24000000000000E+0002  -6.24486622709780E-0004
 3.24500000000000E+0002  -6.25063789707362E-0004
 3.25000000000000E+0002  -6.25472480684463E-0004
 3.25500000000000E+0002  -6.25712392541939E-0004
 3.26000000000000E+0002  -6.25783347201298E-0004
 3.26500000000000E+0002  -6.25685291973505E-0004
 3.27000000000000E+0002  -6.25418299667886E-0004
 3.27500000000000E+0002  -6.24982568445215E-0004
 3.28000000000000E+0002  -6.24378421420116E-0004
 3.28500000000000E+0002  -6.23606306018867E-0004
 3.29000000000000E+0002  -6.22666793099633E-0004
 3.29500000000000E+0002  -6.21560575843059E-0004
 3.30000000000000E+0002  -6.20288468421970E-0004
 3.30500000000000E+0002  -6.18851404459703E-0004
 3.31000000000000E+0002  -6.17250435287325E-0004
 3.31500000000000E+0002  -6.15486728010626E-0004
 3.32000000000000E+0002  -6.13561563398363E-0004
 3.32500000000000E+0002  -6.11476333603740E-0004
 3.33000000000000E+0002  -6.09232539731556E-0004
 3.33500000000000E+0002  -6.06831789263799E-0004
 3.34000000000000E+0002  -6.04275793356755E-0004
 3.34500000000000E+0002  -6.01566364022925E-0004
 3.35000000000000E+0002  -5.98705411211166E-0004
 3.35500000000000E+0002  -5.95694939798493E-0004
 3.36000000000000E+0002  -5.92537046507023E-0004
 3.36500000000000E+0002  -5.89233916759362E-0004
 3.37000000000000E+0002  -5.85787821485631E-0004
 3.37500000000000E+0002  -5.82201113895028E-0004
 3.38000000000000E+0002  -5.78476226224525E-0004
 3.38500000000000E+0002  -5.74615666476903E-0004
 3.39000000000000E+0002  -5.70622015159883E-0004
 3.39500000000000E+0002  -5.66497922037575E-0004
 3.40000000000000E+0002  -5.62246102904919E-0004
 3.40500000000000E+0002  -5.57869336395130E-0004
 3.41000000000000E+0002  -5.53370460829521E-0004
 3.41500000000000E+0002  -5.48752371118309E-0004
 3.42000000000000E+0002  -5.44018015720287E-0004
 3.42500000000000E+0002  -5.39170393668408E-0004
 3.43000000000000E+0002  -5.34212551667535E-0004
 3.43500000000000E+0002  -5.29147581269730E-0004
 3.44000000000000E+0002  -5.23978616131600E-0004
 3.44500000000000E+0002  -5.18708829357322E-0004
 3.45000000000000E+0002  -5.13341430930100E-0004
 3.45500000000000E+0002  -5.07879665233892E-0004
 3.46000000000000E+0002  -5.02326808666360E-0004
 3.46500000000000E+0002  -4.96686167343161E-0004
 3.47000000000000E+0002  -4.90961074892757E-0004
 3.47500000000000E+0002  -4.85154890340176E-0004
 3.48000000000000E+0002  -4.79270996077274E-0004
 3.48500000000000E+0002  -4.73312795916306E-0004
 3.49000000000000E+0002  -4.67283713222863E-0004
 3.49500000000000E+0002  -4.61187189123527E-0004
 3.50000000000000E+0002  -4.55026680782962E-0004
 3.50500000000000E+0002  -4.48805659744529E-0004
 3.51000000000000E+0002  -4.42527610327992E-0004
 3.51500000000000E+0002  -4.36196028077388E-0004
 3.52000000000000E+0002  -4.29814418251678E-0004
 3.52500000000000E+0002  -4.23386294350487E-0004
 3.53000000000000E+0002  -4.16915176666875E-0004
 3.53500000000000E+0002  -4.10404590858920E-0004
 3.54000000000000E+0002  -4.03858066531678E-0004
 3.54500000000000E+0002  -3.97279135821027E-0004
 3.55000000000000E+0002  -3.90671331970871E-0004
 3.55500000000000E+0002  -3.84038187895247E-0004
 3.56000000000000E+0002  -3.77383234716971E-0004
 3.56500000000000E+0002  -3.70710000274693E-0004
 3.57000000000000E+0002  -3.64022007590465E-0004
 3.57500000000000E+0002  -3.57322773290256E-0004
 3.58000000000000E+0002  -3.50615805970271E-0004
 3.58500000000000E+0002  -3.43904604502352E-0004
 3.59000000000000E+0002  -3.37192656272286E-0004
 3.59500000000000E+0002  -3.30483435345398E-0004
 3.60000000000000E+0002  -3.23780400554444E-0004
 3.60500000000000E+0002  -3.17086993505506E-0004
 3.61000000000000E+0002  -3.10406636498272E-0004
 3.61500000000000E+0002  -3.03742730357901E-0004
 3.62000000000000E+0002  -2.97098652176406E-0004
 3.62500000000000E+0002  -2.90477752962369E-0004
 3.63000000000000E+0002  -2.83883355198607E-0004
 3.63500000000000E+0002  -2.77318750308300E-0004
 3.64000000000000E+0002  -2.70787196030983E-0004
 3.64500000000000E+0002  -2.64291913710646E-0004
 3.65000000000000E+0002  -2.57836085499150E-0004
 3.65500000000000E+0002  -2.51422851478982E-0004
 3.66000000000000E+0002  -2.45055306710303E-0004
 3.66500000000000E+0002  -2.38736498208086E-0004
 3.67000000000000E+0002  -2.32469421855970E-0004
 3.67500000000000E+0002  -2.26257019264296E-0004
 3.68000000000000E+0002  -2.20102174580561E-0004
 3.68500000000000E+0002  -2.14007711261269E-0004
 3.69000000000000E+0002  -2.07976388814855E-0004
 3.69500000000000E+0002  -2.02010899526051E-0004
 3.70000000000000E+0002  -1.96113865172599E-0004
 3.70500000000000E+0002  -1.90287833745841E-0004
 3.71000000000000E+0002  -1.84535276187134E-0004
 3.71500000000000E+0002  -1.78858583152514E-0004
 3.72000000000000E+0002  -1.73260061818357E-0004
 3.72500000000000E+0002  -1.67741932741085E-0004
 3.73000000000000E+0002  -1.62306326784176E-0004
 3.73500000000000E+0002  -1.56955282125886E-0004
 3.74000000000000E+0002  -1.51690741361133E-0004
 3.74500000000000E+0002  -1.46514548711012E-0004
 3.75000000000000E+0002  -1.41428447353285E-0004
 3.75500000000000E+0002  -1.36434076887059E-0004
 3.76000000000000E+0002  -1.31532970944581E-0004
 3.76500000000000E+0002  -1.26726554962784E-0004
 3.77000000000000E+0002  -1.22016144126806E-0004
 3.77500000000000E+0002  -1.17402941497246E-0004
 3.78000000000000E+0002  -1.12888036332342E-0004
 3.78500000000000E+0002  -1.08472402615687E-0004
 3.79000000000000E+0002  -1.04156897799386E-0004
 3.79500000000000E+0002  -9.99422617718164E-0005
 3.80000000000000E+0002  -9.58291160583643E-0005
 3.80500000000000E+0002  -9.18179632626297E-0005
 3.81000000000000E+0002  -8.79091867546980E-0005
 3.81500000000000E+0002  -8.41030506121091E-0005
 3.82000000000000E+0002  -8.03996998181571E-0005
 3.82500000000000E+0002  -7.67991607211183E-0005
 3.83000000000000E+0002  -7.33013417569400E-0005
 3.83500000000000E+0002  -6.99060344368300E-0005
 3.84000000000000E+0002  -6.66129146000727E-0005
 3.84500000000000E+0002  -6.34215439312802E-0005
 3.85000000000000E+0002  -6.03313717401494E-0005
 3.85500000000000E+0002  -5.73417370006669E-0005
 3.86000000000000E+0002  -5.44518706455752E-0005
 3.86500000000000E+0002  -5.16608981107982E-0005
 3.87000000000000E+0002  -4.89678421234264E-0005
 3.87500000000000E+0002  -4.63716257257856E-0005
 3.88000000000000E+0002  -4.38710755270682E-0005
 3.88500000000000E+0002  -4.14649251729941E-0005
 3.89000000000000E+0002  -3.91518190230022E-0005
 3.89500000000000E+0002  -3.69303160235446E-0005
 3.90000000000000E+0002  -3.47988937651878E-0005
 3.90500000000000E+0002  -3.27559527104044E-0005
 3.91000000000000E+0002  -3.07998205781857E-0005
 3.91500000000000E+0002  -2.89287568709127E-0005
 3.92000000000000E+0002  -2.71409575283006E-0005
 3.92500000000000E+0002  -2.54345596926803E-0005
 3.93000000000000E+0002  -2.38076465694069E-0005
 3.93500000000000E+0002  -2.22582523657830E-0005
 3.94000000000000E+0002  -2.07843672915706E-0005
 3.94500000000000E+0002  -1.93839426039258E-0005
 3.95000000000000E+0002  -1.80548956794377E-0005
 3.95500000000000E+0002  -1.67951150958848E-0005
 3.96000000000000E+0002  -1.56024657063330E-0005
 3.96500000000000E+0002  -1.44747936882999E-0005
 3.97000000000000E+0002  -1.34099315508907E-0005
 3.97500000000000E+0002  -1.24057030830765E-0005
 3.98000000000000E+0002  -1.14599282266294E-0005
 3.98500000000000E+0002  -1.05704278576541E-0005
 3.99000000000000E+0002  -9.73502846115364E-0006
 3.99500000000000E+0002  -8.95156668364447E-0006
 4.00000000000000E+0002  -8.21789374947783E-0006
 4.00500000000000E+0002  -7.53187972723781E-0006
 4.01000000000000E+0002  -6.89141763336027E-0006
 4.01500000000000E+0002  -6.29442736094995E-0006
 4.02000000000000E+0002  -5.73885942265940E-0006
 4.02500000000000E+0002  -5.22269849742927E-0006
 4.03000000000000E+0002  -4.74396677186869E-0006
 4.03500000000000E+0002  -4.30072706807222E-0006
 4.04000000000000E+0002  -3.89108575071990E-0006
 4.04500000000000E+0002  -3.51319540738373E-0006
 4.05000000000000E+0002  -3.16525729706157E-0006
 4.05500000000000E+0002  -2.84552356307139E-0006
 4.06000000000000E+0002  -2.55229920755963E-0006
 4.06500000000000E+0002  -2.28394382600039E-0006
 4.07000000000000E+0002  -2.03887310118195E-0006
 4.07500000000000E+0002  -1.81556005728649E-0006
 4.08000000000000E+0002  -1.61253607576261E-0006
 4.08500000000000E+0002  -1.42839167576162E-0006
 4.09000000000000E+0002  -1.26177706295242E-0006
 4.09500000000000E+0002  -1.11140245154084E-0006
 4.10000000000000E+0002  -9.76038165291500E-0007
 4.10500000000000E+0002  -8.54514524278842E-0007
 4.11000000000000E+0002  -7.45721524973676E-0007
 4.11500000000000E+0002  -6.48608322097932E-0007
 4.12000000000000E+0002  -5.62182521449558E-0007
 4.12500000000000E+0002  -4.85509293607045E-0007
 4.13000000000000E+0002  -4.17710319065996E-0007
 4.13500000000000E+0002  -3.57962575935218E-0007
 4.14000000000000E+0002  -3.05496981824055E-0007
 4.14500000000000E+0002  -2.59596901983815E-0007
 4.15000000000000E+0002  -2.19596536122229E-0007
 4.15500000000000E+0002  -1.84879196589836E-0007
 4.16000000000000E+0002  -1.54875490840244E-0007
 4.16500000000000E+0002  -1.29061421191576E-0007
 4.17000000000000E+0002  -1.06956414964007E-0007
 4.17500000000000E+0002  -8.81212980383720E-0008
 4.18000000000000E+0002  -7.21562247744065E-0008
 4.18500000000000E+0002  -5.86985770458304E-0008
 4.19000000000000E+0002  -4.74208448950896E-0008
 4.19500000000000E+0002  -3.80285009854288E-0008
 4.20000000000000E+0002  -3.02578806341532E-0008
 4.20500000000000E+0002  -2.38740787513947E-0008
 4.21000000000000E+0002  -1.86688744871270E-0008
 4.21500000000000E+0002  -1.44586938097377E-0008
 4.22000000000000E+0002  -1.10826196061398E-0008
 4.22500000000000E+0002  -8.40045821023165E-0009
 4.23000000000000E+0002  -6.29087053820938E-0009
 4.23500000000000E+0002  -4.64957524101494E-0009
 4.24000000000000E+0002  -3.38763048118457E-0009
 4.24500000000000E+0002  -2.42980010863417E-0009
 4.25000000000000E+0002  -1.71300915312401E-0009
 4.25500000000000E+0002  -1.18489267634916E-0009
 4.26000000000000E+0002  -8.02441139532900E-0010
 4.26500000000000E+0002  -5.30744548362474E-0010
 4.27000000000000E+0002  -3.41836741693611E-0010
 4.27500000000000E+0002  -2.13640299839055E-0010
 4.28000000000000E+0002  -1.29011668640395E-0010
 4.28500000000000E+0002  -7.48852324816625E-0011
 4.29000000000000E+0002  -4.15142280266579E-0011
 4.29500000000000E+0002  -2.18055759421220E-0011
 4.30000000000000E+0002  -1.07449257477410E-0011
 4.30500000000000E+0002  -4.90746458831033E-0012
 4.31000000000000E+0002  -2.04933879661726E-0012
 4.31500000000000E+0002  -7.73881793102165E-0013
 4.32000000000000E+0002  -2.66236837752662E-0013
 4.32500000000000E+0002  -8.94118135718401E-0014
 4.33000000000000E+0002  -3.43136908319954E-0014
 4.33500000000000E+0002  -1.58902049593953E-0014
 4.34000000000000E+0002  -7.12554448481074E-0015
 4.34500000000000E+0002  -2.24247586240286E-0015
 4.35000000000000E+0002  -1.86490929943140E-0016
 4.35500000000000E+0002   1.64763457732297E-0016
 4.36000000000000E+0002  -2.37295401440718E-0018
 4.36500000000000E+0002  -8.67832794113370E-0017
 4.37000000000000E+0002  -4.47844195125831E-0017
 4.37500000000000E+0002   3.17303009075704E-0018
 4.38000000000000E+0002   1.08401270461350E-0017
 4.38500000000000E+0002   1.53111769916165E-0018
 4.39000000000000E+0002  -2.47939358938708E-0018
 4.39500000000000E+0002  -7.55533242915284E-0019
 4.40000000000000E+0002   8.15759031294072E-0019
 4.40500000000000E+0002   7.21907317627940E-0019
 4.41000000000000E+0002   2.26078139509799E-0019
 4.41500000000000E+0002   4.93829509983867E-0020
 4.42000000000000E+0002   3.71652722185772E-0020
 4.42500000000000E+0002  -6.38583623650366E-0020
 4.43000000000000E+0002  -2.95005883000630E-0019
 4.43500000000000E+0002  -5.31464165530578E-0019
 4.44000000000000E+0002  -5.97522913152971E-0019
 4.44500000000000E+0002  -4.06632700360766E-0019
 4.45000000000000E+0002  -4.64621195163543E-0020
 4.45500000000000E+0002   2.76071055267110E-0019
 4.46000000000000E+0002   3.87476112441900E-0019
 4.46500000000000E+0002   2.71777037786061E-0019
 4.47000000000000E+0002   6.77829133282594E-0020
 4.47500000000000E+0002  -5.34322884944716E-0020
 4.48000000000000E+0002  -1.79540945210946E-0020
 4.48500000000000E+0002   1.22252872325693E-0019
 4.49000000000000E+0002   2.51467319426153E-0019
 4.49500000000000E+0002   2.61212292074882E-0019
 4.50000000000000E+0002   9.82267434870435E-0020
 4.50500000000000E+0002  -1.96252357337749E-0019
 4.51000000000000E+0002  -4.85800518547674E-0019
 4.51500000000000E+0002  -6.25585780554907E-0019
 4.52000000000000E+0002  -5.85184874919792E-0019
 4.52500000000000E+0002  -4.69470006848256E-0019
 4.53000000000000E+0002  -3.92837989450260E-0019
 4.53500000000000E+0002  -3.46546546396695E-0019
 4.54000000000000E+0002  -2.22696950070257E-0019
 4.54500000000000E+0002   3.44979222921759E-0020
 4.55000000000000E+0002   3.43368829926865E-0019
 4.55500000000000E+0002   5.70116191456287E-0019
 4.56000000000000E+0002   6.64415696480693E-0019
 4.56500000000000E+0002   6.69145068715524E-0019
 4.57000000000000E+0002   6.12715049439127E-0019
 4.57500000000000E+0002   4.55083612338397E-0019
 4.58000000000000E+0002   1.76380564018955E-0019
 4.58500000000000E+0002  -1.11757076099188E-0019
 4.59000000000000E+0002  -2.09414962422498E-0019
 4.59500000000000E+0002  -2.89612106301168E-0020
 4.60000000000000E+0002   2.58384162359062E-0019
 4.60500000000000E+0002   3.36746474333323E-0019
 4.61000000000000E+0002   5.22428653592798E-0020
 4.61500000000000E+0002  -4.13302245498537E-0019
 4.62000000000000E+0002  -7.11398192563990E-0019
 4.62500000000000E+0002  -6.56281666786506E-0019
 4.63000000000000E+0002  -3.65015597299397E-0019
 4.63500000000000E+0002  -1.08491404593044E-0019
 4.64000000000000E+0002  -6.60514027553644E-0020
 4.64500000000000E+0002  -1.96215748682301E-0019
 4.65000000000000E+0002  -2.99210200198104E-0019
 4.65500000000000E+0002  -2.13557529027260E-0019
 4.66000000000000E+0002   3.05987013450810E-0020
 4.66500000000000E+0002   2.66769584983015E-0019
 4.67000000000000E+0002   3.84742982156898E-0019
 4.67500000000000E+0002   4.08885180598327E-0019
 4.68000000000000E+0002   3.85083347577584E-0019
 4.68500000000000E+0002   2.80217022128360E-0019
 4.69000000000000E+0002   4.73487106177330E-0020
 4.69500000000000E+0002  -2.66083212897163E-0019
 4.70000000000000E+0002  -5.39039199254673E-0019
 4.70500000000000E+0002  -6.83210482322119E-0019
 4.71000000000000E+0002  -6.84587087567917E-0019
 4.71500000000000E+0002  -5.62234746337373E-0019
 4.72000000000000E+0002  -3.43712971206878E-0019
 4.72500000000000E+0002  -9.23622962009864E-0020
 4.73000000000000E+0002   8.76244535422281E-0020
 4.73500000000000E+0002   1.23366789787703E-0019
 4.74000000000000E+0002   5.84544112707982E-0020
 4.74500000000000E+0002   3.45221275898330E-0020
 4.75000000000000E+0002   1.55788057210027E-0019
 4.75500000000000E+0002   3.71088882953630E-0019
 4.76000000000000E+0002   5.13821270356709E-0019
 4.76500000000000E+0002   4.71794899670477E-0019
 4.77000000000000E+0002   3.00916882064782E-0019
 4.77500000000000E+0002   1.53501683280502E-0019
 4.78000000000000E+0002   1.17382041896736E-0019
 4.78500000000000E+0002   1.64267835111420E-0019
 4.79000000000000E+0002   2.38242604944730E-0019
 4.79500000000000E+0002   3.25648488131639E-0019
 4.80000000000000E+0002   4.15976788574132E-0019
 4.80500000000000E+0002   4.54573595913978E-0019
 4.81000000000000E+0002   3.84766478061626E-0019
 4.81500000000000E+0002   2.12942545574559E-0019
 4.82000000000000E+0002   0.00000000000000E+0000
 4.82500000000000E+0002  -1.93737323734474E-0019
 4.83000000000000E+0002  -3.16465442820906E-0019
 4.83500000000000E+0002  -3.28511166793816E-0019
 4.84000000000000E+0002  -2.18511207817122E-0019
 4.84500000000000E+0002  -2.71591905708065E-0020
 4.85000000000000E+0002   1.63837743084677E-0019
 4.85500000000000E+0002   2.67007510718892E-0019
 4.86000000000000E+0002   2.34764297318496E-0019
 4.86500000000000E+0002   1.04160288026833E-0019
 4.87000000000000E+0002  -1.67214849762189E-0020
 4.87500000000000E+0002  -5.52218425548836E-0020
 4.88000000000000E+0002  -6.42120005343487E-0020
 4.88500000000000E+0002  -1.45588143525344E-0019
 4.89000000000000E+0002  -2.72745063308701E-0019
 4.89500000000000E+0002  -2.74513987830786E-0019
 4.90000000000000E+0002  -6.14801784684272E-0020
 4.90500000000000E+0002   1.97111763834422E-0019
 4.91000000000000E+0002   2.30951707664975E-0019
 4.91500000000000E+0002   0.00000000000000E+0000
 4.92000000000000E+0002  -2.82964292475748E-0019
 4.92500000000000E+0002  -3.58715083451490E-0019
 4.93000000000000E+0002  -2.55277573547839E-0019
 4.93500000000000E+0002  -1.58133536055007E-0019
 4.94000000000000E+0002  -1.44935959774045E-0019
 4.94500000000000E+0002  -1.15139746271679E-0019
 4.95000000000000E+0002   0.00000000000000E+0000
 4.95500000000000E+0002   9.58744747883368E-0020
 4.96000000000000E+0002   1.90232598821870E-0020
 4.96500000000000E+0002  -1.68164761222032E-0019
 4.97000000000000E+0002  -2.60855960240488E-0019
 4.97500000000000E+0002  -1.98571878783238E-0019
 4.98000000000000E+0002  -1.42304967219706E-0019
 4.98500000000000E+0002  -2.23845355421895E-0019
 4.99000000000000E+0002  -3.55871428520482E-0019
 4.99500000000000E+0002  -3.68644488119604E-0019
 5.00000000000000E+0002  -2.36935445653207E-0019
 5.00500000000000E+0002  -7.80383218332448E-0020
 5.01000000000000E+0002   2.01194957181494E-0020
 5.01500000000000E+0002   7.28805456186017E-0020
 5.02000000000000E+0002   1.12888121319608E-0019
 5.02500000000000E+0002   1.20574843740325E-0019
 5.03000000000000E+0002   8.29848355735116E-0020
 5.03500000000000E+0002   6.75709246504008E-0020
 5.04000000000000E+0002   1.61450335125324E-0019
 5.04500000000000E+0002   3.40092675172266E-0019
 5.05000000000000E+0002   4.62191759139488E-0019
 5.05500000000000E+0002   4.15714301921809E-0019
 5.06000000000000E+0002   2.33688641920771E-0019
 5.06500000000000E+0002   6.56511609586253E-0020
 5.07000000000000E+0002   6.19912695998112E-0020
 5.07500000000000E+0002   2.56754519959325E-0019
 5.08000000000000E+0002   5.20968102154418E-0019
 5.08500000000000E+0002   6.59740211138806E-0019
 5.09000000000000E+0002   5.94360285584354E-0019
 5.09500000000000E+0002   4.22899197404703E-0019
 5.10000000000000E+0002   2.79514991575641E-0019
 5.10500000000000E+0002   1.80448135580360E-0019
 5.11000000000000E+0002   5.16474194339404E-0020
 5.11500000000000E+0002  -1.26773684318817E-0019
 5.12000000000000E+0002  -2.67871294603077E-0019
 5.12500000000000E+0002  -2.70492307458199E-0019
 5.13000000000000E+0002  -1.09306283568491E-0019
 5.13500000000000E+0002   1.74036015515148E-0019
 5.14000000000000E+0002   4.92782930590656E-0019
 5.14500000000000E+0002   7.00150504946678E-0019
 5.15000000000000E+0002   6.51325088682220E-0019
 5.15500000000000E+0002   3.55278459871629E-0019
 5.16000000000000E+0002   1.02992658298971E-0020
 5.16500000000000E+0002  -1.60305977018770E-0019
 5.17000000000000E+0002  -7.43121082336982E-0020
 5.17500000000000E+0002   1.96635218837581E-0019
 5.18000000000000E+0002   4.95868055470445E-0019
 5.18500000000000E+0002   6.44231534008265E-0019
 5.19000000000000E+0002   5.20258403077208E-0019
 5.19500000000000E+0002   1.51077167748815E-0019
 5.20000000000000E+0002  -2.94670601445168E-0019
 5.20500000000000E+0002  -6.40120725639612E-0019
 5.21000000000000E+0002  -8.03823998568475E-0019
 5.21500000000000E+0002  -7.73335152206993E-0019
 5.22000000000000E+0002  -5.73836895479859E-0019
 5.22500000000000E+0002  -3.09171860332614E-0019
 5.23000000000000E+0002  -1.26979893138640E-0019
 5.23500000000000E+0002  -7.92198710963738E-0020
 5.24000000000000E+0002  -1.08887679466674E-0019
 5.24500000000000E+0002  -1.91301648886984E-0019
 5.25000000000000E+0002  -3.50706367356059E-0019
 5.25500000000000E+0002  -5.22622803694139E-0019
 5.26000000000000E+0002  -5.57545966219652E-0019
 5.26500000000000E+0002  -3.97401590218165E-0019
 5.27000000000000E+0002  -1.33854338113492E-0019
 5.27500000000000E+0002   1.19860528605348E-0019
 5.28000000000000E+0002   3.14359487286254E-0019
 5.28500000000000E+0002   4.07882921187637E-0019
 5.29000000000000E+0002   3.23442620665839E-0019
 5.29500000000000E+0002   3.99165433666516E-0020
 5.30000000000000E+0002  -3.04823395254264E-0019
 5.30500000000000E+0002  -4.97316207573365E-0019
 5.31000000000000E+0002  -4.61987348754770E-0019
 5.31500000000000E+0002  -3.25406024716904E-0019
 5.32000000000000E+0002  -2.37482177819856E-0019
 5.32500000000000E+0002  -1.88181315885664E-0019
 5.33000000000000E+0002  -6.10019114499165E-0020
 5.33500000000000E+0002   1.57565307124004E-0019
 5.34000000000000E+0002   3.09869053361472E-0019
 5.34500000000000E+0002   2.46220207015660E-0019
 5.35000000000000E+0002   1.25141658010337E-0020
 5.35500000000000E+0002  -2.02842292556878E-0019
 5.36000000000000E+0002  -2.81539804797901E-0019
 5.36500000000000E+0002  -2.72094841683604E-0019
 5.37000000000000E+0002  -2.84516154298213E-0019
 5.37500000000000E+0002  -3.42381811596890E-0019
 5.38000000000000E+0002  -3.46215605449606E-0019
 5.38500000000000E+0002  -1.72212721211628E-0019
 5.39000000000000E+0002   1.89585914660797E-0019
 5.39500000000000E+0002   6.00681907795569E-0019
 5.40000000000000E+0002   8.58321634913924E-0019
 5.40500000000000E+0002   8.01890076358918E-0019
 5.41000000000000E+0002   4.08756607031257E-0019
 5.41500000000000E+0002  -1.42749411950445E-0019
 5.42000000000000E+0002  -5.62342731483373E-0019
 5.42500000000000E+0002  -6.78814821935889E-0019
 5.43000000000000E+0002  -5.21848737802666E-0019
 5.43500000000000E+0002  -1.95178316922074E-0019
 5.44000000000000E+0002   5.35140856294779E-0020
 5.44500000000000E+0002  -2.37472257418396E-0019
 5.45000000000000E+0002  -9.02106180297391E-0019
 5.45500000000000E+0002  -2.81835835166991E-0019
 5.46000000000000E+0002   2.70029587802710E-0018
 5.46500000000000E+0002   4.44154024434159E-0018
 5.47000000000000E+0002  -1.34788430155250E-0018
 5.47500000000000E+0002  -1.16943078507226E-0017
 5.48000000000000E+0002  -8.25320809683613E-0018
 5.48500000000000E+0002   2.03920159149341E-0017
 5.49000000000000E+0002   4.27253894923593E-0017
 5.49500000000000E+0002  -1.90409156231408E-0018
 5.50000000000000E+0002  -1.08327185815662E-0016
 5.50500000000000E+0002  -1.31548181532627E-0016
 5.51000000000000E+0002   9.16113819604304E-0017
 5.51500000000000E+0002   4.38627135997816E-0016
 5.52000000000000E+0002   3.79630882262799E-0016
 5.52500000000000E+0002  -5.50431780668968E-0016
 5.53000000000000E+0002  -1.87655284303657E-0015
 5.53500000000000E+0002  -1.94748965116326E-0015
 5.54000000000000E+0002   5.63917895157927E-0016
 5.54500000000000E+0002   3.70678873543982E-0015
 5.55000000000000E+0002   1.15963989511048E-0016
 5.55500000000000E+0002  -2.15596688053586E-0014
 5.56000000000000E+0002  -7.18526997059545E-0014
 5.56500000000000E+0002  -1.58937471751306E-0013
 5.57000000000000E+0002  -3.05078865048893E-0013
 5.57500000000000E+0002  -6.02904605328457E-0013
 5.58000000000000E+0002  -1.33774013680047E-0012
 5.58500000000000E+0002  -3.20374089728935E-0012
 5.59000000000000E+0002  -7.64101689618739E-0012
 5.59500000000000E+0002  -1.73194178968925E-0011
 5.60000000000000E+0002  -3.67927835705155E-0011
 5.60500000000000E+0002  -7.33454618101448E-0011
 5.61000000000000E+0002  -1.38050734042082E-0010
 5.61500000000000E+0002  -2.47058406288402E-0010
 5.62000000000000E+0002  -4.23126220349314E-0010
 5.62500000000000E+0002  -6.97406934241809E-0010
 5.63000000000000E+0002  -1.11149994747684E-0009
 5.63500000000000E+0002  -1.71977323453828E-0009
 5.64000000000000E+0002  -2.59195812466076E-0009
 5.64500000000000E+0002  -3.81601615556759E-0009
 5.65000000000000E+0002  -5.50127386491657E-0009
 5.65500000000000E+0002  -7.78181799583560E-0009
 5.66000000000000E+0002  -1.08201402117529E-0008
 5.66500000000000E+0002  -1.48110170721557E-0008
 5.67000000000000E+0002  -1.99856077452623E-0008
 5.67500000000000E+0002  -2.66157487557487E-0008
 5.68000000000000E+0002  -3.50184220151892E-0008
 5.68500000000000E+0002  -4.55603694883096E-0008
 5.69000000000000E+0002  -5.86628251369391E-0008
 5.69500000000000E+0002  -7.48063322813371E-0008
 5.70000000000000E+0002  -9.45356122485012E-0008
 5.70500000000000E+0002  -1.18464448162219E-0007
 5.71000000000000E+0002  -1.47280545991337E-0007
 5.71500000000000E+0002  -1.81750333527240E-0007
 5.72000000000000E+0002  -2.22723656824757E-0007
 5.72500000000000E+0002  -2.71138332827196E-0007
 5.73000000000000E+0002  -3.28024516414917E-0007
 5.73500000000000E+0002  -3.94508839975266E-0007
 5.74000000000000E+0002  -4.71818283796311E-0007
 5.74500000000000E+0002  -5.61283736139473E-0007
 5.75000000000000E+0002  -6.64343202744574E-0007
 5.75500000000000E+0002  -7.82544626762500E-0007
 5.76000000000000E+0002  -9.17548281689305E-0007
 5.76500000000000E+0002  -1.07112870178104E-0006
 5.77000000000000E+0002  -1.24517611664849E-0006
 5.77500000000000E+0002  -1.44169735925278E-0006
 5.78000000000000E+0002  -1.66281621932884E-0006
 5.78500000000000E+0002  -1.91077321733025E-0006
 5.79000000000000E+0002  -2.18792477729805E-0006
 5.79500000000000E+0002  -2.49674178058412E-0006
 5.80000000000000E+0002  -2.83980748607980E-0006
 5.80500000000000E+0002  -3.21981480648383E-0006
 5.81000000000000E+0002  -3.63956293416286E-0006
 5.81500000000000E+0002  -4.10195331428193E-0006
 5.82000000000000E+0002  -4.60998496708103E-0006
 5.82500000000000E+0002  -5.16674916541545E-0006
 5.83000000000000E+0002  -5.77542347792742E-0006
 5.83500000000000E+0002  -6.43926519244529E-0006
 5.84000000000000E+0002  -7.16160413837952E-0006
 5.84500000000000E+0002  -7.94583493097063E-0006
 5.85000000000000E+0002  -8.79540866421040E-0006
 5.85500000000000E+0002  -9.71382408307581E-0006
 5.86000000000000E+0002  -1.07046182693538E-0005
 5.86500000000000E+0002  -1.17713568787642E-0005
 5.87000000000000E+0002  -1.29176239702844E-0005
 5.87500000000000E+0002  -1.41470114715203E-0005
 5.88000000000000E+0002  -1.54631083266174E-0005
 5.88500000000000E+0002  -1.68694893755624E-0005
 5.89000000000000E+0002  -1.83697040157526E-0005
 5.89500000000000E+0002  -1.99672646984062E-0005
 5.90000000000000E+0002  -2.16656353137284E-0005
 5.90500000000000E+0002  -2.34682195197284E-0005
 5.91000000000000E+0002  -2.53783490701928E-0005
 5.91500000000000E+0002  -2.73992721975615E-0005
 5.92000000000000E+0002  -2.95341421063097E-0005
 5.92500000000000E+0002  -3.17860056319298E-0005
 5.93000000000000E+0002  -3.41577921197193E-0005
 5.93500000000000E+0002  -3.66523025763297E-0005
 5.94000000000000E+0002  -3.92721991454327E-0005
 5.94500000000000E+0002  -4.20199949569048E-0005
 5.95000000000000E+0002  -4.48980443966630E-0005
 5.95500000000000E+0002  -4.79085338416948E-0005
 5.96000000000000E+0002  -5.10534729019570E-0005
 5.96500000000000E+0002  -5.43346862076701E-0005
 5.97000000000000E+0002  -5.77538057771515E-0005
 5.97500000000000E+0002  -6.13122639967273E-0005
 5.98000000000000E+0002  -6.50112872404704E-0005
 5.98500000000000E+0002  -6.88518901535605E-0005
 5.99000000000000E+0002  -7.28348706189757E-0005
 5.99500000000000E+0002  -7.69608054230482E-0005
 6.00000000000000E+0002  -8.12300466311647E-0005
 6.00500000000000E+0002  -8.56427186806117E-0005
 6.01000000000000E+0002  -9.01987161932800E-0005
 6.01500000000000E+0002  -9.48977025066939E-0005
 6.02000000000000E+0002  -9.97391089176364E-0005
 6.02500000000000E+0002  -1.04722134628545E-0004
 6.03000000000000E+0002  -1.09845747382887E-0004
 6.03500000000000E+0002  -1.15108684771893E-0004
 6.04000000000000E+0002  -1.20509456191419E-0004
 6.04500000000000E+0002  -1.26046345424256E-0004
 6.05000000000000E+0002  -1.31717413820016E-0004
 6.05500000000000E+0002  -1.37520504041824E-0004
 6.06000000000000E+0002  -1.43453244346325E-0004
 6.06500000000000E+0002  -1.49513053361219E-0004
 6.07000000000000E+0002  -1.55697145322419E-0004
 6.07500000000000E+0002  -1.62002535731267E-0004
 6.08000000000000E+0002  -1.68426047390774E-0004
 6.08500000000000E+0002  -1.74964316778857E-0004
 6.09000000000000E+0002  -1.81613800715814E-0004
 6.09500000000000E+0002  -1.88370783282903E-0004
 6.10000000000000E+0002  -1.95231382948921E-0004
 6.10500000000000E+0002  -2.02191559861964E-0004
 6.11000000000000E+0002  -2.09247123264255E-0004
 6.11500000000000E+0002  -2.16393738988895E-0004
 6.12000000000000E+0002  -2.23626936998720E-0004
 6.12500000000000E+0002  -2.30942118929040E-0004
 6.13000000000000E+0002  -2.38334565597957E-0004
 6.13500000000000E+0002  -2.45799444450084E-0004
 6.14000000000000E+0002  -2.53331816901898E-0004
 6.14500000000000E+0002  -2.60926645559594E-0004
 6.15000000000000E+0002  -2.68578801283095E-0004
 6.15500000000000E+0002  -2.76283070072863E-0004
 6.16000000000000E+0002  -2.84034159759260E-0004
 6.16500000000000E+0002  -2.91826706477473E-0004
 6.17000000000000E+0002  -2.99655280914250E-0004
 6.17500000000000E+0002  -3.07514394316140E-0004
 6.18000000000000E+0002  -3.15398504252224E-0004
 6.18500000000000E+0002  -3.23302020127738E-0004
 6.19000000000000E+0002  -3.31219308448290E-0004
 6.19500000000000E+0002  -3.39144697837626E-0004
 6.20000000000000E+0002  -3.47072483815029E-0004
 6.20500000000000E+0002  -3.54996933341489E-0004
 6.21000000000000E+0002  -3.62912289146597E-0004
 6.21500000000000E+0002  -3.70812773850832E-0004
 6.22000000000000E+0002  -3.78692593900356E-0004
 6.22500000000000E+0002  -3.86545943333685E-0004
 6.23000000000000E+0002  -3.94367007401598E-0004
 6.23500000000000E+0002  -4.02149966063372E-0004
 6.24000000000000E+0002  -4.09888997383891E-0004
 6.24500000000000E+0002  -4.17578280857302E-0004
 6.25000000000000E+0002  -4.25212000683771E-0004
 6.25500000000000E+0002  -4.32784349026425E-0004
 6.26000000000000E+0002  -4.40289529275757E-0004
 6.26500000000000E+0002  -4.47721759348716E-0004
 6.27000000000000E+0002  -4.55075275049258E-0004
 6.27500000000000E+0002  -4.62344333516416E-0004
 6.28000000000000E+0002  -4.69523216784912E-0004
 6.28500000000000E+0002  -4.76606235481996E-0004
 6.29000000000000E+0002  -4.83587732682577E-0004
 6.29500000000000E+0002  -4.90462087942802E-0004
 6.30000000000000E+0002  -4.97223721530136E-0004
 6.30500000000000E+0002  -5.03867098865534E-0004
 6.31000000000000E+0002  -5.10386735190789E-0004
 6.31500000000000E+0002  -5.16777200471251E-0004
 6.32000000000000E+0002  -5.23033124541249E-0004
 6.32500000000000E+0002  -5.29149202496362E-0004
 6.33000000000000E+0002  -5.35120200333542E-0004
 6.33500000000000E+0002  -5.40940960836739E-0004
 6.34000000000000E+0002  -5.46606409702391E-0004
 6.34500000000000E+0002  -5.52111561895701E-0004
 6.35000000000000E+0002  -5.57451528225311E-0004
 6.35500000000000E+0002  -5.62621522120622E-0004
 6.36000000000000E+0002  -5.67616866592771E-0004
 6.36500000000000E+0002  -5.72433001357086E-0004
 6.37000000000000E+0002  -5.77065490091843E-0004
 6.37500000000000E+0002  -5.81510027805224E-0004
 6.38000000000000E+0002  -5.85762448279728E-0004
 6.38500000000000E+0002  -5.89818731560757E-0004
 6.39000000000000E+0002  -5.93675011453885E-0004
 6.39500000000000E+0002  -5.97327582993289E-0004
 6.40000000000000E+0002  -6.00772909842109E-0004
 6.40500000000000E+0002  -6.04007631584098E-0004
 6.41000000000000E+0002  -6.07028570864762E-0004
 6.41500000000000E+0002  -6.09832740339440E-0004
 6.42000000000000E+0002  -6.12417349385275E-0004
 6.42500000000000E+0002  -6.14779810533927E-0004
 6.43000000000000E+0002  -6.16917745582103E-0004
 6.43500000000000E+0002  -6.18828991337534E-0004
 6.44000000000000E+0002  -6.20511604958972E-0004
 6.44500000000000E+0002  -6.21963868850029E-0004
 6.45000000000000E+0002  -6.23184295068289E-0004
 6.45500000000000E+0002  -6.24171629213048E-0004
 6.46000000000000E+0002  -6.24924853757285E-0004
 6.46500000000000E+0002  -6.25443190792014E-0004
 6.47000000000000E+0002  -6.25726104153991E-0004
 6.47500000000000E+0002  -6.25773300910866E-0004
 6.48000000000000E+0002  -6.25584732181178E-0004
 6.48500000000000E+0002  -6.25160593270169E-0004
 6.49000000000000E+0002  -6.24501323106138E-0004
 6.49500000000000E+0002  -6.23607602965967E-0004
 6.50000000000000E+0002  -6.22480354482504E-0004
 6.50500000000000E+0002  -6.21120736930653E-0004
 6.51000000000000E+0002  -6.19530143793232E-0004
 6.51500000000000E+0002  -6.17710198611975E-0004
 6.52000000000000E+0002  -6.15662750133297E-0004
 6.52500000000000E+0002  -6.13389866762730E-0004
 6.53000000000000E+0002  -6.10893830346162E-0004
 6.53500000000000E+0002  -6.08177129300104E-0004
 6.54000000000000E+0002  -6.05242451117236E-0004
 6.54500000000000E+0002  -6.02092674277344E-0004
 6.55000000000000E+0002  -5.98730859597429E-0004
 6.55500000000000E+0002  -5.95160241058252E-0004
 6.56000000000000E+0002  -5.91384216147809E-0004
 6.56500000000000E+0002  -5.87406335765226E-0004
 6.57000000000000E+0002  -5.83230293731237E-0004
 6.57500000000000E+0002  -5.78859915953839E-0004
 6.58000000000000E+0002  -5.74299149299771E-0004
 6.58500000000000E+0002  -5.69552050224197E-0004
 6.59000000000000E+0002  -5.64622773212396E-0004
 6.59500000000000E+0002  -5.59515559088240E-0004
 6.60000000000000E+0002  -5.54234723244951E-0004
 6.60500000000000E+0002  -5.48784643853868E-0004
 6.61000000000000E+0002  -5.43169750106886E-0004
 6.61500000000000E+0002  -5.37394510547768E-0004
 6.62000000000000E+0002  -5.31463421546669E-0004
 6.62500000000000E+0002  -5.25380995971027E-0004
 6.63000000000000E+0002  -5.19151752104407E-0004
 6.63500000000000E+0002  -5.12780202862994E-0004
 6.64000000000000E+0002  -5.06270845357182E-0004
 6.64500000000000E+0002  -4.99628150843194E-0004
 6.65000000000000E+0002  -4.92856555106802E-0004
 6.65500000000000E+0002  -4.85960449318156E-0004
 6.66000000000000E+0002  -4.78944171393348E-0004
 6.66500000000000E+0002  -4.71811997894816E-0004
 6.67000000000000E+0002  -4.64568136498912E-0004
 6.67500000000000E+0002  -4.57216719055054E-0004
 6.68000000000000E+0002  -4.49761795256846E-0004
 6.68500000000000E+0002  -4.42207326941401E-0004
 6.69000000000000E+0002  -4.34557183028879E-0004
 6.69500000000000E+0002  -4.26815135110041E-0004
 6.70000000000000E+0002  -4.18984853685332E-0004
 6.70500000000000E+0002  -4.11069905054809E-0004
 6.71000000000000E+0002  -4.03073748854076E-0004
 6.71500000000000E+0002  -3.94999736227304E-0004
 6.72000000000000E+0002  -3.86851108624506E-0004
 6.72500000000000E+0002  -3.78630997206416E-0004
 6.73000000000000E+0002  -3.70342422836742E-0004
 6.73500000000000E+0002  -3.61988296638161E-0004
 6.74000000000000E+0002  -3.53571421085242E-0004
 6.74500000000000E+0002  -3.45094491604608E-0004
 6.75000000000000E+0002  -3.36560098649981E-0004
 6.75500000000000E+0002  -3.27970730217434E-0004
 6.76000000000000E+0002  -3.19328774764144E-0004
 6.76500000000000E+0002  -3.10636524492232E-0004
 6.77000000000000E+0002  -3.01896178957895E-0004
 6.77500000000000E+0002  -2.93109848965019E-0004
 6.78000000000000E+0002  -2.84279560701760E-0004
 6.78500000000000E+0002  -2.75407260078257E-0004
 6.79000000000000E+0002  -2.66494817223630E-0004
 6.79500000000000E+0002  -2.57544031100785E-0004
 6.80000000000000E+0002  -2.48556634198222E-0004
 6.80500000000000E+0002  -2.39534297259064E-0004
 6.81000000000000E+0002  -2.30478634008845E-0004
 6.81500000000000E+0002  -2.21391205845219E-0004
 6.82000000000000E+0002  -2.12273526454688E-0004
 6.82500000000000E+0002  -2.03127066323583E-0004
 6.83000000000000E+0002  -1.93953257112970E-0004
 6.83500000000000E+0002  -1.84753495869795E-0004
 6.84000000000000E+0002  -1.75529149049377E-0004
 6.84500000000000E+0002  -1.66281556327386E-0004
 6.85000000000000E+0002  -1.57012034182554E-0004
 6.85500000000000E+0002  -1.47721879234616E-0004
 6.86000000000000E+0002  -1.38412371325292E-0004
 6.86500000000000E+0002  -1.29084776333507E-0004
 6.87000000000000E+0002  -1.19740348719412E-0004
 6.87500000000000E+0002  -1.10380333795170E-0004
 6.88000000000000E+0002  -1.01005969723784E-0004
 6.88500000000000E+0002  -9.16184892505209E-0005
 6.89000000000000E+0002  -8.22191211746352E-0005
 6.89500000000000E+0002  -7.28090915721356E-0005
 6.90000000000000E+0002  -6.33896247831963E-0005
 6.90500000000000E+0002  -5.39619441805183E-0005
 6.91000000000000E+0002  -4.45272727374230E-0005
 6.91500000000000E+0002  -3.50868334167133E-0005
 6.92000000000000E+0002  -2.56418494033470E-0005
 6.92500000000000E+0002  -1.61935442057030E-0005
 6.93000000000000E+0002  -6.74314165168242E-0006
 6.93500000000000E+0002   2.70813419295579E-0006
 6.94000000000000E+0002   1.21590591557617E-0005
 6.94500000000000E+0002   2.16084091094602E-0005
 6.95000000000000E+0002   3.10549601154822E-0005
 6.95500000000000E+0002   4.04974885302204E-0005
 6.96000000000000E+0002   4.99347710454772E-0005
 6.96500000000000E+0002   5.93655846353001E-0005
 6.97000000000000E+0002   6.87887063824309E-0005
 6.97500000000000E+0002   7.82029131589316E-0005
 6.98000000000000E+0002   8.76069811371659E-0005
 6.98500000000000E+0002   9.69996851092183E-0005
 6.99000000000000E+0002   1.06379797594971E-0004
 6.99500000000000E+0002   1.15746087721459E-0004
 7.00000000000000E+0002   1.25097319858717E-0004
 7.00500000000000E+0002   1.34432252000139E-0004
 7.01000000000000E+0002   1.43749633878341E-0004
 7.01500000000000E+0002   1.53048204810599E-0004
 7.02000000000000E+0002   1.62326691271196E-0004
 7.02500000000000E+0002   1.71583804191277E-0004
 7.03000000000000E+0002   1.80818235990215E-0004
 7.03500000000000E+0002   1.90028657345834E-0004
 7.04000000000000E+0002   1.99213713714265E-0004
 7.04500000000000E+0002   2.08372021613505E-0004
 7.05000000000000E+0002   2.17502164688082E-0004
 7.05500000000000E+0002   2.26602689575358E-0004
 7.06000000000000E+0002   2.35672101597112E-0004
 7.06500000000000E+0002   2.44708860302887E-0004
 7.07000000000000E+0002   2.53711374894366E-0004
 7.07500000000000E+0002   2.62677999562504E-0004
 7.08000000000000E+0002   2.71607028771439E-0004
 7.08500000000000E+0002   2.80496692525255E-0004
 7.09000000000000E+0002   2.89345151655372E-0004
 7.09500000000000E+0002   2.98150493167836E-0004
 7.10000000000000E+0002   3.06910725690906E-0004
 7.10500000000000E+0002   3.15623775064192E-0004
 7.11000000000000E+0002   3.24287480111045E-0004
 7.11500000000000E+0002   3.32899588636110E-0004
 7.12000000000000E+0002   3.41457753689704E-0004
 7.12500000000000E+0002   3.49959530140218E-0004
 7.13000000000000E+0002   3.58402371594765E-0004
 7.13500000000000E+0002   3.66783627707146E-0004
 7.14000000000000E+0002   3.75100541910605E-0004
 7.14500000000000E+0002   3.83350249610954E-0004
 7.15000000000000E+0002   3.91529776873437E-0004
 7.15500000000000E+0002   3.99636039634218E-0004
 7.16000000000000E+0002   4.07665843464546E-0004
 7.16500000000000E+0002   4.15615883912616E-0004
 7.17000000000000E+0002   4.23482747444858E-0004
 7.17500000000000E+0002   4.31262913004821E-0004
 7.18000000000000E+0002   4.38952754204155E-0004
 7.18500000000000E+0002   4.46548542156294E-0004
 7.19000000000000E+0002   4.54046448959415E-0004
 7.19500000000000E+0002   4.61442551831175E-0004
 7.20000000000000E+0002   4.68732837893457E-0004
 7.20500000000000E+0002   4.75913209601207E-0004
 7.21000000000000E+0002   4.82979490805100E-0004
 7.21500000000000E+0002   4.89927433433629E-0004
 7.22000000000000E+0002   4.96752724775961E-0004
 7.22500000000000E+0002   5.03450995342873E-0004
 7.23000000000000E+0002   5.10017827279075E-0004
 7.23500000000000E+0002   5.16448763296413E-0004
 7.24000000000000E+0002   5.22739316093793E-0004
 7.24500000000000E+0002   5.28884978226251E-0004
 7.25000000000000E+0002   5.34881232382348E-0004
 7.25500000000000E+0002   5.40723562026166E-0004
 7.26000000000000E+0002   5.46407462357471E-0004
 7.26500000000000E+0002   5.51928451541287E-0004
 7.27000000000000E+0002   5.57282082156050E-0004
 7.27500000000000E+0002   5.62463952807804E-0004
 7.28000000000000E+0002   5.67469719856589E-0004
 7.28500000000000E+0002   5.72295109200102E-0004
 7.29000000000000E+0002   5.76935928059163E-0004
 7.29500000000000E+0002   5.81388076709204E-0004
 7.30000000000000E+0002   5.85647560102162E-0004
 7.30500000000000E+0002   5.89710499323631E-0004
 7.31000000000000E+0002   5.93573142831032E-0004
 7.31500000000000E+0002   5.97231877419745E-0004
 7.32000000000000E+0002   6.00683238865790E-0004
 7.32500000000000E+0002   6.03923922195535E-0004
 7.33000000000000E+0002   6.06950791535220E-0004
 7.33500000000000E+0002   6.09760889495594E-0004
 7.34000000000000E+0002   6.12351446049885E-0004
 7.34500000000000E+0002   6.14719886866435E-0004
 7.35000000000000E+0002   6.16863841060681E-0004
 7.35500000000000E+0002   6.18781148334814E-0004
 7.36000000000000E+0002   6.20469865477173E-0004
 7.36500000000000E+0002   6.21928272197434E-0004
 7.37000000000000E+0002   6.23154876277686E-0004
 7.37500000000000E+0002   6.24148418023697E-0004
 7.38000000000000E+0002   6.24907874004898E-0004
 7.38500000000000E+0002   6.25432460075916E-0004
 7.39000000000000E+0002   6.25721633676742E-0004
 7.39500000000000E+0002   6.25775095412910E-0004
 7.40000000000000E+0002   6.25592789921223E-0004
 7.40500000000000E+0002   6.25174906030702E-0004
 7.41000000000000E+0002   6.24521876232353E-0004
 7.41500000000000E+0002   6.23634375475244E-0004
 7.42000000000000E+0002   6.22513319309953E-0004
 7.42500000000000E+0002   6.21159861403945E-0004
 7.43000000000000E+0002   6.19575390456579E-0004
 7.43500000000000E+0002   6.17761526544457E-0004
 7.44000000000000E+0002   6.15720116930427E-0004
 7.44500000000000E+0002   6.13453231371994E-0004
 7.45000000000000E+0002   6.10963156966902E-0004
 7.45500000000000E+0002   6.08252392575433E-0004
 7.46000000000000E+0002   6.05323642860360E-0004
 7.46500000000000E+0002   6.02179811986557E-0004
 7.47000000000000E+0002   5.98823997022999E-0004
 7.47500000000000E+0002   5.95259481090251E-0004
 7.48000000000000E+0002   5.91489726296575E-0004
 7.48500000000000E+0002   5.87518366505456E-0004
 7.49000000000000E+0002   5.83349199976724E-0004
 7.49500000000000E+0002   5.78986181922411E-0004
 7.50000000000000E+0002   5.74433417017249E-0004
 7.50500000000000E+0002   5.69695151902078E-0004
 7.51000000000000E+0002   5.64775767716536E-0004
 7.51500000000000E+0002   5.59679772695320E-0004
 7.52000000000000E+0002   5.54411794859838E-0004
 7.52500000000000E+0002   5.48976574834525E-0004
 7.53000000000000E+0002   5.43378958814257E-0004
 7.53500000000000E+0002   5.37623891706343E-0004
 7.54000000000000E+0002   5.31716410467449E-0004
 7.54500000000000E+0002   5.25661637652608E-0004
 7.55000000000000E+0002   5.19464775190134E-0004
 7.55500000000000E+0002   5.13131098392943E-0004
 7.56000000000000E+0002   5.06665950213368E-0004
 7.56500000000000E+0002   5.00074735745232E-0004
 7.57000000000000E+0002   4.93362916973594E-0004
 7.57500000000000E+0002   4.86536007769328E-0004
 7.58000000000000E+0002   4.79599569122586E-0004
 7.58500000000000E+0002   4.72559204606108E-0004
 7.59000000000000E+0002   4.65420556056542E-0004
 7.59500000000000E+0002   4.58189299459201E-0004
 7.60000000000000E+0002   4.50871141019238E-0004
 7.60500000000000E+0002   4.43471813399949E-0004
 7.61000000000000E+0002   4.35997072106915E-0004
 7.61500000000000E+0002   4.28452691994961E-0004
 7.62000000000000E+0002   4.20844463873437E-0004
 7.62500000000000E+0002   4.13178191184179E-0004
 7.63000000000000E+0002   4.05459686725620E-0004
 7.63500000000000E+0002   3.97694769396013E-0004
 7.64000000000000E+0002   3.89889260928439E-0004
 7.64500000000000E+0002   3.82048982590414E-0004
 7.65000000000000E+0002   3.74179751821278E-0004
 7.65500000000000E+0002   3.66287378781267E-0004
 7.66000000000000E+0002   3.58377662787217E-0004
 7.66500000000000E+0002   3.50456388611139E-0004
 7.67000000000000E+0002   3.42529322619556E-0004
 7.67500000000000E+0002   3.34602208733328E-0004
 7.68000000000000E+0002   3.26680764189880E-0004
 7.68500000000000E+0002   3.18770675092078E-0004
 7.69000000000000E+0002   3.10877591730637E-0004
 7.69500000000000E+0002   3.03007123669685E-0004
 7.70000000000000E+0002   2.95164834588086E-0004
 7.70500000000000E+0002   2.87356236872226E-0004
 7.71000000000000E+0002   2.79586785959150E-0004
 7.71500000000000E+0002   2.71861874432241E-0004
 7.72000000000000E+0002   2.64186825874997E-0004
 7.72500000000000E+0002   2.56566888491808E-0004
 7.73000000000000E+0002   2.49007228508020E-0004
 7.73500000000000E+0002   2.41512923364899E-0004
 7.74000000000000E+0002   2.34088954728368E-0004
 7.74500000000000E+0002   2.26740201333578E-0004
 7.75000000000000E+0002   2.19471431690365E-0004
 7.75500000000000E+0002   2.12287296677606E-0004
 7.76000000000000E+0002   2.05192322057110E-0004
 7.76500000000000E+0002   1.98190900940235E-0004
 7.77000000000000E+0002   1.91287286242658E-0004
 7.77500000000000E+0002   1.84485583164736E-0004
 7.78000000000000E+0002   1.77789741736633E-0004
 7.78500000000000E+0002   1.71203549468828E-0004
 7.79000000000000E+0002   1.64730624149745E-0004
 7.79500000000000E+0002   1.58374406833065E-0004
 7.80000000000000E+0002   1.52138155057738E-0004
 7.80500000000000E+0002   1.46024936343874E-0004
 7.81000000000000E+0002   1.40037622007448E-0004
 7.81500000000000E+0002   1.34178881336238E-0004
 7.82000000000000E+0002   1.28451176168456E-0004
 7.82500000000000E+0002   1.22856755914339E-0004
 7.83000000000000E+0002   1.17397653059329E-0004
 7.83500000000000E+0002   1.12075679185585E-0004
 7.84000000000000E+0002   1.06892421546331E-0004
 7.84500000000000E+0002   1.01849240224998E-0004
 7.85000000000000E+0002   9.69472659083172E-0005
 7.85500000000000E+0002   9.21873982994177E-0005
 7.86000000000000E+0002   8.75703051936686E-0005
 7.86500000000000E+0002   8.30964222364447E-0005
 7.87000000000000E+0002   7.87659533782640E-0005
 7.87500000000000E+0002   7.45788720388283E-0005
 7.88000000000000E+0002   7.05349229874561E-0005
 7.88500000000000E+0002   6.66336249432406E-0005
 7.89000000000000E+0002   6.28742738940375E-0005
 7.89500000000000E+0002   5.92559471291114E-0005
 7.90000000000000E+0002   5.57775079759814E-0005
 7.90500000000000E+0002   5.24376112277426E-0005
 7.91000000000000E+0002   4.92347092429237E-0005
 7.91500000000000E+0002   4.61670586958129E-0005
 7.92000000000000E+0002   4.32327279511741E-0005
 7.92500000000000E+0002   4.04296050334073E-0005
 7.93000000000000E+0002   3.77554061565228E-0005
 7.93500000000000E+0002   3.52076847778157E-0005
 7.94000000000000E+0002   3.27838411348779E-0005
 7.94500000000000E+0002   3.04811322225943E-0005
 7.95000000000000E+0002   2.82966821640580E-0005
 7.95500000000000E+0002   2.62274929269299E-0005
 7.96000000000000E+0002   2.42704553346807E-0005
 7.96500000000000E+0002   2.24223603203992E-0005
 7.97000000000000E+0002   2.06799103694502E-0005
 7.97500000000000E+0002   1.90397310962211E-0005
 7.98000000000000E+0002   1.74983828995261E-0005
 7.98500000000000E+0002   1.60523726409373E-0005
 7.99000000000000E+0002   1.46981652903874E-0005
 7.99500000000000E+0002   1.34321954838436E-0005
 8.00000000000000E+0002   1.22508789386749E-0005
 8.00500000000000E+0002   1.11506236735251E-0005
 8.01000000000000E+0002   1.01278409810483E-0005
 8.01500000000000E+0002   9.17895610375214E-0006
 8.02000000000000E+0002   8.30041856541113E-0006
 8.02500000000000E+0002   7.48871211304063E-0006
 8.03000000000000E+0002   6.74036422724122E-0006
 8.03500000000000E+0002   6.05195516181248E-0006
 8.04000000000000E+0002   5.42012647686868E-0006
 8.04500000000000E+0002   4.84158903324206E-0006
 8.05000000000000E+0002   4.31313041970411E-0006
 8.05500000000000E+0002   3.83162178844173E-0006
 8.06000000000000E+0002   3.39402407826451E-0006
 8.06500000000000E+0002   2.99739360915851E-0006
 8.07000000000000E+0002   2.63888703601095E-0006
 8.07500000000000E+0002   2.31576565357504E-0006
 8.08000000000000E+0002   2.02539904899385E-0006
 8.08500000000000E+0002   1.76526810242216E-0006
 8.09000000000000E+0002   1.53296734044555E-0006
 8.09500000000000E+0002   1.32620665106277E-0006
 8.10000000000000E+0002   1.14281237294295E-0006
 8.10500000000000E+0002   9.80727775462686E-0007
 8.11000000000000E+0002   8.38012949641398E-0007
 8.11500000000000E+0002   7.12844133499008E-0007
 8.12000000000000E+0002   6.03512498532459E-0007
 8.12500000000000E+0002   5.08422426925102E-0007
 8.13000000000000E+0002   4.26089311746992E-0007
 8.13500000000000E+0002   3.55136914757759E-0007
 8.14000000000000E+0002   2.94294318469400E-0007
 8.14500000000000E+0002   2.42392510846357E-0007
 8.15000000000000E+0002   1.98360642401271E-0007
 8.15500000000000E+0002   1.61221996481871E-0007
 8.16000000000000E+0002   1.30089714241183E-0007
 8.16500000000000E+0002   1.04162316144624E-0007
 8.17000000000000E+0002   8.27190618909381E-0008
 8.17500000000000E+0002   6.51151902977406E-0008
 8.18000000000000E+0002   5.07770800173451E-0008
 8.18500000000000E+0002   3.91973709149216E-0008
 8.19000000000000E+0002   2.99300845961435E-0008
 8.19500000000000E+0002   2.25857809635081E-0008
 8.20000000000000E+0002   1.68267858371842E-0008
 8.20500000000000E+0002   1.23625225828144E-0008
 8.21000000000000E+0002   8.94497830244594E-0009
 8.21500000000000E+0002   6.36433244531286E-0009
 8.22000000000000E+0002   4.44477273553832E-0009
 8.22500000000000E+0002   3.04052022328830E-0009
 8.23000000000000E+0002   2.03208218484987E-0009
 8.23500000000000E+0002   1.32274857872672E-0009
 8.24000000000000E+0002   8.35344720198695E-0010
 8.24500000000000E+0002   5.09249583930952E-0010
 8.25000000000000E+0002   2.97685551852278E-0010
 8.25500000000000E+0002   1.65281559068561E-0010
 8.26000000000000E+0002   8.59077564786865E-0011
 8.26500000000000E+0002   4.07764102459363E-0011
 8.27000000000000E+0002   1.68010598244388E-0011
 8.27500000000000E+0002   5.20387574596061E-0012
 8.28000000000000E+0002   3.59248102916145E-0013
 8.28500000000000E+0002  -1.14070218366450E-0012
 8.29000000000000E+0002  -1.21616361587352E-0012
 8.29500000000000E+0002  -8.46597481567509E-0013
 8.30000000000000E+0002  -4.59964823900412E-0013
 8.30500000000000E+0002  -1.92590856230890E-0013
 8.31000000000000E+0002  -4.91815855307277E-0014
 8.31500000000000E+0002   8.76064538093061E-0015
 8.32000000000000E+0002   2.14267072464870E-0014
 8.32500000000000E+0002   1.65246602133355E-0014
 8.33000000000000E+0002   8.54968023902431E-0015
 8.33500000000000E+0002   2.86758604992751E-0015
 8.34000000000000E+0002   1.32631970902797E-0016
 8.34500000000000E+0002  -6.49333818004388E-0016
 8.35000000000000E+0002  -5.64726544653322E-0016
 8.35500000000000E+0002  -2.84586230166257E-0016
 8.36000000000000E+0002  -7.92846885300098E-0017
 8.36500000000000E+0002   1.10611368483077E-0017
 8.37000000000000E+0002   2.85313028398733E-0017
 8.37500000000000E+0002   1.86981909269446E-0017
 8.38000000000000E+0002   6.75394055914438E-0018
 8.38500000000000E+0002   3.15338423993221E-0019
 8.39000000000000E+0002  -1.42224202564009E-0018
 8.39500000000000E+0002  -1.07927833127680E-0018
 8.40000000000000E+0002  -4.08055480156751E-0019
 8.40500000000000E+0002  -2.22640925300389E-0020
 8.41000000000000E+0002   8.10919762592777E-0020
 8.41500000000000E+0002   5.87957447126788E-0020
 8.42000000000000E+0002   1.94899071062994E-0020
 8.42500000000000E+0002   0.00000000000000E+0000
 8.43000000000000E+0002   0.00000000000000E+0000
 8.43500000000000E+0002   0.00000000000000E+0000
 8.44000000000000E+0002   0.00000000000000E+0000
 8.44500000000000E+0002   0.00000000000000E+0000
 8.45000000000000E+0002   0.00000000000000E+0000
 8.45500000000000E+0002   0.00000000000000E+0000
 8.46000000000000E+0002   0.00000000000000E+0000
 8.46500000000000E+0002   0.00000000000000E+0000
 8.47000000000000E+0002   0.00000000000000E+0000
 8.47500000000000E+0002   0.00000000000000E+0000
 8.48000000000000E+0002   0.00000000000000E+0000
 8.48500000000000E+0002   0.00000000000000E+0000
 8.49000000000000E+0002   0.00000000000000E+0000
 8.49500000000000E+0002   0.00000000000000E+0000
 8.50000000000000E+0002   0.00000000000000E+0000
 8.50500000000000E+0002   0.00000000000000E+0000
 8.51000000000000E+0002   0.00000000000000E+0000
 8.51500000000000E+0002   0.00000000000000E+0000
 8.52000000000000E+0002   0.00000000000000E+0000
 8.52500000000000E+0002   0.00000000000000E+0000
 8.53000000000000E+0002   0.00000000000000E+0000
 8.53500000000000E+0002   0.00000000000000E+0000
 8.54000000000000E+0002   0.00000000000000E+0000
 8.54500000000000E+0002   0.00000000000000E+0000
 8.55000000000000E+0002   0.00000000000000E+0000
 8.55500000000000E+0002   0.00000000000000E+0000
 8.56000000000000E+0002   0.00000000000000E+0000
 8.56500000000000E+0002   0.00000000000000E+0000
 8.57000000000000E+0002   0.00000000000000E+0000
 8.57500000000000E+0002   0.00000000000000E+0000
 8.58000000000000E+0002   0.00000000000000E+0000
 8.58500000000000E+0002   0.00000000000000E+0000
 8.59000000000000E+0002   0.00000000000000E+0000
 8.59500000000000E+0002   0.00000000000000E+0000
 8.60000000000000E+0002   0.00000000000000E+0000
 8.60500000000000E+0002   0.00000000000000E+0000
 8.61000000000000E+0002   0.00000000000000E+0000
 8.61500000000000E+0002   0.00000000000000E+0000
 8.62000000000000E+0002   0.00000000000000E+0000
 8.62500000000000E+0002   0.00000000000000E+0000
 8.63000000000000E+0002   0.00000000000000E+0000
 8.63500000000000E+0002   0.00000000000000E+0000
 8.64000000000000E+0002   0.00000000000000E+0000
 8.64500000000000E+0002   0.00000000000000E+0000
 8.65000000000000E+0002   0.00000000000000E+0000
 8.65500000000000E+0002   0.00000000000000E+0000
 8.66000000000000E+0002   0.00000000000000E+0000
 8.66500000000000E+0002   0.00000000000000E+0000
 8.67000000000000E+0002   0.00000000000000E+0000
 8.67500000000000E+0002   0.00000000000000E+0000
 8.68000000000000E+0002   0.00000000000000E+0000
 8.68500000000000E+0002   0.00000000000000E+0000
 8.69000000000000E+0002   0.00000000000000E+0000
 8.69500000000000E+0002   0.00000000000000E+0000
 8.70000000000000E+0002   0.00000000000000E+0000
 8.70500000000000E+0002   0.00000000000000E+0000
 8.71000000000000E+0002   0.00000000000000E+0000
 8.71500000000000E+0002   0.00000000000000E+0000
 8.72000000000000E+0002   0.00000000000000E+0000
 8.72500000000000E+0002   0.00000000000000E+0000
 8.73000000000000E+0002   0.00000000000000E+0000
 8.73500000000000E+0002   0.00000000000000E+0000
 8.74000000000000E+0002   0.00000000000000E+0000
 8.74500000000000E+0002   0.00000000000000E+0000
 8.75000000000000E+0002   0.00000000000000E+0000
 8.75500000000000E+0002   0.00000000000000E+0000
 8.76000000000000E+0002   0.00000000000000E+0000
 8.76500000000000E+0002   0.00000000000000E+0000
 8.77000000000000E+0002   0.00000000000000E+0000
 8.77500000000000E+0002   0.00000000000000E+0000
 8.78000000000000E+0002   0.00000000000000E+0000
 8.78500000000000E+0002   0.00000000000000E+0000
 8.79000000000000E+0002   0.00000000000000E+0000
 8.79500000000000E+0002   0.00000000000000E+0000
 8.80000000000000E+0002   0.00000000000000E+0000
 8.80500000000000E+0002   0.00000000000000E+0000
 8.81000000000000E+0002   0.00000000000000E+0000
 8.81500000000000E+0002   0.00000000000000E+0000
 8.82000000000000E+0002   0.00000000000000E+0000
 8.82500000000000E+0002   0.00000000000000E+0000
 8.83000000000000E+0002   0.00000000000000E+0000
 8.83500000000000E+0002   0.00000000000000E+0000
 8.84000000000000E+0002   0.00000000000000E+0000
 8.84500000000000E+0002   0.00000000000000E+0000
 8.85000000000000E+0002   0.00000000000000E+0000
 8.85500000000000E+0002   0.00000000000000E+0000
 8.86000000000000E+0002   0.00000000000000E+0000
 8.86500000000000E+0002   0.00000000000000E+0000
 8.87000000000000E+0002   0.00000000000000E+0000
 8.87500000000000E+0002   0.00000000000000E+0000
 8.88000000000000E+0002   0.00000000000000E+0000
 8.88500000000000E+0002   0.00000000000000E+0000
 8.89000000000000E+0002   0.00000000000000E+0000
 8.89500000000000E+0002   0.00000000000000E+0000
 8.90000000000000E+0002   0.00000000000000E+0000
 8.90500000000000E+0002   0.00000000000000E+0000
 8.91000000000000E+0002   0.00000000000000E+0000
 8.91500000000000E+0002   0.00000000000000E+0000
 8.92000000000000E+0002   0.00000000000000E+0000
 8.92500000000000E+0002   0.00000000000000E+0000
 8.93000000000000E+0002   0.00000000000000E+0000
 8.93500000000000E+0002   0.00000000000000E+0000
 8.94000000000000E+0002   0.00000000000000E+0000
 8.94500000000000E+0002   0.00000000000000E+0000
 8.95000000000000E+0002   0.00000000000000E+0000
 8.95500000000000E+0002   0.00000000000000E+0000
 8.96000000000000E+0002   0.00000000000000E+0000
 8.96500000000000E+0002   0.00000000000000E+0000
 8.97000000000000E+0002   0.00000000000000E+0000
 8.97500000000000E+0002   0.00000000000000E+0000
 8.98000000000000E+0002   0.00000000000000E+0000
 8.98500000000000E+0002   0.00000000000000E+0000
 8.99000000000000E+0002   0.00000000000000E+0000
 8.99500000000000E+0002   0.00000000000000E+0000
 9.00000000000000E+0002   0.00000000000000E+0000
 9.00500000000000E+0002   0.00000000000000E+0000
 9.01000000000000E+0002   0.00000000000000E+0000
 9.01500000000000E+0002   0.00000000000000E+0000
 9.02000000000000E+0002   0.00000000000000E+0000
 9.02500000000000E+0002   0.00000000000000E+0000
 9.03000000000000E+0002   0.00000000000000E+0000
 9.03500000000000E+0002   0.00000000000000E+0000
 9.04000000000000E+0002   0.00000000000000E+0000
 9.04500000000000E+0002   0.00000000000000E+0000
 9.05000000000000E+0002   0.00000000000000E+0000
 9.05500000000000E+0002   0.00000000000000E+0000
 9.06000000000000E+0002   0.00000000000000E+0000
 9.06500000000000E+0002   0.00000000000000E+0000
 9.07000000000000E+0002   0.00000000000000E+0000
 9.07500000000000E+0002   0.00000000000000E+0000
 9.08000000000000E+0002   0.00000000000000E+0000
 9.08500000000000E+0002   0.00000000000000E+0000
 9.09000000000000E+0002   0.00000000000000E+0000
 9.09500000000000E+0002   0.00000000000000E+0000
 9.10000000000000E+0002   0.00000000000000E+0000
 9.10500000000000E+0002   0.00000000000000E+0000
 9.11000000000000E+0002   0.00000000000000E+0000
 9.11500000000000E+0002   0.00000000000000E+0000
 9.12000000000000E+0002   0.00000000000000E+0000
 9.12500000000000E+0002   0.00000000000000E+0000
 9.13000000000000E+0002   0.00000000000000E+0000
 9.13500000000000E+0002   0.00000000000000E+0000
 9.14000000000000E+0002   0.00000000000000E+0000
 9.14500000000000E+0002   0.00000000000000E+0000
 9.15000000000000E+0002   0.00000000000000E+0000
 9.15500000000000E+0002   0.00000000000000E+0000
 9.16000000000000E+0002   0.00000000000000E+0000
 9.16500000000000E+0002   0.00000000000000E+0000
 9.17000000000000E+0002   0.00000000000000E+0000
 9.17500000000000E+0002   0.00000000000000E+0000
 9.18000000000000E+0002   0.00000000000000E+0000
 9.18500000000000E+0002   0.00000000000000E+0000
 9.19000000000000E+0002   0.00000000000000E+0000
 9.19500000000000E+0002   0.00000000000000E+0000
 9.20000000000000E+0002   0.00000000000000E+0000
 9.20500000000000E+0002   0.00000000000000E+0000
 9.21000000000000E+0002   0.00000000000000E+0000
 9.21500000000000E+0002   0.00000000000000E+0000
 9.22000000000000E+0002   0.00000000000000E+0000
 9.22500000000000E+0002   0.00000000000000E+0000
 9.23000000000000E+0002   0.00000000000000E+0000
 9.23500000000000E+0002   0.00000000000000E+0000
 9.24000000000000E+0002   0.00000000000000E+0000
 9.24500000000000E+0002   0.00000000000000E+0000
 9.25000000000000E+0002   0.00000000000000E+0000
 9.25500000000000E+0002   0.00000000000000E+0000
 9.26000000000000E+0002   0.00000000000000E+0000
 9.26500000000000E+0002   0.00000000000000E+0000
 9.27000000000000E+0002   0.00000000000000E+0000
 9.27500000000000E+0002   0.00000000000000E+0000
 9.28000000000000E+0002   0.00000000000000E+0000
 9.28500000000000E+0002   0.00000000000000E+0000
 9.29000000000000E+0002   0.00000000000000E+0000
 9.29500000000000E+0002   0.00000000000000E+0000
 9.30000000000000E+0002   0.00000000000000E+0000
 9.30500000000000E+0002   0.00000000000000E+0000
 9.31000000000000E+0002   0.00000000000000E+0000
 9.31500000000000E+0002   0.00000000000000E+0000
 9.32000000000000E+0002   0.00000000000000E+0000
 9.32500000000000E+0002   0.00000000000000E+0000
 9.33000000000000E+0002   0.00000000000000E+0000
 9.33500000000000E+0002   0.00000000000000E+0000
 9.34000000000000E+0002   0.00000000000000E+0000
 9.34500000000000E+0002   0.00000000000000E+0000
 9.35000000000000E+0002   0.00000000000000E+0000
 9.35500000000000E+0002   0.00000000000000E+0000
 9.36000000000000E+0002   0.00000000000000E+0000
 9.36500000000000E+0002   0.00000000000000E+0000
 9.37000000000000E+0002   0.00000000000000E+0000
 9.37500000000000E+0002   0.00000000000000E+0000
 9.38000000000000E+0002   0.00000000000000E+0000
 9.38500000000000E+0002   0.00000000000000E+0000
 9.39000000000000E+0002   0.00000000000000E+0000
 9.39500000000000E+0002   0.00000000000000E+0000
 9.40000000000000E+0002   0.00000000000000E+0000
 9.40500000000000E+0002   0.00000000000000E+0000
 9.41000000000000E+0002   0.00000000000000E+0000
 9.41500000000000E+0002   0.00000000000000E+0000
 9.42000000000000E+0002   0.00000000000000E+0000
 9.42500000000000E+0002   0.00000000000000E+0000
 9.43000000000000E+0002   0.00000000000000E+0000
 9.43500000000000E+0002   0.00000000000000E+0000
 9.44000000000000E+0002   0.00000000000000E+0000
 9.44500000000000E+0002   0.00000000000000E+0000
 9.45000000000000E+0002   0.00000000000000E+0000
 9.45500000000000E+0002   0.00000000000000E+0000
 9.46000000000000E+0002   0.00000000000000E+0000
 9.46500000000000E+0002   0.00000000000000E+0000
 9.47000000000000E+0002   0.00000000000000E+0000
 9.47500000000000E+0002   0.00000000000000E+0000
 9.48000000000000E+0002   0.00000000000000E+0000
 9.48500000000000E+0002   0.00000000000000E+0000
 9.49000000000000E+0002   0.00000000000000E+0000
 9.49500000000000E+0002   0.00000000000000E+0000
 9.50000000000000E+0002   0.00000000000000E+0000
 9.50500000000000E+0002   0.00000000000000E+0000
 9.51000000000000E+0002   0.00000000000000E+0000
 9.51500000000000E+0002   0.00000000000000E+0000
 9.52000000000000E+0002   0.00000000000000E+0000
 9.52500000000000E+0002   0.00000000000000E+0000
 9.53000000000000E+0002   0.00000000000000E+0000
 9.53500000000000E+0002   0.00000000000000E+0000
 9.54000000000000E+0002   0.00000000000000E+0000
 9.54500000000000E+0002   0.00000000000000E+0000
 9.55000000000000E+0002   0.00000000000000E+0000
 9.55500000000000E+0002   0.00000000000000E+0000
 9.56000000000000E+0002   0.00000000000000E+0000
 9.56500000000000E+0002   0.00000000000000E+0000
 9.57000000000000E+0002   0.00000000000000E+0000
 9.57500000000000E+0002   0.00000000000000E+0000
 9.58000000000000E+0002   0.00000000000000E+0000
 9.58500000000000E+0002   0.00000000000000E+0000
 9.59000000000000E+0002   0.00000000000000E+0000
 9.59500000000000E+0002   0.00000000000000E+0000
 9.60000000000000E+0002   0.00000000000000E+0000
 9.60500000000000E+0002   0.00000000000000E+0000
 9.61000000000000E+0002   0.00000000000000E+0000
 9.61500000000000E+0002   0.00000000000000E+0000
 9.62000000000000E+0002   0.00000000000000E+0000
 9.62500000000000E+0002   0.00000000000000E+0000
 9.63000000000000E+0002   0.00000000000000E+0000
 9.63500000000000E+0002   0.00000000000000E+0000
 9.64000000000000E+0002   0.00000000000000E+0000
 9.64500000000000E+0002   0.00000000000000E+0000
 9.65000000000000E+0002   0.00000000000000E+0000
 9.65500000000000E+0002   0.00000000000000E+0000
 9.66000000000000E+0002   0.00000000000000E+0000
 9.66500000000000E+0002   0.00000000000000E+0000
 9.67000000000000E+0002   0.00000000000000E+0000
 9.67500000000000E+0002   0.00000000000000E+0000
 9.68000000000000E+0002   0.00000000000000E+0000
 9.68500000000000E+0002   0.00000000000000E+0000
 9.69000000000000E+0002   0.00000000000000E+0000
 9.69500000000000E+0002   0.00000000000000E+0000
 9.70000000000000E+0002   0.00000000000000E+0000
 9.70500000000000E+0002   0.00000000000000E+0000
 9.71000000000000E+0002   0.00000000000000E+0000
 9.71500000000000E+0002   0.00000000000000E+0000
 9.72000000000000E+0002   0.00000000000000E+0000
 9.72500000000000E+0002   0.00000000000000E+0000
 9.73000000000000E+0002   0.00000000000000E+0000
 9.73500000000000E+0002   0.00000000000000E+0000
 9.74000000000000E+0002   0.00000000000000E+0000
 9.74500000000000E+0002   0.00000000000000E+0000
 9.75000000000000E+0002   0.00000000000000E+0000
 9.75500000000000E+0002   0.00000000000000E+0000
 9.76000000000000E+0002   0.00000000000000E+0000
 9.76500000000000E+0002   0.00000000000000E+0000
 9.77000000000000E+0002   0.00000000000000E+0000
 9.77500000000000E+0002   0.00000000000000E+0000
 9.78000000000000E+0002   0.00000000000000E+0000
 9.78500000000000E+0002   0.00000000000000E+0000
 9.79000000000000E+0002   0.00000000000000E+0000
 9.79500000000000E+0002   0.00000000000000E+0000
 9.80000000000000E+0002   0.00000000000000E+0000
 9.80500000000000E+0002   0.00000000000000E+0000
 9.81000000000000E+0002   0.00000000000000E+0000
 9.81500000000000E+0002   0.00000000000000E+0000
 9.82000000000000E+0002   0.00000000000000E+0000
 9.82500000000000E+0002   0.00000000000000E+0000
 9.83000000000000E+0002   0.00000000000000E+0000
 9.83500000000000E+0002   0.00000000000000E+0000
 9.84000000000000E+0002   0.00000000000000E+0000
 9.84500000000000E+0002   0.00000000000000E+0000
 9.85000000000000E+0002   0.00000000000000E+0000
 9.85500000000000E+0002   0.00000000000000E+0000
 9.86000000000000E+0002   0.00000000000000E+0000
 9.86500000000000E+0002   0.00000000000000E+0000
 9.87000000000000E+0002   0.00000000000000E+0000
 9.87500000000000E+0002   0.00000000000000E+0000
 9.88000000000000E+0002   0.00000000000000E+0000
 9.88500000000000E+0002   0.00000000000000E+0000
 9.89000000000000E+0002   0.00000000000000E+0000
 9.89500000000000E+0002   0.00000000000000E+0000
 9.90000000000000E+0002   0.00000000000000E+0000
 9.90500000000000E+0002   0.00000000000000E+0000
 9.91000000000000E+0002   0.00000000000000E+0000
 9.91500000000000E+0002   0.00000000000000E+0000
 9.92000000000000E+0002   0.00000000000000E+0000
 9.92500000000000E+0002   0.00000000000000E+0000
 9.93000000000000E+0002   0.00000000000000E+0000
 9.93500000000000E+0002   0.00000000000000E+0000
 9.94000000000000E+0002   0.00000000000000E+0000
 9.94500000000000E+0002   0.00000000000000E+0000
 9.95000000000000E+0002   0.00000000000000E+0000
 9.95500000000000E+0002   0.00000000000000E+0000
 9.96000000000000E+0002   0.00000000000000E+0000
 9.96500000000000E+0002   0.00000000000000E+0000
 9.97000000000000E+0002   0.00000000000000E+0000
 9.97500000000000E+0002   0.00000000000000E+0000
 9.98000000000000E+0002   0.00000000000000E+0000
 9.98500000000000E+0002   0.00000000000000E+0000
 9.99000000000000E+0002   0.00000000000000E+0000
 9.99500000000000E+0002   0.00000000000000E+0000
 1.00000000000000E+0003   0.00000000000000E+0000

