   0.000000e+00
   0.000000e+00
  -2.203018e-15
  -1.577777e-15
  -8.838308e-16
  -3.709284e-16
  -2.011058e-16
  -2.493111e-16
  -2.147310e-16
   1.228555e-16
   6.769128e-16
   1.048182e-15
   7.760628e-16
  -3.141414e-16
  -1.917394e-15
  -3.359142e-15
  -3.951320e-15
  -3.382111e-15
  -1.935089e-15
  -4.559930e-16
  -8.699134e-17
  -1.808384e-15
  -5.859363e-15
  -1.126555e-14
  -1.589139e-14
  -1.735138e-14
  -1.455598e-14
  -8.929590e-15
  -4.145158e-15
  -4.072325e-15
  -1.011457e-14
  -1.996524e-14
  -2.902491e-14
  -3.364515e-14
  -3.370077e-14
  -3.235762e-14
  -3.319771e-14
  -3.713624e-14
  -4.172184e-14
  -4.324291e-14
  -3.955756e-14
  -3.106553e-14
  -1.918782e-14
  -4.214643e-15
   1.497871e-14
   3.868676e-14
   6.355049e-14
   8.208713e-14
   8.588730e-14
   7.081778e-14
   4.061145e-14
   5.957533e-15
  -2.068495e-14
  -3.106716e-14
  -2.372160e-14
  -1.748275e-15
   3.122361e-14
   7.207319e-14
   1.144776e-13
   1.446278e-13
   1.435136e-13
   9.860021e-14
   1.834462e-14
  -6.322895e-14
  -1.004623e-13
  -6.355004e-14
   3.812649e-14
   1.552491e-13
   2.249113e-13
   2.091399e-13
   1.201227e-13
   1.373329e-14
  -4.620561e-14
  -2.994645e-14
   3.841744e-14
   9.779290e-14
   9.291205e-14
   1.400002e-14
  -9.442599e-14
  -1.622978e-13
  -1.409186e-13
  -3.619995e-14
   9.390107e-14
   1.752463e-13
   1.623342e-13
   6.333337e-14
  -6.865295e-14
  -1.694865e-13
  -1.994969e-13
  -1.587771e-13
  -7.631021e-14
   1.484765e-14
   9.629291e-14
   1.644198e-13
   2.160448e-13
   2.358811e-13
   2.002407e-13
   9.649090e-14
  -5.753313e-14
  -2.124129e-13
  -3.093519e-13
  -3.123419e-13
  -2.284651e-13
  -1.026870e-13
   8.601341e-15
   6.740644e-14
   6.925122e-14
   3.701522e-14
   8.008286e-16
  -2.142603e-14
  -3.011093e-14
  -3.510184e-14
  -4.066611e-14
  -3.871222e-14
  -1.755775e-14
   2.115479e-14
   5.469853e-14
   5.170553e-14
  -3.390890e-15
  -9.617188e-14
  -1.932346e-13
  -2.691946e-13
  -3.234915e-13
  -3.701440e-13
  -4.118090e-13
  -4.276619e-13
  -3.921013e-13
  -3.088212e-13
  -2.251777e-13
  -2.066366e-13
  -2.880468e-13
  -4.425105e-13
  -5.960019e-13
  -6.771501e-13
  -6.616685e-13
  -5.766799e-13
  -4.660897e-13
  -3.515714e-13
  -2.247311e-13
  -7.464598e-14
   7.902850e-14
   1.822367e-13
   1.792111e-13
   5.557402e-14
  -1.427387e-13
  -3.282373e-13
  -4.138743e-13
  -3.530198e-13
  -1.604187e-13
   9.125384e-14
   2.996446e-13
   3.810788e-13
   3.205221e-13
   1.911131e-13
   1.192756e-13
   2.071620e-13
   4.622633e-13
   7.871123e-13
   1.039726e-12
   1.120449e-12
   1.021389e-12
   8.085606e-13
   5.631891e-13
   3.366033e-13
   1.498030e-13
   2.032195e-14
  -2.610430e-14
   2.019130e-14
   1.167875e-13
   1.669819e-13
   7.121014e-14
  -1.986723e-13
  -5.613021e-13
  -8.614434e-13
  -9.618174e-13
  -8.295532e-13
  -5.571769e-13
  -3.031750e-13
  -1.921443e-13
  -2.406851e-13
  -3.558020e-13
  -4.025995e-13
  -2.927344e-13
  -3.547135e-14
   2.760062e-13
   5.242758e-13
   6.282842e-13
   5.698561e-13
   3.832497e-13
   1.296046e-13
  -1.221126e-13
  -3.035952e-13
  -3.552346e-13
  -2.423317e-13
   2.445228e-14
   3.789067e-13
   7.133131e-13
   9.183929e-13
   9.329875e-13
   7.748288e-13
   5.285558e-13
   2.924075e-13
   1.165642e-13
  -2.200617e-14
  -1.866677e-13
  -4.135147e-13
  -6.626684e-13
  -8.302362e-13
  -8.158323e-13
  -5.961022e-13
  -2.485059e-13
   9.368610e-14
   3.234428e-13
   4.204150e-13
   4.470714e-13
   4.848991e-13
   5.601219e-13
   6.186283e-13
   5.744507e-13
   3.970378e-13
   1.640380e-13
   2.451325e-14
   8.737947e-14
   3.194260e-13
   5.441578e-13
   5.599018e-13
   2.958899e-13
  -1.168892e-13
  -4.246661e-13
  -4.276148e-13
  -1.229949e-13
   2.921513e-13
   5.579085e-13
   5.243033e-13
   2.376049e-13
  -1.098905e-13
  -3.166639e-13
  -2.942664e-13
  -1.005861e-13
   1.187526e-13
   2.261834e-13
   1.633289e-13
  -3.113398e-14
  -2.490462e-13
  -3.643331e-13
  -2.906424e-13
  -2.708910e-14
   3.329922e-13
   6.488618e-13
   8.181921e-13
   8.439153e-13
   8.232967e-13
   8.583837e-13
   9.595107e-13
   1.028405e-12
   9.404669e-13
   6.553672e-13
   2.588140e-13
  -9.736043e-14
  -2.987859e-13
  -3.283715e-13
  -2.477521e-13
  -1.382595e-13
  -5.856996e-14
  -3.660649e-14
  -7.252473e-14
  -1.343594e-13
  -1.605373e-13
  -9.114945e-14
   8.414711e-14
   3.065737e-13
   4.850130e-13
   5.606719e-13
   5.384359e-13
   4.571233e-13
   3.377358e-13
   1.740416e-13
  -1.902356e-14
  -1.559377e-13
  -1.017617e-13
   2.296891e-13
   7.769308e-13
   1.323946e-12
   1.608727e-12
   1.477040e-12
   9.747982e-13
   3.195078e-13
  -2.228996e-13
  -4.728084e-13
  -4.068131e-13
  -1.386242e-13
   1.590588e-13
   3.391471e-13
   3.316482e-13
   1.519502e-13
  -1.213372e-13
  -3.807767e-13
  -5.249896e-13
  -4.884005e-13
  -2.602216e-13
   1.139304e-13
   5.490389e-13
   9.473894e-13
   1.221401e-12
   1.306619e-12
   1.171569e-12
   8.334005e-13
   3.740922e-13
  -6.452814e-14
  -3.253722e-13
  -3.094642e-13
  -3.480591e-14
   3.647814e-13
   7.079092e-13
   8.576826e-13
   7.768187e-13
   5.176362e-13
   1.711412e-13
  -1.773234e-13
  -4.621013e-13
  -6.362940e-13
  -6.807170e-13
  -6.198386e-13
  -5.154848e-13
  -4.230690e-13
  -3.399493e-13
  -1.998102e-13
   6.542010e-14
   4.397543e-13
   7.909223e-13
   9.330187e-13
   7.471800e-13
   2.723823e-13
  -3.015788e-13
  -7.353701e-13
  -8.689751e-13
  -7.010452e-13
  -3.804829e-13
  -1.236324e-13
  -1.031868e-13
  -3.613243e-13
  -7.868726e-13
  -1.169754e-12
  -1.309116e-12
  -1.118541e-12
  -6.673054e-13
  -1.339305e-13
   2.935334e-13
   5.021388e-13
   4.751775e-13
   2.574217e-13
  -8.716193e-14
  -4.865818e-13
  -8.472507e-13
  -1.054065e-12
  -1.010073e-12
  -6.992297e-13
  -2.248306e-13
   2.159711e-13
   4.215852e-13
   2.958499e-13
  -8.634221e-14
  -5.069281e-13
  -7.243681e-13
  -6.200234e-13
  -2.740240e-13
   9.053279e-14
   2.635309e-13
   1.911320e-13
  -2.566591e-15
  -1.284849e-13
  -8.284191e-14
   8.919204e-14
   2.584685e-13
   3.321852e-13
   3.143471e-13
   2.591654e-13
   1.799065e-13
   1.972923e-14
  -2.739554e-13
  -6.416159e-13
  -8.887714e-13
  -7.996482e-13
  -3.121747e-13
   3.909972e-13
   9.649232e-13
   1.108983e-12
   7.465400e-13
   5.035874e-14
  -6.871439e-13
  -1.223944e-12
  -1.456080e-12
  -1.393514e-12
  -1.091710e-12
  -6.189178e-13
  -7.177863e-14
   4.132202e-13
   6.991207e-13
   7.219799e-13
   5.333945e-13
   2.655335e-13
   3.869526e-14
  -1.177340e-13
  -2.690819e-13
  -5.002743e-13
  -8.177747e-13
  -1.103380e-12
  -1.162202e-12
  -8.446255e-13
  -1.674102e-13
   6.519607e-13
   1.287033e-12
   1.477610e-12
   1.181088e-12
   5.966805e-13
   4.037268e-14
  -2.464054e-13
  -2.233465e-13
  -3.356417e-14
   1.262675e-13
   1.377157e-13
   3.195820e-15
  -2.022317e-13
  -4.007238e-13
  -5.423352e-13
  -5.968166e-13
  -5.459528e-13
  -3.966546e-13
  -1.941631e-13
  -8.122224e-15
   1.031141e-13
   1.186530e-13
   5.383560e-14
  -5.523012e-14
  -1.619297e-13
  -2.168122e-13
  -1.872594e-13
  -8.226230e-14
   4.988022e-14
   1.668134e-13
   2.841549e-13
   4.724912e-13
   7.831643e-13
   1.166282e-12
   1.469302e-12
   1.535183e-12
   1.319198e-12
   9.185644e-13
   4.906288e-13
   1.421062e-13
  -1.069875e-13
  -2.665877e-13
  -3.089245e-13
  -1.790667e-13
   1.203605e-13
   4.667543e-13
   6.632686e-13
   5.709422e-13
   2.114650e-13
  -2.549969e-13
  -6.542692e-13
  -9.051404e-13
  -1.013365e-12
  -9.792475e-13
  -7.389164e-13
  -2.244606e-13
   5.041976e-13
   1.198254e-12
   1.527174e-12
   1.298741e-12
   6.182411e-13
  -1.552849e-13
  -6.366241e-13
  -6.556133e-13
  -3.323056e-13
   5.527276e-14
   2.876428e-13
   3.297974e-13
   2.873324e-13
   2.628718e-13
   2.540019e-13
   1.753918e-13
  -3.392660e-14
  -3.284700e-13
  -5.754601e-13
  -6.546888e-13
  -5.497162e-13
  -3.536547e-13
  -1.873021e-13
  -9.944190e-14
  -3.384007e-14
   1.051916e-13
   3.392210e-13
   5.544111e-13
   5.629621e-13
   2.583242e-13
  -2.584688e-13
  -7.032859e-13
  -7.922667e-13
  -4.523189e-13
   1.112939e-13
   5.507794e-13
   6.093840e-13
   2.734637e-13
  -2.548337e-13
  -7.110849e-13
  -9.159850e-13
  -8.308936e-13
  -5.330951e-13
  -1.656496e-13
   1.123161e-13
   1.825756e-13
   2.481471e-14
  -2.676609e-13
  -5.442696e-13
  -6.948273e-13
  -7.119726e-13
  -6.692101e-13
  -6.422535e-13
  -6.479887e-13
  -6.473453e-13
  -5.922469e-13
  -4.630922e-13
  -2.682253e-13
  -2.290021e-14
   2.588120e-13
   5.494968e-13
   7.923464e-13
   9.097575e-13
   8.411574e-13
   5.889474e-13
   2.408811e-13
  -5.418590e-14
  -1.563010e-13
  -1.754686e-14
   2.762053e-13
   5.461317e-13
   6.298282e-13
   4.842817e-13
   2.008620e-13
  -7.988051e-14
  -2.758416e-13
  -3.949096e-13
  -4.699312e-13
  -4.788171e-13
  -3.489735e-13
  -5.273905e-14
   3.077748e-13
   5.336922e-13
   4.758368e-13
   1.707926e-13
  -1.625571e-13
  -2.766189e-13
  -7.800619e-14
   3.054648e-13
   6.202369e-13
   6.625609e-13
   4.009481e-13
  -3.072303e-14
  -4.417958e-13
  -7.028398e-13
  -7.949736e-13
  -7.780383e-13
  -7.231290e-13
  -6.653382e-13
  -6.000355e-13
  -5.069932e-13
  -3.738966e-13
  -2.062569e-13
  -2.938774e-14
   1.123758e-13
   1.674494e-13
   1.081080e-13
  -3.448067e-14
  -1.686800e-13
  -1.959440e-13
  -8.965502e-14
   6.811903e-14
   1.349609e-13
   1.119513e-14
  -2.856662e-13
  -6.358632e-13
  -9.034335e-13
  -1.016114e-12
  -9.779536e-13
  -8.235948e-13
  -5.751165e-13
  -2.473039e-13
   1.140334e-13
   4.176885e-13
   5.715516e-13
   5.562391e-13
   4.569350e-13
   4.109885e-13
   5.048546e-13
   7.049562e-13
   8.808183e-13
   8.986036e-13
   7.063356e-13
   3.508943e-13
  -6.485898e-14
  -4.319195e-13
  -6.575339e-13
  -6.738714e-13
  -4.625328e-13
  -9.051072e-14
   2.859707e-13
   4.844446e-13
   4.026232e-13
   9.181035e-14
  -2.706524e-13
  -5.041395e-13
  -5.547288e-13
  -5.263939e-13
  -5.796552e-13
  -7.754908e-13
  -9.979167e-13
  -1.030460e-12
  -7.308734e-13
  -1.593498e-13
   4.475929e-13
   8.332746e-13
   8.766967e-13
   6.320702e-13
   2.478010e-13
  -1.420659e-13
  -4.636679e-13
  -6.782265e-13
  -7.464838e-13
  -6.345641e-13
  -3.517039e-13
   2.964661e-14
   3.990536e-13
   6.553914e-13
   7.346779e-13
   6.097263e-13
   2.911442e-13
  -1.503530e-13
  -5.696027e-13
  -7.919888e-13
  -7.188286e-13
  -4.146696e-13
  -8.398018e-14
   6.793221e-14
  -1.555421e-14
  -2.061496e-13
  -2.941029e-13
  -1.412237e-13
   2.324362e-13
   6.720167e-13
   9.813023e-13
   1.021602e-12
   7.750698e-13
   3.540667e-13
  -5.172351e-14
  -2.749589e-13
  -2.628025e-13
  -9.691116e-14
   7.483046e-14
   1.398178e-13
   7.761028e-14
  -5.812200e-14
  -1.973946e-13
  -2.968833e-13
  -3.458932e-13
  -3.506347e-13
  -3.186858e-13
  -2.506648e-13
  -1.376483e-13
   3.349223e-14
   2.646628e-13
   5.295111e-13
   7.710544e-13
   9.217716e-13
   9.357509e-13
   8.126233e-13
   5.992749e-13
   3.695381e-13
   1.932482e-13
   1.101965e-13
   1.209813e-13
   1.951842e-13
   2.840628e-13
   3.247404e-13
   2.417032e-13
  -3.048457e-14
  -4.924719e-13
  -1.027106e-12
  -1.411622e-12
  -1.425475e-12
  -1.000295e-12
  -2.998653e-13
   3.480919e-13
   6.369939e-13
   4.591451e-13
  -4.365989e-14
  -5.810651e-13
  -8.862739e-13
  -8.445895e-13
  -5.127585e-13
  -4.554691e-14
   4.021565e-13
   7.350235e-13
   9.207010e-13
   9.623407e-13
   8.778496e-13
   7.022201e-13
   4.969952e-13
   3.374194e-13
   2.684042e-13
   2.603093e-13
   2.148591e-13
   3.879731e-14
  -2.651268e-13
  -5.781676e-13
  -7.576378e-13
  -7.725978e-13
  -7.427764e-13
  -8.015965e-13
  -9.031188e-13
  -8.899864e-13
  -1.016872e-12
  -2.315031e-12
  -5.000729e-12
  -3.796177e-12
   1.475590e-11
   5.691523e-11
   7.272055e-11
  -9.666552e-11
  -6.376245e-10
  -1.322664e-09
  -6.648809e-10
   4.583501e-09
   1.739970e-08
   3.257393e-08
   2.110141e-08
  -8.697294e-08
  -3.972788e-07
  -9.708443e-07
  -1.580583e-06
  -1.181685e-06
   3.050828e-06
   1.727047e-05
   5.323501e-05
   1.314270e-04
   2.851096e-04
   5.653842e-04
   1.047298e-03
   1.837037e-03
   3.080215e-03
   4.971270e-03
   7.763932e-03
   1.178272e-02
   1.743542e-02
   2.522644e-02
   3.577090e-02
   4.980950e-02
   6.822380e-02
   9.205191e-02
   1.225044e-01
   1.609805e-01
   2.090834e-01
   2.686363e-01
   3.416970e-01
   4.305723e-01
   5.378313e-01
   6.663175e-01
   8.191595e-01
   9.997809e-01
   1.211907e+00
   1.459572e+00
   1.747120e+00
   2.079209e+00
   2.460812e+00
   2.897206e+00
   3.393975e+00
   3.956998e+00
   4.592435e+00
   5.306719e+00
   6.106536e+00
   6.998805e+00
   7.990659e+00
   9.089419e+00
   1.030257e+01
   1.163772e+01
   1.310259e+01
   1.470496e+01
   1.645264e+01
   1.835344e+01
   2.041512e+01
   2.264537e+01
   2.505172e+01
   2.764156e+01
   3.042207e+01
   3.340016e+01
   3.658246e+01
   3.997524e+01
   4.358442e+01
   4.741547e+01
   5.147341e+01
   5.576277e+01
   6.028754e+01
   6.505113e+01
   7.005635e+01
   7.530539e+01
   8.079977e+01
   8.654033e+01
   9.252719e+01
   9.875977e+01
   1.052367e+02
   1.119560e+02
   1.189148e+02
   1.261094e+02
   1.335355e+02
   1.411880e+02
   1.490610e+02
   1.571479e+02
   1.654413e+02
   1.739331e+02
   1.826146e+02
   1.914764e+02
   2.005082e+02
   2.096994e+02
   2.190387e+02
   2.285142e+02
   2.381135e+02
   2.478237e+02
   2.576315e+02
   2.675230e+02
   2.774842e+02
   2.875006e+02
   2.975573e+02
   3.076395e+02
   3.177318e+02
   3.278188e+02
   3.378850e+02
   3.479148e+02
   3.578924e+02
   3.678022e+02
   3.776284e+02
   3.873554e+02
   3.969677e+02
   4.064497e+02
   4.157862e+02
   4.249620e+02
   4.339623e+02
   4.427721e+02
   4.513772e+02
   4.597631e+02
   4.679161e+02
   4.758223e+02
   4.834685e+02
   4.908416e+02
   4.979288e+02
   5.047179e+02
   5.111966e+02
   5.173535e+02
   5.231770e+02
   5.286563e+02
   5.337807e+02
   5.385400e+02
   5.429244e+02
   5.469242e+02
   5.505305e+02
   5.537345e+02
   5.565279e+02
   5.589026e+02
   5.608512e+02
   5.623665e+02
   5.634418e+02
   5.640706e+02
   5.642472e+02
   5.639660e+02
   5.632221e+02
   5.620108e+02
   5.603280e+02
   5.581702e+02
   5.555341e+02
   5.524171e+02
   5.488172e+02
   5.447328e+02
   5.401628e+02
   5.351068e+02
   5.295649e+02
   5.235380e+02
   5.170272e+02
   5.100348e+02
   5.025632e+02
   4.946158e+02
   4.861966e+02
   4.773102e+02
   4.679620e+02
   4.581581e+02
   4.479053e+02
   4.372110e+02
   4.260835e+02
   4.145317e+02
   4.025651e+02
   3.901942e+02
   3.774300e+02
   3.642842e+02
   3.507691e+02
   3.368979e+02
   3.226842e+02
   3.081422e+02
   2.932869e+02
   2.781335e+02
   2.626981e+02
   2.469969e+02
   2.310469e+02
   2.148653e+02
   1.984697e+02
   1.818780e+02
   1.651083e+02
   1.481790e+02
   1.311088e+02
   1.139162e+02
   9.662002e+01
   7.923899e+01
   6.179182e+01
   4.429713e+01
   2.677338e+01
   9.238859e+00
  -8.288416e+00
  -2.579071e+01
  -4.325062e+01
  -6.065115e+01
  -7.797573e+01
  -9.520825e+01
  -1.123331e+02
  -1.293353e+02
  -1.462003e+02
  -1.629143e+02
  -1.794640e+02
  -1.958370e+02
  -2.120211e+02
  -2.280054e+02
  -2.437792e+02
  -2.593328e+02
  -2.746570e+02
  -2.897435e+02
  -3.045847e+02
  -3.191736e+02
  -3.335039e+02
  -3.475700e+02
  -3.613671e+02
  -3.748909e+02
  -3.881378e+02
  -4.011046e+02
  -4.137891e+02
  -4.261893e+02
  -4.383037e+02
  -4.501317e+02
  -4.616727e+02
  -4.729267e+02
  -4.838942e+02
  -4.945760e+02
  -5.049731e+02
  -5.150870e+02
  -5.249194e+02
  -5.344721e+02
  -5.437473e+02
  -5.527472e+02
  -5.614744e+02
  -5.699313e+02
  -5.781206e+02
  -5.860451e+02
  -5.937074e+02
  -6.011105e+02
  -6.082572e+02
  -6.151501e+02
  -6.217922e+02
  -6.281862e+02
  -6.343348e+02
  -6.402408e+02
  -6.459066e+02
  -6.513350e+02
  -6.565283e+02
  -6.614891e+02
  -6.662197e+02
  -6.707224e+02
  -6.749995e+02
  -6.790531e+02
  -6.828853e+02
  -6.864983e+02
  -6.898940e+02
  -6.930745e+02
  -6.960416e+02
  -6.987971e+02
  -7.013431e+02
  -7.036812e+02
  -7.058132e+02
  -7.077408e+02
  -7.094658e+02
  -7.109897e+02
  -7.123142e+02
  -7.134409e+02
  -7.143712e+02
  -7.151066e+02
  -7.156486e+02
  -7.159983e+02
  -7.161570e+02
  -7.161260e+02
  -7.159062e+02
  -7.154985e+02
  -7.149037e+02
  -7.141226e+02
  -7.131554e+02
  -7.120027e+02
  -7.106645e+02
  -7.091408e+02
  -7.074313e+02
  -7.055355e+02
  -7.034527e+02
  -7.011819e+02
  -6.987219e+02
  -6.960712e+02
  -6.932281e+02
  -6.901906e+02
  -6.869563e+02
  -6.835226e+02
  -6.798869e+02
  -6.760459e+02
  -6.719963e+02
  -6.677344e+02
  -6.632566e+02
  -6.585586e+02
  -6.536362e+02
  -6.484850e+02
  -6.431003e+02
  -6.374775e+02
  -6.316117e+02
  -6.254979e+02
  -6.191312e+02
  -6.125067e+02
  -6.056195e+02
  -5.984646e+02
  -5.910373e+02
  -5.833331e+02
  -5.753475e+02
  -5.670763e+02
  -5.585157e+02
  -5.496622e+02
  -5.405124e+02
  -5.310636e+02
  -5.213134e+02
  -5.112600e+02
  -5.009020e+02
  -4.902387e+02
  -4.792698e+02
  -4.679958e+02
  -4.564179e+02
  -4.445376e+02
  -4.323577e+02
  -4.198812e+02
  -4.071121e+02
  -3.940552e+02
  -3.807159e+02
  -3.671005e+02
  -3.532160e+02
  -3.390702e+02
  -3.246717e+02
  -3.100298e+02
  -2.951546e+02
  -2.800569e+02
  -2.647481e+02
  -2.492406e+02
  -2.335471e+02
  -2.176811e+02
  -2.016566e+02
  -1.854883e+02
  -1.691913e+02
  -1.527812e+02
  -1.362740e+02
  -1.196862e+02
  -1.030345e+02
  -8.633595e+01
  -6.960790e+01
  -5.286783e+01
  -3.613340e+01
  -1.942235e+01
  -2.752506e+00
   1.385833e+01
   3.039238e+01
   4.683195e+01
   6.315948e+01
   7.935757e+01
   9.540905e+01
   1.112970e+02
   1.270047e+02
   1.425159e+02
   1.578145e+02
   1.728851e+02
   1.877123e+02
   2.022815e+02
   2.165782e+02
   2.305887e+02
   2.442996e+02
   2.576981e+02
   2.707717e+02
   2.835088e+02
   2.958980e+02
   3.079285e+02
   3.195902e+02
   3.308735e+02
   3.417691e+02
   3.522687e+02
   3.623641e+02
   3.720479e+02
   3.813132e+02
   3.901537e+02
   3.985634e+02
   4.065372e+02
   4.140702e+02
   4.211583e+02
   4.277977e+02
   4.339853e+02
   4.397185e+02
   4.449950e+02
   4.498134e+02
   4.541725e+02
   4.580719e+02
   4.615114e+02
   4.644917e+02
   4.670138e+02
   4.690792e+02
   4.706901e+02
   4.718492e+02
   4.725597e+02
   4.728254e+02
   4.726505e+02
   4.720401e+02
   4.709996e+02
   4.695350e+02
   4.676530e+02
   4.653608e+02
   4.626660e+02
   4.595772e+02
   4.561032e+02
   4.522536e+02
   4.480384e+02
   4.434682e+02
   4.385542e+02
   4.333083e+02
   4.277425e+02
   4.218697e+02
   4.157032e+02
   4.092566e+02
   4.025441e+02
   3.955803e+02
   3.883802e+02
   3.809591e+02
   3.733327e+02
   3.655168e+02
   3.575277e+02
   3.493818e+02
   3.410955e+02
   3.326856e+02
   3.241687e+02
   3.155618e+02
   3.068813e+02
   2.981441e+02
   2.893667e+02
   2.805653e+02
   2.717562e+02
   2.629552e+02
   2.541778e+02
   2.454392e+02
   2.367541e+02
   2.281368e+02
   2.196011e+02
   2.111602e+02
   2.028267e+02
   1.946127e+02
   1.865296e+02
   1.785881e+02
   1.707980e+02
   1.631688e+02
   1.557090e+02
   1.484262e+02
   1.413275e+02
   1.344190e+02
   1.277063e+02
   1.211939e+02
   1.148858e+02
   1.087849e+02
   1.028937e+02
   9.721381e+01
   9.174606e+01
   8.649067e+01
   8.144714e+01
   7.661437e+01
   7.199061e+01
   6.757357e+01
   6.336037e+01
   5.934767e+01
   5.553164e+01
   5.190802e+01
   4.847219e+01
   4.521916e+01
   4.214364e+01
   3.924009e+01
   3.650274e+01
   3.392564e+01
   3.150271e+01
   2.922775e+01
   2.709451e+01
   2.509670e+01
   2.322803e+01
   2.148226e+01
   1.985320e+01
   1.833474e+01
   1.692091e+01
   1.560586e+01
   1.438390e+01
   1.324951e+01
   1.219736e+01
   1.122232e+01
   1.031947e+01
   9.484097e+00
   8.711713e+00
   7.998054e+00
   7.339079e+00
   6.730968e+00
   6.170122e+00
   5.653153e+00
   5.176885e+00
   4.738342e+00
   4.334742e+00
   3.963488e+00
   3.622159e+00
   3.308500e+00
   3.020415e+00
   2.755953e+00
   2.513301e+00
   2.290777e+00
   2.086819e+00
   1.899975e+00
   1.728902e+00
   1.572352e+00
   1.429171e+00
   1.298289e+00
   1.178715e+00
   1.069535e+00
   9.698997e-01
   8.790277e-01
   7.961958e-01
   7.207363e-01
   6.520334e-01
   5.895192e-01
   5.326700e-01
   4.810038e-01
   4.340765e-01
   3.914796e-01
   3.528375e-01
   3.178050e-01
   2.860648e-01
   2.573260e-01
   2.313214e-01
   2.078061e-01
   1.865558e-01
   1.673651e-01
   1.500457e-01
   1.344258e-01
   1.203482e-01
   1.076692e-01
   9.625787e-02
   8.599453e-02
   7.677022e-02
   6.848562e-02
   6.105034e-02
   5.438212e-02
   4.840618e-02
   4.305460e-02
   3.826569e-02
   3.398350e-02
   3.015731e-02
   2.674115e-02
   2.369343e-02
   2.097652e-02
   1.855640e-02
   1.640235e-02
   1.448664e-02
   1.278426e-02
   1.127268e-02
   9.931607e-03
   8.742787e-03
   7.689807e-03
   6.757924e-03
   5.933906e-03
   5.205886e-03
   4.563231e-03
   3.996421e-03
   3.496939e-03
   3.057174e-03
   2.670328e-03
   2.330336e-03
   2.031792e-03
   1.769880e-03
   1.540314e-03
   1.339285e-03
   1.163408e-03
   1.009679e-03
   8.754366e-04
   7.583204e-04
   6.562432e-04
   5.673593e-04
   4.900383e-04
   4.228415e-04
   3.645006e-04
   3.138984e-04
   2.700520e-04
   2.320976e-04
   1.992765e-04
   1.709232e-04
   1.464545e-04
   1.253599e-04
   1.071930e-04
   9.156375e-05
   7.813168e-05
   6.660011e-05
   5.671063e-05
   4.823844e-05
   4.098821e-05
   3.479039e-05
   2.949796e-05
   2.498358e-05
   2.113709e-05
   1.786329e-05
   1.507999e-05
   1.271635e-05
   1.071133e-05
   9.012428e-06
   7.574535e-06
   6.358930e-06
   5.332419e-06
   4.466578e-06
   3.737096e-06
   3.123208e-06
   2.607194e-06
   2.173954e-06
   1.810632e-06
   1.506302e-06
   1.251683e-06
   1.038907e-06
   8.613063e-07
   7.132408e-07
   5.899450e-07
   4.873972e-07
   4.022075e-07
   3.315221e-07
   2.729415e-07
   2.244506e-07
   1.843598e-07
   1.512536e-07
   1.239481e-07
   1.014541e-07
   8.294597e-08
   6.773548e-08
   5.524989e-08
   4.501326e-08
   3.663069e-08
   2.977488e-08
   2.417465e-08
   1.960535e-08
   1.588134e-08
   1.284975e-08
   1.038494e-08
   8.383497e-09
   6.760229e-09
   5.445057e-09
   4.380664e-09
   3.520366e-09
   2.826054e-09
   2.266443e-09
   1.815831e-09
   1.453272e-09
   1.161806e-09
   9.277167e-10
   7.399588e-10
   5.896735e-10
   4.696305e-10
   3.737553e-10
   2.970254e-10
   2.355835e-10
   1.866088e-10
   1.478569e-10
   1.172758e-10
   9.302186e-11
   7.369418e-11
   5.835300e-11
   4.623734e-11
   3.656425e-11
   2.867431e-11
   2.225208e-11
   1.724536e-11
   1.355815e-11
   1.087002e-11
   8.733049e-12
   6.818396e-12
   5.093904e-12
   3.759641e-12
   2.965375e-12
   2.590154e-12
   2.338012e-12
   2.030195e-12
   1.721326e-12
   1.511813e-12
   1.352294e-12
   1.122465e-12
   8.344339e-13
   6.299483e-13
   5.834710e-13
   6.193973e-13
   6.427657e-13
   6.527997e-13
   6.780095e-13
   6.668810e-13
   5.212871e-13
   2.381122e-13
  -4.339702e-14
  -1.870885e-13
  -2.384525e-13
  -4.002390e-13
  -8.055592e-13
  -1.335020e-12
  -1.675328e-12
  -1.575882e-12
  -1.080149e-12
  -5.061330e-13
  -1.706846e-13
  -1.432367e-13
  -2.820845e-13
  -4.317873e-13
  -5.072650e-13
  -4.658949e-13
  -3.305759e-13
  -2.148348e-13
  -2.053180e-13
  -2.170643e-13
  -6.921737e-14
   2.644477e-13
   5.596581e-13
   5.545569e-13
   2.267385e-13
  -1.835027e-13
  -3.974300e-13
  -3.007089e-13
   3.891414e-14
   4.583239e-13
   7.706198e-13
   8.307737e-13
   6.301409e-13
   3.406464e-13
   2.043619e-13
   3.271660e-13
   5.801315e-13
   7.205107e-13
   6.064780e-13
   2.893264e-13
  -7.323838e-14
  -3.477630e-13
  -4.730313e-13
  -4.448600e-13
  -3.129748e-13
  -1.816738e-13
  -1.567256e-13
  -2.605238e-13
  -4.109193e-13
  -4.966946e-13
  -4.728238e-13
  -3.912958e-13
  -3.569942e-13
  -4.446114e-13
  -6.292925e-13
  -7.972799e-13
  -8.449816e-13
  -7.570796e-13
  -5.681612e-13
  -2.905864e-13
   5.527947e-14
   3.665438e-13
   5.060988e-13
   4.432903e-13
   2.803316e-13
   1.235835e-13
  -2.156134e-15
  -8.739917e-14
  -7.161103e-14
   7.905401e-14
   2.663304e-13
   3.259249e-13
   2.236847e-13
   1.304120e-13
   2.522677e-13
   5.915924e-13
   9.002428e-13
   8.779282e-13
   4.257215e-13
  -2.659137e-13
  -8.551530e-13
  -1.091358e-12
  -9.674099e-13
  -6.695944e-13
  -3.936185e-13
  -2.097497e-13
  -8.635412e-14
  -4.303443e-15
  -1.338917e-14
  -1.698018e-13
  -4.371094e-13
  -6.746592e-13
  -7.360523e-13
  -5.757111e-13
  -2.628522e-13
   8.640046e-14
   3.818551e-13
   5.939824e-13
   7.453015e-13
   8.588479e-13
   9.000634e-13
   7.854952e-13
   4.731121e-13
   4.581302e-14
  -3.058287e-13
  -4.035030e-13
  -2.217490e-13
   6.497544e-14
   2.008543e-13
   6.093555e-14
  -2.430108e-13
  -4.776053e-13
  -4.982344e-13
  -3.395595e-13
  -1.368357e-13
  -2.037211e-15
   3.943281e-14
   4.505925e-14
   1.029721e-13
   2.481513e-13
   4.114324e-13
   4.709612e-13
   3.642452e-13
   1.304602e-13
  -1.566312e-13
  -4.488748e-13
  -6.837945e-13
  -7.341367e-13
  -4.864599e-13
   7.695496e-15
   5.186300e-13
   8.196492e-13
   8.557989e-13
   7.105653e-13
   4.555867e-13
   1.004628e-13
  -3.151059e-13
  -6.460151e-13
  -7.087943e-13
  -4.415708e-13
  -8.981745e-15
   2.615314e-13
   1.061160e-13
  -4.428456e-13
  -1.036994e-12
  -1.273083e-12
  -1.025142e-12
  -5.308720e-13
  -1.428503e-13
  -8.510980e-16
   4.080062e-14
   1.870975e-13
   4.553655e-13
   6.656506e-13
   6.315831e-13
   3.323718e-13
  -6.432739e-14
  -3.106102e-13
  -2.505043e-13
   4.752246e-14
   3.345806e-13
   4.086128e-13
   3.016820e-13
   2.122845e-13
   2.712893e-13
   4.224230e-13
   5.211135e-13
   4.918235e-13
   3.786561e-13
   2.899551e-13
   3.136932e-13
   4.530545e-13
   6.210946e-13
   7.177015e-13
   7.295027e-13
   7.393534e-13
   8.212307e-13
   9.380755e-13
   9.652057e-13
   8.173649e-13
   5.432403e-13
   6.134753e-13
   3.846803e-13
  -2.042180e-13
  -8.137824e-13
  -1.009083e-12
  -6.716028e-13
  -1.505690e-13
   4.653713e-14
  -2.374875e-13
  -6.312714e-13
  -6.203623e-13
  -1.033762e-13
   4.878674e-13
   6.216412e-13
   1.661392e-13
  -5.424040e-13
  -1.045232e-12
  -1.119976e-12
  -8.661486e-13
  -5.546777e-13
  -4.212317e-13
  -5.221765e-13
  -7.012388e-13
  -6.895322e-13
  -3.007140e-13
   4.059933e-13
   1.121036e-12
   1.443847e-12
   1.100779e-12
   1.105074e-13
  -1.171744e-12
  -2.174217e-12
  -2.380493e-12
  -1.628050e-12
  -2.366171e-13
   1.155134e-12
   1.964765e-12
   1.992829e-12
   1.459287e-12
   7.607691e-13
   2.059293e-13
  -6.351767e-14
  -2.236215e-14
   2.514577e-13
   5.468086e-13
   5.867671e-13
   2.309848e-13
  -3.700204e-13
  -8.817006e-13
  -1.101008e-12
  -1.134869e-12
  -1.190772e-12
  -1.220291e-12
  -9.302600e-13
  -2.362438e-13
   4.320720e-13
   4.815451e-13
  -1.720128e-13
  -9.228045e-13
  -1.034280e-12
  -3.325701e-13
   6.540324e-13
   1.163456e-12
   8.118193e-13
  -1.243681e-13
  -9.427814e-13
  -1.091046e-12
  -6.153663e-13
  -6.954386e-14
   3.687560e-14
  -3.025034e-13
  -6.861249e-13
  -8.100843e-13
  -7.831356e-13
  -8.832885e-13
  -1.085721e-12
  -1.009561e-12
  -4.003850e-13
   4.686904e-13
   1.016276e-12
   9.235289e-13
   3.830676e-13
  -1.530381e-13
  -3.344311e-13
  -7.923736e-14
   4.171792e-13
   7.925920e-13
   7.841869e-13
   4.603042e-13
   1.044490e-13
  -1.475686e-13
  -4.245069e-13
  -8.439712e-13
  -1.290537e-12
  -1.556718e-12
  -1.549685e-12
  -1.246820e-12
  -5.990877e-13
   3.549576e-13
   1.349978e-12
   2.000497e-12
   2.040475e-12
   1.458110e-12
   5.142285e-13
  -3.403119e-13
  -7.358018e-13
  -6.878776e-13
  -5.281726e-13
  -4.611512e-13
  -3.360310e-13
   3.185554e-14
   4.684750e-13
   5.580553e-13
   9.703543e-14
  -7.151078e-13
  -1.495898e-12
  -1.942070e-12
  -1.904994e-12
  -1.420983e-12
  -7.707173e-13
  -3.603016e-13
  -3.628146e-13
  -5.046285e-13
  -3.520430e-13
   1.720095e-13
   6.690358e-13
   6.868641e-13
   1.467244e-13
  -6.895373e-13
  -1.518198e-12
  -2.103069e-12
  -2.189191e-12
  -1.589344e-12
  -4.814769e-13
   5.479215e-13
   9.604789e-13
   7.491105e-13
   3.620558e-13
   1.990335e-13
   2.957074e-13
   4.469093e-13
   4.775957e-13
   3.428406e-13
   4.930354e-14
  -3.865011e-13
  -8.157651e-13
  -8.998488e-13
  -4.262402e-13
   2.796558e-13
   5.361262e-13
   5.174642e-14
  -7.132372e-13
  -1.076864e-12
  -8.430114e-13
  -3.490723e-13
  -6.257921e-15
   2.003294e-14
  -1.987798e-13
  -4.619866e-13
  -5.323032e-13
  -2.682075e-13
   2.553797e-13
   7.913187e-13
   1.120313e-12
   1.184057e-12
   1.021127e-12
   6.658214e-13
   1.878498e-13
  -2.394120e-13
  -4.378515e-13
  -4.062724e-13
  -3.345891e-13
  -3.973962e-13
  -5.261391e-13
  -4.162712e-13
   1.473146e-13
   9.488730e-13
   1.469132e-12
   1.436818e-12
   1.094223e-12
   8.065133e-13
   6.120960e-13
   3.449933e-13
   1.975265e-14
  -1.527564e-13
  -4.481797e-14
   2.957814e-13
   7.649076e-13
   1.217648e-12
   1.404897e-12
   1.126714e-12
   5.420992e-13
   1.854493e-13
   5.169187e-13
   1.453169e-12
   2.433254e-12
   2.992413e-12
   3.231008e-12
   3.663283e-12
   4.641724e-12
   6.069962e-12
   7.748114e-12
   9.852737e-12
   1.287995e-11
   1.713420e-11
   2.247847e-11
   2.871327e-11
   3.610678e-11
   4.540135e-11
   5.736208e-11
   7.257171e-11
   9.174884e-11
   1.160510e-10
   1.469466e-10
   1.860042e-10
   2.350110e-10
   2.962527e-10
   3.727005e-10
   4.682412e-10
   5.880038e-10
   7.384110e-10
   9.268466e-10
   1.161670e-09
   1.453256e-09
   1.815422e-09
   2.265943e-09
   2.826145e-09
   3.521092e-09
   4.381328e-09
   5.445196e-09
   6.760317e-09
   8.384355e-09
   1.038653e-08
   1.285091e-08
   1.588096e-08
   1.960373e-08
   2.417326e-08
   2.977474e-08
   3.663138e-08
   4.501381e-08
   5.525008e-08
   6.773588e-08
   8.294702e-08
   1.014556e-07
   1.239497e-07
   1.512552e-07
   1.843615e-07
   2.244523e-07
   2.729427e-07
   3.315227e-07
   4.022078e-07
   4.873977e-07
   5.899458e-07
   7.132418e-07
   8.613075e-07
   1.038909e-06
   1.251686e-06
   1.506305e-06
   1.810635e-06
   2.173957e-06
   2.607198e-06
   3.123212e-06
   3.737100e-06
   4.466582e-06
   5.332424e-06
   6.358936e-06
   7.574541e-06
   9.012435e-06
   1.071134e-05
   1.271636e-05
   1.508000e-05
   1.786330e-05
   2.113710e-05
   2.498359e-05
   2.949797e-05
   3.479041e-05
   4.098823e-05
   4.823846e-05
   5.671065e-05
   6.660014e-05
   7.813171e-05
   9.156378e-05
   1.071931e-04
   1.253600e-04
   1.464546e-04
   1.709232e-04
   1.992765e-04
   2.320977e-04
   2.700521e-04
   3.138985e-04
   3.645007e-04
   4.228417e-04
   4.900384e-04
   5.673594e-04
   6.562433e-04
   7.583205e-04
   8.754367e-04
   1.009680e-03
   1.163408e-03
   1.339285e-03
   1.540314e-03
   1.769880e-03
   2.031792e-03
   2.330337e-03
   2.670328e-03
   3.057174e-03
   3.496939e-03
   3.996421e-03
   4.563232e-03
   5.205887e-03
   5.933907e-03
   6.757925e-03
   7.689808e-03
   8.742788e-03
   9.931607e-03
   1.127268e-02
   1.278426e-02
   1.448664e-02
   1.640235e-02
   1.855640e-02
   2.097652e-02
   2.369343e-02
   2.674115e-02
   3.015731e-02
   3.398351e-02
   3.826569e-02
   4.305460e-02
   4.840618e-02
   5.438212e-02
   6.105034e-02
   6.848562e-02
   7.677022e-02
   8.599454e-02
   9.625788e-02
   1.076692e-01
   1.203482e-01
   1.344258e-01
   1.500457e-01
   1.673651e-01
   1.865559e-01
   2.078061e-01
   2.313214e-01
   2.573260e-01
   2.860648e-01
   3.178050e-01
   3.528375e-01
   3.914796e-01
   4.340765e-01
   4.810038e-01
   5.326700e-01
   5.895192e-01
   6.520334e-01
   7.207363e-01
   7.961958e-01
   8.790278e-01
   9.698997e-01
   1.069535e+00
   1.178715e+00
   1.298289e+00
   1.429171e+00
   1.572352e+00
   1.728902e+00
   1.899975e+00
   2.086819e+00
   2.290777e+00
   2.513301e+00
   2.755953e+00
   3.020416e+00
   3.308502e+00
   3.622162e+00
   3.963493e+00
   4.334751e+00
   4.738360e+00
   5.176922e+00
   5.653233e+00
   6.170288e+00
   6.731301e+00
   7.339712e+00
   7.999202e+00
   8.713707e+00
   9.487429e+00
   1.032485e+01
   1.123073e+01
   1.221015e+01
   1.326850e+01
   1.441149e+01
   1.564515e+01
   1.697587e+01
   1.841037e+01
   1.995572e+01
   2.161936e+01
   2.340906e+01
   2.533296e+01
   2.739954e+01
   2.961764e+01
   3.199641e+01
   3.454535e+01
   3.727426e+01
   4.019323e+01
   4.331266e+01
   4.664317e+01
   5.019564e+01
   5.398116e+01
   5.801099e+01
   6.229655e+01
   6.684938e+01
   7.168108e+01
   7.680333e+01
   8.222779e+01
   8.796608e+01
   9.402977e+01
   1.004303e+02
   1.071789e+02
   1.142866e+02
   1.217643e+02
   1.296223e+02
   1.378709e+02
   1.465197e+02
   1.555781e+02
   1.650548e+02
   1.749579e+02
   1.852953e+02
   1.960739e+02
   2.073000e+02
   2.189793e+02
   2.311166e+02
   2.437162e+02
   2.567812e+02
   2.703141e+02
   2.843165e+02
   2.987891e+02
   3.137316e+02
   3.291429e+02
   3.450208e+02
   3.613622e+02
   3.781630e+02
   3.954183e+02
   4.131219e+02
   4.312670e+02
   4.498455e+02
   4.688485e+02
   4.882661e+02
   5.080875e+02
   5.283010e+02
   5.488940e+02
   5.698528e+02
   5.911632e+02
   6.128101e+02
   6.347773e+02
   6.570482e+02
   6.796052e+02
   7.024303e+02
   7.255047e+02
   7.488088e+02
   7.723227e+02
   7.960257e+02
   8.198969e+02
   8.439148e+02
   8.680572e+02
   8.923021e+02
   9.166266e+02
   9.410078e+02
   9.654225e+02
   9.898472e+02
   1.014258e+03
   1.038632e+03
   1.062945e+03
   1.087172e+03
   1.111290e+03
   1.135275e+03
   1.159103e+03
   1.182750e+03
   1.206193e+03
   1.229406e+03
   1.252368e+03
   1.275055e+03
   1.297443e+03
   1.319510e+03
   1.341234e+03
   1.362591e+03
   1.383560e+03
   1.404119e+03
   1.424247e+03
   1.443924e+03
   1.463128e+03
   1.481839e+03
   1.500038e+03
   1.517705e+03
   1.534823e+03
   1.551372e+03
   1.567335e+03
   1.582696e+03
   1.597436e+03
   1.611541e+03
   1.624995e+03
   1.637784e+03
   1.649892e+03
   1.661307e+03
   1.672016e+03
   1.682007e+03
   1.691268e+03
   1.699788e+03
   1.707558e+03
   1.714569e+03
   1.720812e+03
   1.726279e+03
   1.730963e+03
   1.734858e+03
   1.737960e+03
   1.740263e+03
   1.741764e+03
   1.742460e+03
   1.742349e+03
   1.741431e+03
   1.739703e+03
   1.737169e+03
   1.733827e+03
   1.729682e+03
   1.724736e+03
   1.718992e+03
   1.712456e+03
   1.705133e+03
   1.697029e+03
   1.688152e+03
   1.678508e+03
   1.668107e+03
   1.656959e+03
   1.645072e+03
   1.632457e+03
   1.619126e+03
   1.605091e+03
   1.590363e+03
   1.574957e+03
   1.558884e+03
   1.542160e+03
   1.524799e+03
   1.506815e+03
   1.488224e+03
   1.469041e+03
   1.449283e+03
   1.428964e+03
   1.408101e+03
   1.386711e+03
   1.364810e+03
   1.342416e+03
   1.319544e+03
   1.296211e+03
   1.272435e+03
   1.248232e+03
   1.223619e+03
   1.198612e+03
   1.173228e+03
   1.147483e+03
   1.121394e+03
   1.094975e+03
   1.068243e+03
   1.041213e+03
   1.013900e+03
   9.863201e+02
   9.584864e+02
   9.304138e+02
   9.021159e+02
   8.736066e+02
   8.448989e+02
   8.160058e+02
   7.869399e+02
   7.577133e+02
   7.283379e+02
   6.988252e+02
   6.691863e+02
   6.394322e+02
   6.095733e+02
   5.796198e+02
   5.495816e+02
   5.194683e+02
   4.892891e+02
   4.590532e+02
   4.287692e+02
   3.984458e+02
   3.680911e+02
   3.377133e+02
   3.073202e+02
   2.769194e+02
   2.465186e+02
   2.161250e+02
   1.857458e+02
   1.553881e+02
   1.250588e+02
   9.476469e+01
   6.451261e+01
   3.430916e+01
   4.160936e+00
  -2.592555e+01
  -5.594382e+01
  -8.588745e+01
  -1.157500e+02
  -1.455252e+02
  -1.752066e+02
  -2.047879e+02
  -2.342627e+02
  -2.636248e+02
  -2.928677e+02
  -3.219851e+02
  -3.509707e+02
  -3.798180e+02
  -4.085206e+02
  -4.370722e+02
  -4.654662e+02
  -4.936962e+02
  -5.217557e+02
  -5.496380e+02
  -5.773367e+02
  -6.048451e+02
  -6.321566e+02
  -6.592643e+02
  -6.861617e+02
  -7.128419e+02
  -7.392980e+02
  -7.655232e+02
  -7.915105e+02
  -8.172529e+02
  -8.427433e+02
  -8.679747e+02
  -8.929398e+02
  -9.176313e+02
  -9.420420e+02
  -9.661643e+02
  -9.899909e+02
  -1.013514e+03
  -1.036726e+03
  -1.059620e+03
  -1.082187e+03
  -1.104419e+03
  -1.126309e+03
  -1.147848e+03
  -1.169028e+03
  -1.189841e+03
  -1.210279e+03
  -1.230333e+03
  -1.249994e+03
  -1.269254e+03
  -1.288104e+03
  -1.306536e+03
  -1.324541e+03
  -1.342109e+03
  -1.359232e+03
  -1.375901e+03
  -1.392107e+03
  -1.407841e+03
  -1.423094e+03
  -1.437857e+03
  -1.452122e+03
  -1.465879e+03
  -1.479120e+03
  -1.491836e+03
  -1.504019e+03
  -1.515661e+03
  -1.526752e+03
  -1.537286e+03
  -1.547254e+03
  -1.556649e+03
  -1.565464e+03
  -1.573692e+03
  -1.581326e+03
  -1.588359e+03
  -1.594786e+03
  -1.600601e+03
  -1.605800e+03
  -1.610377e+03
  -1.614328e+03
  -1.617649e+03
  -1.620337e+03
  -1.622389e+03
  -1.623804e+03
  -1.624579e+03
  -1.624713e+03
  -1.624206e+03
  -1.623058e+03
  -1.621270e+03
  -1.618842e+03
  -1.615778e+03
  -1.612079e+03
  -1.607749e+03
  -1.602791e+03
  -1.597211e+03
  -1.591013e+03
  -1.584204e+03
  -1.576789e+03
  -1.568776e+03
  -1.560172e+03
  -1.550986e+03
  -1.541228e+03
  -1.530905e+03
  -1.520029e+03
  -1.508610e+03
  -1.496659e+03
  -1.484188e+03
  -1.471209e+03
  -1.457735e+03
  -1.443779e+03
  -1.429355e+03
  -1.414477e+03
  -1.399158e+03
  -1.383414e+03
  -1.367261e+03
  -1.350712e+03
  -1.333785e+03
  -1.316495e+03
  -1.298858e+03
  -1.280891e+03
  -1.262610e+03
  -1.244033e+03
  -1.225176e+03
  -1.206056e+03
  -1.186691e+03
  -1.167097e+03
  -1.147293e+03
  -1.127295e+03
  -1.107121e+03
  -1.086788e+03
  -1.066313e+03
  -1.045714e+03
  -1.025009e+03
  -1.004213e+03
  -9.833442e+02
  -9.624196e+02
  -9.414558e+02
  -9.204694e+02
  -8.994769e+02
  -8.784946e+02
  -8.575385e+02
  -8.366244e+02
  -8.157681e+02
  -7.949850e+02
  -7.742902e+02
  -7.536986e+02
  -7.332249e+02
  -7.128834e+02
  -6.926881e+02
  -6.726527e+02
  -6.527907e+02
  -6.331150e+02
  -6.136385e+02
  -5.943735e+02
  -5.753318e+02
  -5.565252e+02
  -5.379648e+02
  -5.196613e+02
  -5.016251e+02
  -4.838661e+02
  -4.663938e+02
  -4.492172e+02
  -4.323448e+02
  -4.157847e+02
  -3.995443e+02
  -3.836309e+02
  -3.680509e+02
  -3.528104e+02
  -3.379149e+02
  -3.233693e+02
  -3.091781e+02
  -2.953452e+02
  -2.818739e+02
  -2.687671e+02
  -2.560268e+02
  -2.436549e+02
  -2.316525e+02
  -2.200201e+02
  -2.087577e+02
  -1.978648e+02
  -1.873404e+02
  -1.771828e+02
  -1.673899e+02
  -1.579590e+02
  -1.488872e+02
  -1.401706e+02
  -1.318051e+02
  -1.237863e+02
  -1.161091e+02
  -1.087680e+02
  -1.017572e+02
  -9.507054e+01
  -8.870132e+01
  -8.264264e+01
  -7.688727e+01
  -7.142766e+01
  -6.625600e+01
  -6.136426e+01
  -5.674418e+01
  -5.238732e+01
  -4.828508e+01
  -4.442872e+01
  -4.080941e+01
  -3.741823e+01
  -3.424624e+01
  -3.128444e+01
  -2.852384e+01
  -2.595551e+01
  -2.357053e+01
  -2.136009e+01
  -1.931547e+01
  -1.742805e+01
  -1.568940e+01
  -1.409120e+01
  -1.262535e+01
  -1.128394e+01
  -1.005926e+01
  -8.943832e+00
  -7.930424e+00
  -7.012052e+00
  -6.181991e+00
  -5.433785e+00
  -4.761254e+00
  -4.158496e+00
  -3.619892e+00
  -3.140109e+00
  -2.714097e+00
  -2.337093e+00
  -2.004615e+00
  -1.712460e+00
  -1.456698e+00
  -1.233669e+00
  -1.039974e+00
  -8.724673e-01
  -7.282504e-01
  -6.046600e-01
  -4.992599e-01
  -4.098301e-01
  -3.343562e-01
  -2.710183e-01
  -2.181796e-01
  -1.743752e-01
  -1.383001e-01
  -1.087984e-01
  -8.485123e-02
  -6.556630e-02
  -5.016653e-02
  -3.797973e-02
  -2.842838e-02
  -2.101995e-02
  -1.533766e-02
  -1.103179e-02
  -7.811518e-03
  -5.437379e-03
  -3.714246e-03
  -2.484954e-03
  -1.624496e-03
  -1.034812e-03
  -6.401471e-04
  -3.829663e-04
  -2.203975e-04
  -1.211740e-04
  -6.304418e-05
  -3.061153e-05
  -1.356566e-05
  -5.263074e-06
  -1.616078e-06
  -2.475736e-07
   1.298156e-07
   1.506118e-07
   8.782672e-08
   3.448232e-08
   7.118295e-09
  -1.950214e-09
  -2.757622e-09
  -1.435510e-09
  -3.731339e-10
   5.186251e-11
   1.046058e-10
   5.078196e-11
   8.274198e-12
  -5.288091e-12
  -4.351521e-12
  -1.193291e-12
   2.388467e-13
   3.342752e-13
   1.059436e-13
  -1.563671e-14
  -2.573341e-14
  -7.377237e-15
   1.801251e-15
   1.959671e-15
   3.618589e-16
  -2.216645e-16
  -1.320307e-16
  -1.508371e-18
   2.194755e-17
   6.138248e-18
  -2.099026e-18
  -1.514377e-18
   3.300654e-21
   2.462751e-19
   4.792478e-20
  -3.046697e-20
  -1.274645e-20
   2.773805e-21
   2.378289e-21
  -1.150669e-22
  -3.766946e-22
  -2.267546e-23
   5.439667e-23
   7.861463e-24
  -7.472437e-24
  -1.593814e-24
   1.008515e-24
   2.666586e-25
  -1.372013e-25
  -3.985194e-26
   1.912214e-26
   5.442132e-27
  -2.738093e-27
  -6.743754e-28
   3.983737e-28
   7.259428e-29
  -5.766360e-29
  -5.845134e-30
   8.084001e-30
   7.500221e-32
  -1.062877e-30
   1.014964e-31
   1.253155e-31
  -2.840536e-32
  -1.216155e-32
   5.299676e-33
   7.281816e-34
  -7.750161e-34
   3.989656e-35
   8.807513e-35
  -2.112854e-35
  -6.580770e-36
   3.865307e-36
  -2.449590e-38
  -4.530286e-37
   1.051454e-37
   2.843359e-38
  -1.908445e-38
   1.473453e-39
   1.810171e-39
  -6.465292e-40
  -2.911052e-41
   8.085574e-41
  -1.992969e-41
  -3.121220e-42
   3.140472e-42
  -6.263691e-43
  -1.447455e-43
   1.145998e-43
  -2.219816e-44
  -4.794902e-45
   4.009842e-45
  -8.982274e-46
  -1.005894e-46
   1.304326e-46
  -3.788603e-47
   8.289591e-49
   3.566282e-48
  -1.474868e-48
   2.231976e-49
   5.861184e-50
  -4.627844e-50
   1.336788e-50
  -1.052268e-51
  -8.642149e-52
   4.769880e-52
  -1.254747e-52
   9.787652e-54
   7.623805e-54
  -4.412702e-54
   1.316832e-54
  -2.004243e-55
  -2.835859e-56
   3.220729e-56
  -1.296852e-56
   3.388416e-57
  -4.922439e-58
  -6.144527e-59
   7.549163e-59
  -3.304520e-59
   1.031779e-59
  -2.447885e-60
   3.794043e-61
   1.256944e-62
  -3.964449e-62
   2.031713e-62
  -7.667084e-63
   2.481303e-63
  -7.257034e-64
   1.966952e-64
  -5.012455e-65
   1.212129e-65
  -2.799446e-66
   6.203775e-67
  -1.323895e-67
   2.728261e-68
  -5.441744e-69
   1.052493e-69
  -1.976986e-70
   3.611264e-71
  -6.421957e-72
   1.112853e-72
  -1.880694e-73
   3.101716e-74
  -4.994977e-75
   7.857970e-76
  -1.208049e-76
   1.815358e-77
  -2.666863e-78
   3.830032e-79
  -5.376601e-80
   7.375332e-81
  -9.880834e-82
   1.291784e-82
  -1.646071e-83
   2.040835e-84
  -2.455565e-85
   2.856309e-86
  -3.192734e-87
   3.395617e-88
  -3.375206e-89
   3.020860e-90
  -2.202413e-91
   7.735936e-93
   1.422297e-93
  -4.544442e-94
   8.744522e-95
  -1.415518e-95
   2.087766e-96
  -2.896960e-97
   3.843396e-98
  -4.921033e-99
  6.116947e-100
 -7.411214e-101
  8.777244e-102
 -1.018261e-102
  1.159033e-103
 -1.296050e-104
  1.425226e-105
 -1.542586e-106
  1.644471e-107
 -1.727729e-108
  1.789876e-109
 -1.829212e-110
  1.844899e-111
 -1.836969e-112
  1.806303e-113
 -1.754540e-114
  1.683967e-115
 -1.597371e-116
  1.497877e-117
 -1.388779e-118
  1.273384e-119
 -1.154869e-120
  1.036155e-121
 -9.198235e-123
  8.080455e-124
 -7.025542e-125
  6.046366e-126
 -5.151511e-127
  4.345634e-128
 -3.629946e-129
  3.002781e-130
 -2.460198e-131
  1.996566e-132
 -1.605118e-133
  1.278443e-134
 -1.008897e-135
  7.889350e-137
 -6.113670e-138
  4.695318e-139
 -3.574088e-140
  2.696724e-141
 -2.017027e-142
  1.495624e-143
 -1.099513e-144
  8.014474e-146
 -5.792638e-147
  4.151767e-148
 -2.951024e-149
  2.080285e-150
 -1.454489e-151
  1.008698e-152
 -6.939055e-154
  4.735362e-155
 -3.205855e-156
  2.153259e-157
 -1.434940e-158
  9.488093e-160
 -6.225215e-161
  4.053050e-162
 -2.618684e-163
  1.679109e-164
 -1.068538e-165
  6.748961e-167
 -4.230964e-168
  2.632793e-169
 -1.626254e-170
  9.971793e-172
 -6.070015e-173
  3.668226e-174
 -2.200848e-175
  1.311020e-176
 -7.754100e-178
  4.553790e-179
 -2.655528e-180
  1.537736e-181
 -8.842630e-183
  5.049707e-184
 -2.863859e-185
  1.613070e-186
 -9.023728e-188
  5.013779e-189
 -2.766977e-190
  1.516776e-191
 -8.258999e-193
  4.467221e-194
 -2.400300e-195
  1.281225e-196
 -6.794078e-198
  3.579268e-199
 -1.873397e-200
  9.742044e-202
 -5.033475e-203
  2.584020e-204
 -1.318095e-205
  6.680857e-207
 -3.364842e-208
  1.684055e-209
 -8.375654e-211
  4.139650e-212
 -2.033304e-213
  9.925367e-215
 -4.815121e-216
  2.321644e-217
 -1.112557e-218
  5.299057e-220
 -2.508619e-221
  1.180433e-222
 -5.521145e-224
  2.566895e-225
 -1.186283e-226
  5.449792e-228
 -2.488817e-229
  1.129892e-230
 -5.099434e-232
  2.288006e-233
 -1.020592e-234
  4.526021e-236
 -1.995534e-237
  8.747609e-239
 -3.812555e-240
  1.652146e-241
 -7.118605e-243
  3.049751e-244
 -1.299169e-245
  5.503096e-247
 -2.317913e-248
  9.708322e-250
 -4.043491e-251
  1.674719e-252
 -6.897777e-254
  2.825307e-255
 -1.150852e-256
  4.662068e-258
 -1.878237e-259
  7.525630e-261
 -2.998910e-262
  1.188556e-263
 -4.685097e-265
  1.836826e-266
 -7.162670e-268
  2.778092e-269
 -1.071742e-270
  4.112563e-272
 -1.569715e-273
  5.959664e-275
 -2.250724e-276
  8.455298e-278
 -3.159720e-279
  1.174594e-280
 -4.343633e-282
  1.597905e-283
 -5.847737e-285
  2.128972e-286
 -7.710877e-288
  2.778404e-289
 -9.959807e-291
  3.552030e-292
 -1.260313e-293
  4.448998e-295
 -1.562551e-296
  5.460091e-298
 -1.898302e-299
  6.566535e-301
 -2.260051e-302
  7.739575e-304
 -2.637171e-305
  8.941027e-307
 -3.016267e-308
  1.012491e-309
 -3.381862e-311
  1.124006e-312
 -3.722939e-314
  1.213401e-315
 -1.634226e-317
  6.958421e-320
 -2.914987e-322
  -0.000000e+00
  -0.000000e+00
  -0.000000e+00
  -0.000000e+00
  -0.000000e+00
  -0.000000e+00
  -0.000000e+00
  -0.000000e+00
  -0.000000e+00
  -0.000000e+00
  -0.000000e+00
  -0.000000e+00
  -0.000000e+00
  -0.000000e+00
  -0.000000e+00
  -0.000000e+00
  -0.000000e+00
  -0.000000e+00
  -0.000000e+00
  -0.000000e+00
  -0.000000e+00
  -0.000000e+00
  -0.000000e+00
  -0.000000e+00
  -0.000000e+00
  -0.000000e+00
  -0.000000e+00
  -0.000000e+00
  -0.000000e+00
  -0.000000e+00
  -0.000000e+00
  -0.000000e+00
  -0.000000e+00
  -0.000000e+00
  -0.000000e+00
  -0.000000e+00
  -0.000000e+00
  -0.000000e+00
  -0.000000e+00
  -0.000000e+00
  -0.000000e+00
  -0.000000e+00
  -0.000000e+00
  -0.000000e+00
  -0.000000e+00
  -0.000000e+00
  -0.000000e+00
  -0.000000e+00
  -0.000000e+00
  -0.000000e+00
  -0.000000e+00
  -0.000000e+00
  -0.000000e+00
  -0.000000e+00
  -0.000000e+00
  -0.000000e+00
  -0.000000e+00
  -0.000000e+00
  -0.000000e+00
  -0.000000e+00
  -0.000000e+00
  -0.000000e+00
  -0.000000e+00
  -0.000000e+00
  -0.000000e+00
  -0.000000e+00
  -0.000000e+00
  -0.000000e+00
  -0.000000e+00
  -0.000000e+00
  -0.000000e+00
  -0.000000e+00
  -0.000000e+00
  -0.000000e+00
  -0.000000e+00
  -0.000000e+00
  -0.000000e+00
  -0.000000e+00
  -0.000000e+00
  -0.000000e+00
  -0.000000e+00
  -0.000000e+00
  -0.000000e+00
  -0.000000e+00
  -0.000000e+00
  -0.000000e+00
  -0.000000e+00
  -0.000000e+00
  -0.000000e+00
  -0.000000e+00
  -0.000000e+00
  -0.000000e+00
  -0.000000e+00
  -0.000000e+00
  -0.000000e+00
  -0.000000e+00
  -0.000000e+00
  -0.000000e+00
  -0.000000e+00
  -0.000000e+00
  -0.000000e+00
  -0.000000e+00
  -0.000000e+00
  -0.000000e+00
  -0.000000e+00
  -0.000000e+00
  -0.000000e+00
  -0.000000e+00
  -0.000000e+00
  -0.000000e+00
  -0.000000e+00
  -0.000000e+00
  -0.000000e+00
  -0.000000e+00
  -0.000000e+00
  -0.000000e+00
  -0.000000e+00
  -0.000000e+00
  -0.000000e+00
  -0.000000e+00
  -0.000000e+00
  -0.000000e+00
  -0.000000e+00
  -0.000000e+00
  -0.000000e+00
  -0.000000e+00
  -0.000000e+00
  -0.000000e+00
  -0.000000e+00
  -0.000000e+00
  -0.000000e+00
  -0.000000e+00
  -0.000000e+00
  -0.000000e+00
  -0.000000e+00
  -0.000000e+00
  -0.000000e+00
  -0.000000e+00
  -0.000000e+00
  -0.000000e+00
  -0.000000e+00
  -0.000000e+00
  -0.000000e+00
  -0.000000e+00
  -0.000000e+00
  -0.000000e+00
  -0.000000e+00
  -0.000000e+00
  -0.000000e+00
  -0.000000e+00
  -0.000000e+00
  -0.000000e+00
  -0.000000e+00
  -0.000000e+00
  -0.000000e+00
  -0.000000e+00
  -0.000000e+00
  -0.000000e+00
  -0.000000e+00
  -0.000000e+00
  -0.000000e+00
  -0.000000e+00
  -0.000000e+00
  -0.000000e+00
  -0.000000e+00
  -0.000000e+00
  -0.000000e+00
  -0.000000e+00
  -0.000000e+00
  -0.000000e+00
  -0.000000e+00
  -0.000000e+00
  -0.000000e+00
  -0.000000e+00
  -0.000000e+00
  -0.000000e+00
  -0.000000e+00
  -0.000000e+00
  -0.000000e+00
  -0.000000e+00
  -0.000000e+00
  -0.000000e+00
  -0.000000e+00
  -0.000000e+00
  -0.000000e+00
  -0.000000e+00
  -0.000000e+00
  -0.000000e+00
  -0.000000e+00
  -0.000000e+00
  -0.000000e+00
  -0.000000e+00
  -0.000000e+00
  -0.000000e+00
  -0.000000e+00
  -0.000000e+00
  -0.000000e+00
  -0.000000e+00
  -0.000000e+00
  -0.000000e+00
  -0.000000e+00
  -0.000000e+00
  -0.000000e+00
  -0.000000e+00
  -0.000000e+00
  -0.000000e+00
  -0.000000e+00
  -0.000000e+00
  -0.000000e+00
  -0.000000e+00
  -0.000000e+00
  -0.000000e+00
  -0.000000e+00
  -0.000000e+00
  -0.000000e+00
  -0.000000e+00
  -0.000000e+00
  -0.000000e+00
  -0.000000e+00
  -0.000000e+00
  -0.000000e+00
  -0.000000e+00
  -0.000000e+00
  -0.000000e+00
  -0.000000e+00
  -0.000000e+00
  -0.000000e+00
  -0.000000e+00
  -0.000000e+00
  -0.000000e+00
  -0.000000e+00
  -0.000000e+00
  -0.000000e+00
  -0.000000e+00
  -0.000000e+00
  -0.000000e+00
  -0.000000e+00
  -0.000000e+00
  -0.000000e+00
  -0.000000e+00
  -0.000000e+00
  -0.000000e+00
  -0.000000e+00
  -0.000000e+00
  -0.000000e+00
  -0.000000e+00
  -0.000000e+00
  -0.000000e+00
  -0.000000e+00
  -0.000000e+00
  -0.000000e+00
  -0.000000e+00
  -0.000000e+00
  -0.000000e+00
  -0.000000e+00
  -0.000000e+00
  -0.000000e+00
  -0.000000e+00
  -0.000000e+00
  -0.000000e+00
  -0.000000e+00
  -0.000000e+00
  -0.000000e+00
  -0.000000e+00
  -0.000000e+00
  -0.000000e+00
  -0.000000e+00
  -0.000000e+00
  -0.000000e+00
  -0.000000e+00
  -0.000000e+00
  -0.000000e+00
  -0.000000e+00
  -0.000000e+00
  -0.000000e+00
  -0.000000e+00
  -0.000000e+00
  -0.000000e+00
  -0.000000e+00
  -0.000000e+00
  -0.000000e+00
  -0.000000e+00
  -0.000000e+00
  -0.000000e+00
  -0.000000e+00
  -0.000000e+00
  -0.000000e+00
  -0.000000e+00
  -0.000000e+00
  -0.000000e+00
  -0.000000e+00
  -0.000000e+00
  -0.000000e+00
  -0.000000e+00
  -0.000000e+00
  -0.000000e+00
  -0.000000e+00
  -0.000000e+00
  -0.000000e+00
  -0.000000e+00
  -0.000000e+00
  -0.000000e+00
  -0.000000e+00
  -0.000000e+00
  -0.000000e+00
  -0.000000e+00
  -0.000000e+00
  -0.000000e+00
  -0.000000e+00
  -0.000000e+00
  -0.000000e+00
  -0.000000e+00
  -0.000000e+00
  -0.000000e+00
  -0.000000e+00
  -0.000000e+00
  -0.000000e+00
  -0.000000e+00
  -0.000000e+00
  -0.000000e+00
  -0.000000e+00
  -0.000000e+00
  -0.000000e+00
  -0.000000e+00
  -0.000000e+00
  -0.000000e+00
  -0.000000e+00
  -0.000000e+00
  -0.000000e+00
  -0.000000e+00
  -0.000000e+00
  -0.000000e+00
  -0.000000e+00
  -0.000000e+00
  -0.000000e+00
  -0.000000e+00
  -0.000000e+00
  -0.000000e+00
  -0.000000e+00
  -0.000000e+00
  -0.000000e+00
  -0.000000e+00
  -0.000000e+00
  -0.000000e+00
  -0.000000e+00
  -0.000000e+00
  -0.000000e+00
  -0.000000e+00
  -0.000000e+00
  -0.000000e+00
  -0.000000e+00
  -0.000000e+00
  -0.000000e+00
  -0.000000e+00
  -0.000000e+00
  -0.000000e+00
  -0.000000e+00
  -0.000000e+00
  -0.000000e+00
  -0.000000e+00
  -0.000000e+00
  -0.000000e+00
  -0.000000e+00
  -0.000000e+00
  -0.000000e+00
  -0.000000e+00
  -0.000000e+00
  -0.000000e+00
  -0.000000e+00
  -0.000000e+00
  -0.000000e+00
  -0.000000e+00
  -0.000000e+00
  -0.000000e+00
  -0.000000e+00
  -0.000000e+00
  -0.000000e+00
  -0.000000e+00
  -0.000000e+00
  -0.000000e+00
  -0.000000e+00
  -0.000000e+00
  -0.000000e+00
  -0.000000e+00
  -0.000000e+00
  -0.000000e+00
  -0.000000e+00
  -0.000000e+00
  -0.000000e+00
  -0.000000e+00
  -0.000000e+00
  -0.000000e+00
   0.000000e+00
   0.000000e+00
