   0.000000e+00
   0.000000e+00
   6.467542e-22
   1.843715e-22
  -1.562375e-21
  -1.343514e-21
   3.194199e-21
   5.645707e-21
  -2.713532e-21
  -1.593006e-20
  -1.712030e-20
  -5.225135e-21
   1.247420e-22
  -9.592617e-21
  -1.695558e-20
  -9.615771e-21
  -3.395732e-22
   2.797802e-21
   1.737487e-20
   5.300456e-20
   8.294145e-20
   7.573578e-20
   3.659349e-20
  -3.484272e-21
  -2.718411e-20
  -4.377443e-20
  -6.622607e-20
  -8.807145e-20
  -9.064638e-20
  -6.345124e-20
  -8.143745e-21
   5.631529e-20
   8.269826e-20
   3.111492e-20
  -6.702279e-20
  -1.289942e-19
  -1.215363e-19
  -9.208339e-20
  -8.637408e-20
  -8.627560e-20
  -5.088542e-20
   1.829937e-20
   7.706217e-20
   8.665668e-20
   5.261955e-20
   2.112464e-20
   2.983210e-20
   6.427640e-20
   8.580291e-20
   8.842961e-20
   8.252018e-20
   4.568239e-20
  -4.017192e-20
  -1.246280e-19
  -1.398226e-19
  -9.516965e-20
  -5.062458e-20
  -2.829869e-20
  -1.852432e-20
  -2.694877e-20
  -4.355095e-20
  -2.013843e-20
   4.675258e-20
   7.310011e-20
   3.688392e-21
  -9.327744e-20
  -1.202808e-19
  -7.658543e-20
  -2.603244e-20
   2.420841e-21
   2.166033e-20
   3.280636e-20
   1.221278e-20
  -5.357945e-20
  -1.350706e-19
  -1.778465e-19
   1.068260e-19
  -2.291854e-18
   1.664488e-17
  -9.046277e-17
   3.241356e-16
  -3.352683e-16
  -3.959760e-15
   2.370954e-14
  -2.537706e-14
  -2.875717e-13
   1.006780e-12
   2.580887e-12
  -1.572456e-11
  -3.295771e-11
   1.818911e-10
   6.412161e-10
  -9.855622e-10
  -1.013576e-08
  -2.073057e-08
   3.724489e-08
   3.971903e-07
   1.570296e-06
   4.398385e-06
   9.963862e-06
   1.933125e-05
   3.318557e-05
   5.150236e-05
   7.338657e-05
   9.714789e-05
   1.205774e-04
   1.413107e-04
   1.571490e-04
   1.662629e-04
   1.672877e-04
   1.593780e-04
   1.422897e-04
   1.164977e-04
   8.328819e-05
   4.472446e-05
   3.420161e-06
  -3.785987e-05
  -7.665917e-05
  -1.111936e-04
  -1.404992e-04
  -1.643392e-04
  -1.829492e-04
  -1.967555e-04
  -2.061784e-04
  -2.115574e-04
  -2.131520e-04
  -2.111351e-04
  -2.055319e-04
  -1.961261e-04
  -1.824211e-04
  -1.637436e-04
  -1.395138e-04
  -1.096076e-04
  -7.466671e-05
  -3.621214e-05
   3.501614e-06
   4.184306e-05
   7.623542e-05
   1.045169e-04
   1.251457e-04
   1.372602e-04
   1.406685e-04
   1.358424e-04
   1.239281e-04
   1.067177e-04
   8.649745e-05
   6.573289e-05
   4.664441e-05
   3.080606e-05
   1.891918e-05
   1.084515e-05
   5.866950e-06
   3.050812e-06
   1.553561e-06
   7.781607e-07
   3.767806e-07
   1.718312e-07
   7.322348e-08
   3.002170e-08
   1.237836e-08
   5.054804e-09
   1.860723e-09
   5.718487e-10
   1.644938e-10
   6.217521e-11
   2.518241e-11
   5.250530e-12
  -7.240758e-13
  -2.471145e-13
   3.168223e-13
   1.018032e-13
  -6.017607e-14
  -2.816252e-14
   8.088866e-15
   4.871613e-15
  -1.574558e-15
  -9.697471e-16
   2.510843e-16
   1.634935e-16
  -4.472195e-17
  -2.704002e-17
   7.686006e-18
   4.176965e-18
  -1.302162e-18
  -6.012713e-19
   1.898149e-19
  -1.202126e-20
  -1.828398e-19
  -1.313046e-19
  -3.800802e-20
  -2.731227e-21
  -3.668118e-20
  -3.081452e-20
   2.443461e-20
   2.403442e-20
   1.746370e-20
   7.898296e-20
   1.361255e-19
   1.013402e-19
  -4.015027e-20
  -1.401732e-19
  -9.231199e-20
   2.307168e-20
  -8.084516e-20
  -2.562647e-19
  -2.288498e-19
   2.460179e-20
   2.050737e-19
   1.737209e-19
   6.035201e-20
  -1.682698e-20
  -6.761574e-21
   2.051243e-20
  -4.642962e-20
  -1.265782e-19
  -9.825706e-20
   1.685385e-19
   6.203447e-19
  -5.041619e-19
  -3.040765e-18
   4.569521e-18
   1.990890e-17
  -2.737018e-17
  -1.122371e-16
   1.831786e-16
   7.071192e-16
  -8.363789e-16
  -3.438121e-15
   5.843914e-15
   2.239215e-14
  -3.163238e-14
  -1.961959e-13
  -2.750977e-13
  -7.222793e-13
  -5.396452e-12
  -2.335896e-11
  -7.064862e-11
  -1.996902e-10
  -6.079567e-10
  -1.839472e-09
  -5.074553e-09
  -1.281734e-08
  -3.098515e-08
  -7.363083e-08
  -1.705015e-07
  -3.771844e-07
  -7.919744e-07
  -1.592972e-06
  -3.112720e-06
  -5.950692e-06
  -1.108499e-05
  -1.990787e-05
  -3.410973e-05
  -5.538791e-05
  -8.503755e-05
  -1.235465e-04
  -1.703262e-04
  -2.236616e-04
  -2.808797e-04
  -3.386652e-04
  -3.934265e-04
  -4.416316e-04
  -4.800856e-04
  -5.061582e-04
  -5.179778e-04
  -5.145892e-04
  -4.960409e-04
  -4.633556e-04
  -4.183586e-04
  -3.633851e-04
  -3.009358e-04
  -2.333699e-04
  -1.627111e-04
  -9.059341e-05
  -1.832116e-05
   5.301522e-05
   1.224256e-04
   1.889406e-04
   2.515654e-04
   3.092472e-04
   3.608434e-04
   4.051012e-04
   4.406773e-04
   4.662309e-04
   4.805950e-04
   4.829979e-04
   4.732721e-04
   4.519853e-04
   4.204503e-04
   3.806124e-04
   3.348534e-04
   2.857658e-04
   2.359435e-04
   1.878078e-04
   1.434620e-04
   1.045609e-04
   7.219501e-05
   4.680789e-05
   2.818502e-05
   1.553963e-05
   7.695562e-06
   3.328176e-06
   1.199896e-06
   3.278235e-07
   4.946006e-08
  -6.610426e-09
  -5.866108e-09
  -9.357025e-10
   3.256525e-10
   1.411291e-10
  -1.297567e-11
  -1.431516e-11
   6.440300e-13
   1.275499e-12
  -1.215212e-13
  -9.417221e-14
   2.282009e-14
   3.025934e-15
  -2.326293e-15
   3.936705e-16
   3.618428e-17
  -3.590685e-17
   1.057353e-17
  -2.064831e-18
   3.009000e-19
  -3.289271e-20
   2.356492e-21
  -3.912658e-24
  -3.297703e-23
   6.870388e-24
  -9.801255e-25
   1.146053e-25
  -1.165486e-26
   1.060604e-27
  -8.781314e-29
   6.687750e-30
  -4.721857e-31
   3.109070e-32
  -1.918071e-33
   1.112938e-34
  -6.093001e-36
   3.155892e-37
  -1.550099e-38
   7.234881e-40
  -3.214566e-41
   1.361854e-42
  -5.509109e-44
   2.130782e-45
  -7.888851e-47
   2.798786e-48
  -9.524221e-50
   3.111571e-51
  -9.767295e-53
   2.948068e-54
  -8.561838e-56
   2.394064e-57
  -6.449026e-59
   1.674447e-60
  -4.192544e-62
   1.012752e-63
  -2.361141e-65
   5.314838e-67
  -1.155439e-68
   2.426706e-70
  -4.925016e-72
   9.660735e-74
  -1.831893e-75
   3.358423e-77
  -5.953290e-79
   1.020438e-80
  -1.691316e-82
   2.710505e-84
  -4.199670e-86
   6.289874e-88
  -9.103702e-90
   1.272882e-91
  -1.718482e-93
   2.238795e-95
  -2.812133e-97
   3.402001e-99
 -3.958001e-101
  4.419766e-103
 -4.723960e-105
  4.813604e-107
 -4.648218e-109
  4.212735e-111
 -3.523070e-113
  2.626706e-115
 -1.597689e-117
  5.266567e-120
  4.922566e-122
 -1.375031e-123
  2.059168e-125
 -2.510755e-127
  2.726124e-129
 -2.728334e-131
  2.559786e-133
 -2.272951e-135
  1.921261e-137
   0.000000e+00
   0.000000e+00
