   0.000000e+00
   0.000000e+00
  -8.041144e-22
  -7.273132e-22
  -3.356982e-22
   2.157777e-22
   6.377291e-22
   7.651551e-22
   7.336364e-22
   8.762502e-22
   1.348693e-21
   1.801724e-21
   1.500674e-21
  -5.909955e-23
  -2.535137e-21
  -4.759753e-21
  -5.494056e-21
  -4.272004e-21
  -1.621930e-21
   1.336077e-21
   3.321427e-21
   3.042980e-21
  -5.490824e-22
  -7.550768e-21
  -1.643820e-20
  -2.443807e-20
  -2.909554e-20
  -2.984194e-20
  -2.812910e-20
  -2.602440e-20
  -2.464744e-20
  -2.382097e-20
  -2.283107e-20
  -2.102596e-20
  -1.765198e-20
  -1.201386e-20
  -5.123737e-21
  -1.451788e-21
  -7.254533e-21
  -2.441539e-20
  -4.484209e-20
  -5.301979e-20
  -3.786398e-20
  -4.428778e-21
   2.671770e-20
   3.426449e-20
   1.286432e-20
  -2.315577e-20
  -5.195951e-20
  -6.067064e-20
  -5.209343e-20
  -3.803778e-20
  -2.720529e-20
  -1.820496e-20
  -2.403197e-21
   2.627812e-20
   6.215734e-20
   8.699249e-20
   8.034056e-20
   3.489951e-20
  -3.526423e-20
  -1.013940e-19
  -1.371714e-19
  -1.332722e-19
  -9.956136e-20
  -5.572069e-20
  -1.858042e-20
   5.592058e-21
   2.017015e-20
   3.070494e-20
   3.795101e-20
   3.841206e-20
   3.164556e-20
   2.462209e-20
   2.554408e-20
   3.309385e-20
   3.522879e-20
   2.118488e-20
  -7.091694e-21
  -3.841125e-20
  -6.596700e-20
  -9.276244e-20
  -1.216872e-19
  -1.447623e-19
  -1.484557e-19
  -1.306730e-19
  -1.078767e-19
  -1.009806e-19
  -1.142757e-19
  -1.309536e-19
  -1.302082e-19
  -1.065266e-19
  -7.021858e-20
  -3.098162e-20
   1.348058e-20
   6.822367e-20
   1.221076e-19
   1.452650e-19
   1.128628e-19
   3.344046e-20
  -4.989925e-20
  -9.094470e-20
  -7.519303e-20
  -2.514612e-20
   2.494478e-20
   5.583172e-20
   6.764817e-20
   6.757599e-20
   6.144218e-20
   5.528256e-20
   5.505775e-20
   5.889387e-20
   5.444095e-20
   3.191747e-20
  -2.102569e-22
  -1.971123e-20
  -1.407764e-20
   5.708905e-21
   2.028989e-20
   2.714062e-20
   4.159917e-20
   7.004424e-20
   8.992837e-20
   6.656131e-20
  -7.809677e-21
  -9.689097e-20
  -1.479546e-19
  -1.382500e-19
  -9.318060e-20
  -5.828599e-20
  -5.438718e-20
  -6.108033e-20
  -4.293890e-20
   1.118348e-20
   7.645038e-20
   1.169951e-19
   1.183079e-19
   9.424935e-20
   6.718940e-20
   4.734808e-20
   3.163418e-20
   1.597464e-20
   2.384501e-21
  -6.048642e-21
  -1.276845e-20
  -2.737554e-20
  -5.695784e-20
  -9.625157e-20
  -1.246719e-19
  -1.158750e-19
  -5.802936e-20
   2.976180e-20
   1.039327e-19
   1.274003e-19
   9.939360e-20
   5.411287e-20
   2.789875e-20
   2.775417e-20
   3.190391e-20
   1.776503e-20
  -1.456131e-20
  -4.525120e-20
  -5.541146e-20
  -4.195191e-20
  -1.597185e-20
   7.223283e-21
   1.508163e-20
  -7.623347e-23
  -3.919349e-20
  -9.356338e-20
  -1.453826e-19
  -1.760329e-19
  -1.789527e-19
  -1.659973e-19
  -1.574915e-19
  -1.607343e-19
  -1.579134e-19
  -1.211713e-19
  -4.515944e-20
   3.730082e-20
   7.961409e-20
   6.625713e-20
   3.062151e-20
   2.249980e-20
   5.656430e-20
   9.724196e-20
   9.798985e-20
   5.307914e-20
   4.780798e-21
  -2.917242e-21
   2.618186e-20
   4.240317e-20
   2.911733e-21
  -7.966040e-20
  -1.426884e-19
  -1.270995e-19
  -2.706666e-20
   1.069673e-19
   2.074369e-19
   2.327839e-19
   1.838665e-19
   9.276577e-20
   1.475917e-21
  -5.547242e-20
  -6.107230e-20
  -1.943419e-20
   4.685074e-20
   1.045097e-19
   1.202211e-19
   7.305526e-20
  -3.254420e-20
  -1.604812e-19
  -2.544021e-19
  -2.671885e-19
  -1.899165e-19
  -5.717479e-20
   7.443347e-20
   1.548773e-19
   1.573996e-19
   8.367677e-20
  -3.388801e-20
  -1.368822e-19
  -1.653936e-19
  -9.706162e-20
   3.077668e-20
   1.429244e-19
   1.799648e-19
   1.390437e-19
   6.855037e-20
   2.576982e-20
   3.516231e-20
   7.693308e-20
   1.079087e-19
   9.607732e-20
   4.507267e-20
  -8.171574e-21
  -2.231370e-20
   1.444383e-20
   7.439558e-20
   1.142232e-19
   1.110102e-19
   7.732057e-20
   4.436643e-20
   3.372208e-20
   4.525865e-20
   6.765135e-20
   9.437778e-20
   1.263872e-19
   1.599018e-19
   1.745071e-19
   1.382835e-19
   3.247694e-20
  -1.217691e-19
  -2.611057e-19
  -3.137155e-19
  -2.492434e-19
  -1.054054e-19
   3.345684e-20
   9.192489e-20
   5.174628e-20
  -4.158893e-20
  -1.159921e-19
  -1.250704e-19
  -7.777972e-20
  -2.414791e-20
  -9.374437e-21
  -3.679779e-20
  -7.449124e-20
  -9.647475e-20
  -1.093697e-19
  -1.304502e-19
  -1.452713e-19
  -1.067513e-19
   9.604347e-21
   1.567188e-19
   2.414787e-19
   2.099232e-19
   1.032933e-19
   2.327316e-20
   4.114198e-20
   1.394459e-19
   2.339825e-19
   2.459095e-19
   1.599440e-19
   2.953395e-20
  -6.689991e-20
  -8.513771e-20
  -4.667879e-20
  -1.483734e-20
  -3.097978e-20
  -6.954166e-20
  -6.276455e-20
   2.192755e-20
   1.322575e-19
   1.704421e-19
   8.893505e-20
  -5.847730e-20
  -1.694270e-19
  -1.941024e-19
  -1.720310e-19
  -1.655840e-19
  -1.746108e-19
  -1.389878e-19
  -2.478059e-20
   1.172142e-19
   1.969555e-19
   1.791636e-19
   1.126256e-19
   6.778825e-20
   6.561190e-20
   7.540998e-20
   6.424847e-20
   2.930264e-20
  -1.226136e-20
  -4.443493e-20
  -5.725312e-20
  -4.469060e-20
  -1.057026e-20
   2.574474e-20
   3.806568e-20
   1.132788e-20
  -4.674592e-20
  -1.051507e-19
  -1.185912e-19
  -5.038812e-20
   9.329921e-20
   2.466410e-19
   3.171335e-19
   2.554498e-19
   1.004267e-19
  -4.776674e-20
  -1.033567e-19
  -5.127228e-20
   5.761338e-20
   1.546392e-19
   1.997790e-19
   1.974098e-19
   1.800562e-19
   1.760253e-19
   1.848238e-19
   1.802105e-19
   1.383270e-19
   6.316076e-20
  -1.601200e-20
  -6.884890e-20
  -8.079248e-20
  -4.995832e-20
   1.653883e-20
   9.477320e-20
   1.584306e-19
   2.126928e-19
   1.882809e-19
  -2.378612e-19
  -8.538184e-19
   1.016527e-18
   7.112348e-18
   1.735168e-18
  -4.830388e-17
  -9.206508e-17
   1.676441e-16
   9.568111e-16
   8.960662e-16
  -4.328747e-15
  -1.641382e-14
  -1.436840e-14
   6.597733e-14
   2.829497e-13
   4.512464e-13
  -3.123376e-13
  -3.853030e-12
  -1.172953e-11
  -1.983269e-11
  -4.978911e-12
   1.011031e-10
   4.546808e-10
   1.362852e-09
   3.367509e-09
   7.349765e-09
   1.465254e-08
   2.721769e-08
   4.773293e-08
   7.978270e-08
   1.279963e-07
   1.981860e-07
   2.974671e-07
   4.343535e-07
   6.188201e-07
   8.623273e-07
   1.177801e-06
   1.579565e-06
   2.083222e-06
   2.705486e-06
   3.463961e-06
   4.376875e-06
   5.462770e-06
   6.740156e-06
   8.227134e-06
   9.941005e-06
   1.189786e-05
   1.411219e-05
   1.659648e-05
   1.936082e-05
   2.241263e-05
   2.575629e-05
   2.939296e-05
   3.332033e-05
   3.753257e-05
   4.202017e-05
   4.677006e-05
   5.176560e-05
   5.698673e-05
   6.241020e-05
   6.800980e-05
   7.375664e-05
   7.961950e-05
   8.556518e-05
   9.155891e-05
   9.756467e-05
   1.035456e-04
   1.094645e-04
   1.152840e-04
   1.209668e-04
   1.264765e-04
   1.317772e-04
   1.368341e-04
   1.416136e-04
   1.460837e-04
   1.502136e-04
   1.539742e-04
   1.573381e-04
   1.602797e-04
   1.627750e-04
   1.648019e-04
   1.663400e-04
   1.673709e-04
   1.678781e-04
   1.678469e-04
   1.672650e-04
   1.661219e-04
   1.644097e-04
   1.621227e-04
   1.592578e-04
   1.558147e-04
   1.517959e-04
   1.472069e-04
   1.420565e-04
   1.363565e-04
   1.301223e-04
   1.233726e-04
   1.161293e-04
   1.084181e-04
   1.002675e-04
   9.170930e-05
   8.277819e-05
   7.351141e-05
   6.394850e-05
   5.413087e-05
   4.410146e-05
   3.390421e-05
   2.358362e-05
   1.318425e-05
   2.750220e-06
  -7.675278e-06
  -1.805046e-05
  -2.833536e-05
  -3.849229e-05
  -4.848611e-05
  -5.828460e-05
  -6.785862e-05
  -7.718232e-05
  -8.623323e-05
  -9.499225e-05
  -1.034436e-04
  -1.115749e-04
  -1.193767e-04
  -1.268424e-04
  -1.339681e-04
  -1.407524e-04
  -1.471956e-04
  -1.533001e-04
  -1.590694e-04
  -1.645084e-04
  -1.696227e-04
  -1.744184e-04
  -1.789021e-04
  -1.830805e-04
  -1.869603e-04
  -1.905479e-04
  -1.938497e-04
  -1.968718e-04
  -1.996198e-04
  -2.020991e-04
  -2.043149e-04
  -2.062721e-04
  -2.079753e-04
  -2.094289e-04
  -2.106372e-04
  -2.116041e-04
  -2.123337e-04
  -2.128294e-04
  -2.130948e-04
  -2.131329e-04
  -2.129461e-04
  -2.125366e-04
  -2.119057e-04
  -2.110540e-04
  -2.099809e-04
  -2.086852e-04
  -2.071641e-04
  -2.054139e-04
  -2.034293e-04
  -2.012041e-04
  -1.987304e-04
  -1.959994e-04
  -1.930012e-04
  -1.897251e-04
  -1.861597e-04
  -1.822933e-04
  -1.781140e-04
  -1.736106e-04
  -1.687722e-04
  -1.635895e-04
  -1.580542e-04
  -1.521603e-04
  -1.459040e-04
  -1.392841e-04
  -1.323026e-04
  -1.249644e-04
  -1.172782e-04
  -1.092560e-04
  -1.009138e-04
  -9.227089e-05
  -8.335046e-05
  -7.417902e-05
  -6.478637e-05
  -5.520524e-05
  -4.547103e-05
  -3.562136e-05
  -2.569572e-05
  -1.573498e-05
  -5.780960e-06
   4.124022e-06
   1.393763e-05
   2.361791e-05
   3.312372e-05
   4.241511e-05
   5.145362e-05
   6.020260e-05
   6.862743e-05
   7.669574e-05
   8.437754e-05
   9.164535e-05
   9.847424e-05
   1.048419e-04
   1.107286e-04
   1.161172e-04
   1.209932e-04
   1.253448e-04
   1.291623e-04
   1.324390e-04
   1.351704e-04
   1.373545e-04
   1.389921e-04
   1.400863e-04
   1.406427e-04
   1.406697e-04
   1.401784e-04
   1.391824e-04
   1.376982e-04
   1.357450e-04
   1.333448e-04
   1.305222e-04
   1.273044e-04
   1.237214e-04
   1.198050e-04
   1.155896e-04
   1.111113e-04
   1.064075e-04
   1.015169e-04
   9.647926e-05
   9.133422e-05
   8.612154e-05
   8.088033e-05
   7.564865e-05
   7.046299e-05
   6.535789e-05
   6.036547e-05
   5.551508e-05
   5.083300e-05
   4.634213e-05
   4.206184e-05
   3.800785e-05
   3.419213e-05
   3.062300e-05
   2.730518e-05
   2.423996e-05
   2.142547e-05
   1.885691e-05
   1.652690e-05
   1.442586e-05
   1.254236e-05
   1.086353e-05
   9.375445e-06
   8.063510e-06
   6.912810e-06
   5.908437e-06
   5.035780e-06
   4.280767e-06
   3.630061e-06
   3.071212e-06
   2.592755e-06
   2.184270e-06
   1.836397e-06
   1.540814e-06
   1.290191e-06
   1.078119e-06
   8.990270e-07
   7.480928e-07
   6.211525e-07
   5.146178e-07
   4.254020e-07
   3.508533e-07
   2.886991e-07
   2.369959e-07
   1.940855e-07
   1.585564e-07
   1.292093e-07
   1.050279e-07
   8.515242e-08
   6.885750e-08
   5.553253e-08
   4.466480e-08
   3.582489e-08
   2.865400e-08
   2.285314e-08
   1.817379e-08
   1.440996e-08
   1.139138e-08
   8.977694e-09
   7.053520e-09
   5.524306e-09
   4.312788e-09
   3.356021e-09
   2.602886e-09
   2.011994e-09
   1.549946e-09
   1.189878e-09
   9.102514e-10
   6.938579e-10
   5.269959e-10
   3.987941e-10
   3.006578e-10
   2.258165e-10
   1.689570e-10
   1.259250e-10
   9.348472e-11
   6.912589e-11
   5.090856e-11
   3.733961e-11
   2.727452e-11
   1.983958e-11
   1.437065e-11
   1.036501e-11
   7.443790e-12
   5.322698e-12
   3.789359e-12
   2.685839e-12
   1.895218e-12
   1.331340e-12
   9.310148e-13
   6.481114e-13
   4.491148e-13
   3.097921e-13
   2.127063e-13
   1.453719e-13
   9.889307e-14
   6.696265e-14
   4.513149e-14
   3.027660e-14
   2.021698e-14
   1.343721e-14
   8.889802e-15
   5.854319e-15
   3.837738e-15
   2.504351e-15
   1.626825e-15
   1.052040e-15
   6.773427e-16
   4.342193e-16
   2.771725e-16
   1.761736e-16
   1.115252e-16
   7.034754e-17
   4.422352e-17
   2.768567e-17
   1.724219e-17
   1.068365e-17
   6.589267e-18
   4.044331e-18
   2.471674e-18
   1.495581e-18
   8.820135e-19
   5.213619e-19
   3.454007e-19
   2.495189e-19
   1.542971e-19
   8.058481e-20
   6.733880e-20
   7.484332e-20
   4.509883e-20
  -9.767083e-21
  -3.913597e-20
  -2.529188e-20
   5.872525e-21
   1.710519e-20
  -2.388507e-21
  -2.307039e-20
  -2.921736e-21
   7.632308e-20
   1.899658e-19
   2.702291e-19
   2.575272e-19
   1.790437e-19
   1.307439e-19
   1.527137e-19
   1.755896e-19
   1.207688e-19
   4.345052e-21
  -8.839022e-20
  -1.007938e-19
  -5.453342e-20
  -7.552462e-21
   1.901875e-20
   4.217174e-20
   5.637603e-20
   3.501989e-20
  -5.003170e-21
  -1.379666e-20
   1.034679e-20
   2.082750e-20
   3.373184e-21
  -5.131154e-21
   2.675455e-20
   8.735897e-20
   1.274434e-19
   9.585610e-20
  -4.297836e-21
  -9.975537e-20
  -1.155629e-19
  -5.442507e-20
   1.742734e-20
   5.778668e-20
   8.395808e-20
   1.102370e-19
   1.018602e-19
   3.905987e-20
  -9.190703e-21
   5.333309e-20
   2.154836e-19
   3.432156e-19
   3.172371e-19
   1.569507e-19
  -7.666131e-21
  -6.953377e-20
  -3.006958e-20
   3.964587e-20
   8.824015e-20
   1.140856e-19
   1.303175e-19
   1.360628e-19
   1.241016e-19
   9.886328e-20
   8.021219e-20
   8.653691e-20
   1.097063e-19
   1.131951e-19
   6.433527e-20
  -3.053763e-20
  -1.231357e-19
  -1.561923e-19
  -1.056093e-19
   4.792126e-21
   1.257209e-19
   2.106641e-19
   2.246760e-19
   1.545154e-19
   3.587810e-20
  -4.836215e-20
  -3.688369e-20
   4.236588e-20
   1.039617e-19
   1.053412e-19
   8.482374e-20
   9.532114e-20
   1.306012e-19
   1.340847e-19
   6.749418e-20
  -4.517771e-20
  -1.439101e-19
  -1.931832e-19
  -2.023652e-19
  -1.560057e-19
  -9.658028e-20
   1.459784e-20
   1.136420e-19
   1.285929e-19
   8.343926e-20
   6.227250e-20
   9.660921e-20
   1.267385e-19
   6.931769e-20
  -7.322219e-20
  -1.809271e-19
  -1.442290e-19
  -2.025802e-20
   1.942503e-20
  -8.220097e-20
  -1.785768e-19
  -1.146818e-19
   5.257895e-20
   1.134302e-19
  -2.570499e-20
  -2.176663e-19
  -2.663425e-19
  -1.752750e-19
  -1.038335e-19
  -1.153600e-19
  -1.167534e-19
  -5.065140e-20
   1.538459e-20
   2.870564e-20
   3.723627e-20
   8.537792e-20
   1.284242e-19
   9.778422e-20
   1.504227e-21
  -6.449070e-20
  -7.397284e-21
   1.428735e-19
   2.288067e-19
   1.255716e-19
  -1.148528e-19
  -3.132869e-19
  -3.264168e-19
  -1.574967e-19
   3.821020e-20
   7.339895e-20
  -7.502777e-20
  -2.169990e-19
  -1.665888e-19
   2.706357e-20
   1.316557e-19
  -6.035061e-21
  -2.833741e-19
  -4.247267e-19
  -2.608999e-19
   7.300450e-20
   2.706819e-19
   1.827661e-19
  -4.172556e-20
  -1.335364e-19
   1.132125e-20
   2.232403e-19
   2.535464e-19
   8.272695e-20
  -4.915509e-20
   3.202378e-20
   1.964118e-19
   2.034606e-19
   2.521243e-20
  -1.679499e-19
  -2.641054e-19
  -2.928954e-19
  -2.995168e-19
  -2.697961e-19
  -1.693462e-19
  -2.593496e-20
   2.267161e-20
  -1.246542e-19
  -3.134085e-19
  -2.713251e-19
   7.869554e-21
   2.555323e-19
   2.994867e-19
   2.153483e-19
   1.388583e-19
   1.189292e-19
   1.133967e-19
   3.818475e-20
  -1.020804e-19
  -1.595509e-19
  -5.162545e-20
   6.976576e-20
   2.381234e-20
  -1.343525e-19
  -2.360650e-19
  -2.826219e-19
  -4.052433e-19
  -6.401599e-19
  -9.709238e-19
  -1.507319e-18
  -2.437614e-18
  -3.949541e-18
  -6.403316e-18
  -1.049212e-17
  -1.716506e-17
  -2.769970e-17
  -4.422631e-17
  -7.034745e-17
  -1.116099e-16
  -1.763187e-16
  -2.772508e-16
  -4.342095e-16
  -6.773786e-16
  -1.052254e-15
  -1.627283e-15
  -2.505117e-15
  -3.838872e-15
  -5.855834e-15
  -8.891748e-15
  -1.343982e-14
  -2.022060e-14
  -3.028160e-14
  -4.513823e-14
  -6.697169e-14
  -9.890509e-14
  -1.453879e-13
  -2.127274e-13
  -3.098202e-13
  -4.491521e-13
  -6.481604e-13
  -9.310791e-13
  -1.331424e-12
  -1.895327e-12
  -2.685979e-12
  -3.789540e-12
  -5.322930e-12
  -7.444086e-12
  -1.036539e-11
  -1.437112e-11
  -1.984018e-11
  -2.727526e-11
  -3.734054e-11
  -5.090971e-11
  -6.912731e-11
  -9.348648e-11
  -1.259271e-10
  -1.689597e-10
  -2.258197e-10
  -3.006616e-10
  -3.987988e-10
  -5.270015e-10
  -6.938647e-10
  -9.102595e-10
  -1.189888e-09
  -1.549958e-09
  -2.012007e-09
  -2.602902e-09
  -3.356040e-09
  -4.312811e-09
  -5.524332e-09
  -7.053551e-09
  -8.977730e-09
  -1.139142e-08
  -1.441001e-08
  -1.817384e-08
  -2.285320e-08
  -2.865407e-08
  -3.582497e-08
  -4.466489e-08
  -5.553263e-08
  -6.885763e-08
  -8.515258e-08
  -1.050281e-07
  -1.292095e-07
  -1.585565e-07
  -1.940857e-07
  -2.369962e-07
  -2.886997e-07
  -3.508541e-07
  -4.254025e-07
  -5.146176e-07
  -6.211518e-07
  -7.480942e-07
  -8.990353e-07
  -1.078141e-06
  -1.290234e-06
  -1.540891e-06
  -1.836542e-06
  -2.184587e-06
  -2.593509e-06
  -3.073003e-06
  -3.634088e-06
  -4.289221e-06
  -5.052395e-06
  -5.939215e-06
  -6.966948e-06
  -8.154543e-06
  -9.522605e-06
  -1.109334e-05
  -1.289042e-05
  -1.493888e-05
  -1.726482e-05
  -1.989525e-05
  -2.285770e-05
  -2.617992e-05
  -2.988948e-05
  -3.401338e-05
  -3.857759e-05
  -4.360659e-05
  -4.912299e-05
  -5.514699e-05
  -6.169604e-05
  -6.878438e-05
  -7.642270e-05
  -8.461781e-05
  -9.337238e-05
  -1.026847e-04
  -1.125485e-04
  -1.229530e-04
  -1.338827e-04
  -1.453175e-04
  -1.572327e-04
  -1.695993e-04
  -1.823843e-04
  -1.955504e-04
  -2.090570e-04
  -2.228601e-04
  -2.369128e-04
  -2.511655e-04
  -2.655665e-04
  -2.800622e-04
  -2.945978e-04
  -3.091171e-04
  -3.235635e-04
  -3.378799e-04
  -3.520093e-04
  -3.658950e-04
  -3.794809e-04
  -3.927117e-04
  -4.055332e-04
  -4.178929e-04
  -4.297394e-04
  -4.410237e-04
  -4.516982e-04
  -4.617181e-04
  -4.710406e-04
  -4.796256e-04
  -4.874358e-04
  -4.944369e-04
  -5.005974e-04
  -5.058895e-04
  -5.102886e-04
  -5.137735e-04
  -5.163270e-04
  -5.179355e-04
  -5.185894e-04
  -5.182829e-04
  -5.170144e-04
  -5.147863e-04
  -5.116047e-04
  -5.074799e-04
  -5.024259e-04
  -4.964603e-04
  -4.896043e-04
  -4.818824e-04
  -4.733220e-04
  -4.639533e-04
  -4.538089e-04
  -4.429235e-04
  -4.313337e-04
  -4.190773e-04
  -4.061932e-04
  -3.927210e-04
  -3.787007e-04
  -3.641721e-04
  -3.491748e-04
  -3.337479e-04
  -3.179292e-04
  -3.017560e-04
  -2.852637e-04
  -2.684869e-04
  -2.514580e-04
  -2.342083e-04
  -2.167673e-04
  -1.991627e-04
  -1.814207e-04
  -1.635661e-04
  -1.456219e-04
  -1.276100e-04
  -1.095511e-04
  -9.146448e-05
  -7.336877e-05
  -5.528162e-05
  -3.721999e-05
  -1.920029e-05
  -1.238469e-06
   1.664987e-05
   3.444935e-05
   5.214477e-05
   6.972101e-05
   8.716297e-05
   1.044555e-04
   1.215835e-04
   1.385316e-04
   1.552844e-04
   1.718264e-04
   1.881418e-04
   2.042148e-04
   2.200291e-04
   2.355686e-04
   2.508164e-04
   2.657559e-04
   2.803696e-04
   2.946401e-04
   3.085495e-04
   3.220793e-04
   3.352109e-04
   3.479251e-04
   3.602021e-04
   3.720221e-04
   3.833645e-04
   3.942087e-04
   4.045335e-04
   4.143177e-04
   4.235401e-04
   4.321794e-04
   4.402146e-04
   4.476251e-04
   4.543908e-04
   4.604926e-04
   4.659123e-04
   4.706329e-04
   4.746390e-04
   4.779169e-04
   4.804548e-04
   4.822433e-04
   4.832751e-04
   4.835457e-04
   4.830531e-04
   4.817983e-04
   4.797853e-04
   4.770211e-04
   4.735157e-04
   4.692822e-04
   4.643368e-04
   4.586985e-04
   4.523893e-04
   4.454339e-04
   4.378596e-04
   4.296960e-04
   4.209749e-04
   4.117302e-04
   4.019974e-04
   3.918136e-04
   3.812173e-04
   3.702476e-04
   3.589450e-04
   3.473501e-04
   3.355042e-04
   3.234485e-04
   3.112243e-04
   2.988727e-04
   2.864342e-04
   2.739491e-04
   2.614566e-04
   2.489952e-04
   2.366025e-04
   2.243149e-04
   2.121675e-04
   2.001941e-04
   1.884269e-04
   1.768967e-04
   1.656324e-04
   1.546610e-04
   1.440077e-04
   1.336955e-04
   1.237453e-04
   1.141758e-04
   1.050030e-04
   9.624083e-05
   8.790035e-05
   7.999022e-05
   7.251640e-05
   6.548225e-05
   5.888845e-05
   5.273311e-05
   4.701181e-05
   4.171764e-05
   3.684141e-05
   3.237170e-05
   2.829509e-05
   2.459633e-05
   2.125854e-05
   1.826349e-05
   1.559178e-05
   1.322314e-05
   1.113667e-05
   9.311117e-06
   7.725104e-06
   6.357393e-06
   5.187112e-06
   4.193968e-06
   3.358439e-06
   2.661942e-06
   2.086972e-06
   1.617216e-06
   1.237634e-06
   9.345136e-07
   6.954954e-07
   5.095711e-07
   3.670565e-07
   2.595433e-07
   1.798306e-07
   1.218417e-07
   8.052898e-08
   5.177020e-08
   3.226052e-08
   1.940365e-08
   1.120511e-08
   6.170549e-09
   3.211431e-09
   1.559890e-09
   6.939840e-10
   2.740264e-10
   9.011324e-11
   2.048026e-11
  -1.266473e-13
  -3.229115e-12
  -1.975606e-12
  -6.700576e-13
  -7.267676e-14
   6.493990e-14
   4.461415e-14
   1.160871e-14
  -1.572437e-15
  -2.465824e-15
  -7.568037e-16
   8.931498e-17
   1.457283e-16
   3.401555e-17
  -1.146380e-17
  -8.153902e-18
  -3.644307e-19
   1.094379e-18
   2.726501e-19
  -1.058743e-19
  -5.451301e-20
   7.345458e-21
   8.247634e-21
  -2.478066e-22
  -1.114201e-21
  -2.140658e-23
   1.439743e-22
   3.997066e-24
  -1.826220e-23
   3.708643e-26
   2.251912e-24
  -1.529961e-25
  -2.582043e-25
   4.426995e-26
   2.507820e-26
  -8.511227e-27
  -1.584567e-27
   1.227360e-27
  -4.760907e-29
  -1.259554e-28
   3.209673e-29
   6.223997e-30
  -4.926817e-30
   6.148926e-31
   3.443273e-31
  -1.613357e-31
   1.336553e-32
   1.196983e-32
  -5.216362e-33
   5.953965e-34
   2.943346e-34
  -1.636038e-34
   3.367613e-35
   2.175878e-36
  -3.958749e-36
   1.425342e-36
  -2.456330e-37
  -1.991419e-38
   3.024432e-38
  -1.197991e-38
   2.975703e-39
  -4.027916e-40
  -5.146645e-41
   5.796213e-41
  -2.479923e-41
   8.009833e-42
  -2.202262e-42
   5.398109e-43
  -1.207797e-43
   2.501646e-44
  -4.840748e-45
   8.806092e-46
  -1.512703e-46
   2.461200e-47
  -3.800174e-48
   5.573328e-49
  -7.762224e-50
   1.024985e-50
  -1.278594e-51
   1.496302e-52
  -1.621279e-53
   1.583144e-54
  -1.303807e-55
   7.064492e-57
   2.732775e-58
  -1.675417e-58
   3.505242e-59
  -5.726219e-60
   8.258050e-61
  -1.098068e-61
   1.374412e-62
  -1.638285e-63
   1.873284e-64
  -2.064861e-65
   2.201797e-66
  -2.277225e-67
   2.289104e-68
  -2.240104e-69
   2.136974e-70
  -1.989525e-71
   1.809417e-72
  -1.608907e-73
   1.399736e-74
  -1.192254e-75
   9.948421e-77
  -8.136429e-78
   6.525573e-79
  -5.134550e-80
   3.965188e-81
  -3.006554e-82
   2.239096e-83
  -1.638400e-84
   1.178275e-85
  -8.330700e-87
   5.792225e-88
  -3.961443e-89
   2.665720e-90
  -1.765359e-91
   1.150820e-92
  -7.386405e-94
   4.668746e-95
  -2.906671e-96
   1.782803e-97
  -1.077464e-98
  6.417576e-100
 -3.767756e-101
  2.180768e-102
 -1.244572e-103
  7.004573e-105
 -3.888290e-106
  2.129185e-107
 -1.150288e-108
  6.131922e-110
 -3.225822e-111
  1.674917e-112
 -8.584369e-114
  4.343482e-115
 -2.169864e-116
  1.070388e-117
 -5.214488e-119
  2.508941e-120
 -1.192402e-121
  5.598260e-123
 -2.596713e-124
  1.190083e-125
 -5.389570e-127
  2.412094e-128
 -1.066931e-129
  4.664645e-131
 -2.015941e-132
  8.612919e-134
 -3.638073e-135
  1.519412e-136
 -6.274752e-138
  2.562521e-139
 -1.034952e-140
  4.134154e-142
 -1.633419e-143
  6.383856e-145
 -2.468157e-146
  9.440512e-148
 -3.572562e-149
  1.337682e-150
 -4.956129e-152
  1.817084e-153
 -6.592896e-155
  2.367401e-156
 -8.413697e-158
  2.959687e-159
 -1.030558e-160
  3.552147e-162
 -1.212059e-163
  4.094432e-165
 -1.369377e-166
  4.534541e-168
 -1.486778e-169
  4.827056e-171
 -1.551896e-172
  4.940907e-174
 -1.557882e-175
  4.864809e-177
 -1.504594e-178
  4.609073e-180
 -1.398515e-181
  4.203372e-183
 -1.251479e-184
  3.691146e-186
 -1.078520e-187
  3.122059e-189
 -8.953983e-191
  2.544308e-192
 -7.163368e-194
  1.998363e-195
 -5.524036e-197
  1.513137e-198
 -4.107282e-200
  1.104840e-201
 -2.945286e-203
  7.781300e-205
 -2.037452e-206
  5.287449e-208
 -1.360010e-209
  3.467269e-211
 -8.761843e-213
  2.194715e-214
 -5.449389e-216
  1.341270e-217
 -3.272619e-219
  7.915834e-221
 -1.898153e-222
  4.512428e-224
 -1.063517e-225
  2.485105e-227
 -5.757331e-229
  1.322465e-230
 -3.011923e-232
  6.801583e-234
 -1.522973e-235
  3.381425e-237
 -7.444613e-239
  1.625280e-240
 -3.518577e-242
  7.553831e-244
 -1.608190e-245
  3.395357e-247
 -7.109186e-249
  1.476212e-250
 -3.040040e-252
  6.208972e-254
 -1.257700e-255
  2.526730e-257
 -5.034681e-259
  9.950006e-261
 -1.950382e-262
  3.791995e-264
 -7.312633e-266
  1.398762e-267
 -2.653899e-269
  4.994604e-271
 -9.323941e-273
  1.726575e-274
 -3.171496e-276
  5.778844e-278
 -1.044530e-279
  1.872874e-281
 -3.331264e-283
  5.877962e-285
 -1.028883e-286
  1.786616e-288
 -3.077698e-290
  5.259623e-292
 -8.917036e-294
  1.499779e-295
 -2.502524e-297
  4.142634e-299
 -6.803388e-301
  1.108478e-302
 -1.791779e-304
  2.873425e-306
 -4.571678e-308
  7.216285e-310
 -1.130097e-311
  1.755836e-313
 -2.706568e-315
  4.139257e-317
 -6.280562e-319
  9.446535e-321
 -1.383384e-322
   0.000000e+00
   0.000000e+00
   0.000000e+00
   0.000000e+00
   0.000000e+00
   0.000000e+00
   0.000000e+00
   0.000000e+00
   0.000000e+00
   0.000000e+00
   0.000000e+00
   0.000000e+00
   0.000000e+00
   0.000000e+00
   0.000000e+00
   0.000000e+00
   0.000000e+00
   0.000000e+00
   0.000000e+00
   0.000000e+00
   0.000000e+00
   0.000000e+00
   0.000000e+00
   0.000000e+00
   0.000000e+00
   0.000000e+00
   0.000000e+00
   0.000000e+00
   0.000000e+00
   0.000000e+00
   0.000000e+00
   0.000000e+00
   0.000000e+00
   0.000000e+00
   0.000000e+00
   0.000000e+00
   0.000000e+00
   0.000000e+00
   0.000000e+00
   0.000000e+00
   0.000000e+00
   0.000000e+00
   0.000000e+00
   0.000000e+00
   0.000000e+00
   0.000000e+00
   0.000000e+00
   0.000000e+00
   0.000000e+00
   0.000000e+00
   0.000000e+00
   0.000000e+00
   0.000000e+00
   0.000000e+00
   0.000000e+00
   0.000000e+00
   0.000000e+00
   0.000000e+00
   0.000000e+00
   0.000000e+00
   0.000000e+00
   0.000000e+00
   0.000000e+00
   0.000000e+00
   0.000000e+00
   0.000000e+00
   0.000000e+00
   0.000000e+00
   0.000000e+00
   0.000000e+00
   0.000000e+00
   0.000000e+00
   0.000000e+00
   0.000000e+00
   0.000000e+00
   0.000000e+00
   0.000000e+00
   0.000000e+00
   0.000000e+00
   0.000000e+00
   0.000000e+00
   0.000000e+00
   0.000000e+00
   0.000000e+00
   0.000000e+00
   0.000000e+00
   0.000000e+00
   0.000000e+00
   0.000000e+00
   0.000000e+00
   0.000000e+00
   0.000000e+00
   0.000000e+00
   0.000000e+00
   0.000000e+00
   0.000000e+00
   0.000000e+00
   0.000000e+00
   0.000000e+00
   0.000000e+00
   0.000000e+00
   0.000000e+00
   0.000000e+00
   0.000000e+00
   0.000000e+00
   0.000000e+00
