   0.000000e+00
   0.000000e+00
  -6.556600e-22
  -4.695765e-22
  -2.630449e-22
  -1.103954e-22
  -5.985292e-23
  -7.419973e-23
  -6.390803e-23
   3.656413e-23
   2.014621e-22
   3.119589e-22
   2.309711e-22
  -9.349446e-23
  -5.706531e-22
  -9.997447e-22
  -1.175988e-21
  -1.006581e-21
  -5.759192e-22
  -1.357122e-22
  -2.589028e-23
  -5.382094e-22
  -1.743858e-21
  -3.352842e-21
  -4.729580e-21
  -5.164103e-21
  -4.332137e-21
  -2.657616e-21
  -1.233678e-21
  -1.212001e-21
  -3.010287e-21
  -5.942035e-21
  -8.638366e-21
  -1.001344e-20
  -1.002999e-20
  -9.630244e-21
  -9.880270e-21
  -1.105245e-20
  -1.241721e-20
  -1.286991e-20
  -1.177308e-20
  -9.245694e-21
  -5.710661e-21
  -1.254358e-21
   4.457949e-21
   1.151392e-20
   1.891384e-20
   2.443069e-20
   2.556170e-20
   2.107672e-20
   1.208674e-20
   1.773075e-21
  -6.156235e-21
  -9.246179e-21
  -7.060000e-21
  -5.203198e-22
   9.292740e-21
   2.145035e-20
   3.407070e-20
   4.304400e-20
   4.271238e-20
   2.934530e-20
   5.459710e-21
  -1.881814e-20
  -2.989951e-20
  -1.891370e-20
   1.134717e-20
   4.620510e-20
   6.693787e-20
   6.224402e-20
   3.575081e-20
   4.087290e-21
  -1.375167e-20
  -8.912635e-21
   1.143376e-20
   2.910503e-20
   2.765240e-20
   4.166671e-21
  -2.810297e-20
  -4.830292e-20
  -4.194006e-20
  -1.077380e-20
   2.794675e-20
   5.215663e-20
   4.831375e-20
   1.884922e-20
  -2.043242e-20
  -5.044241e-20
  -5.937406e-20
  -4.725508e-20
  -2.271137e-20
   4.418942e-21
   2.865861e-20
   4.893446e-20
   6.429904e-20
   7.020270e-20
   5.959545e-20
   2.871753e-20
  -1.712295e-20
  -6.321812e-20
  -9.206900e-20
  -9.295891e-20
  -6.799555e-20
  -3.056162e-20
   2.559923e-21
   2.006144e-20
   2.061048e-20
   1.101643e-20
   2.383418e-22
  -6.376795e-21
  -8.961585e-21
  -1.044698e-20
  -1.210301e-20
  -1.152149e-20
  -5.225520e-21
   6.296068e-21
   1.627932e-20
   1.538855e-20
  -1.009194e-21
  -2.862258e-20
  -5.751031e-20
  -8.011745e-20
  -9.627723e-20
  -1.101619e-19
  -1.225622e-19
  -1.272803e-19
  -1.166968e-19
  -9.191107e-20
  -6.701716e-20
  -6.149900e-20
  -8.572822e-20
  -1.316995e-19
  -1.773815e-19
  -2.015328e-19
  -1.969252e-19
  -1.716309e-19
  -1.387172e-19
  -1.046344e-19
  -6.688424e-20
  -2.221607e-20
   2.352039e-20
   5.423710e-20
   5.333665e-20
   1.653989e-20
  -4.248175e-20
  -9.768966e-20
  -1.231769e-19
  -1.050654e-19
  -4.774367e-20
   2.715888e-20
   8.917994e-20
   1.134163e-19
   9.539347e-20
   5.687890e-20
   3.549869e-20
   6.165535e-20
   1.375784e-19
   2.342596e-19
   3.094423e-19
   3.334668e-19
   3.039848e-19
   2.406430e-19
   1.676158e-19
   1.001796e-19
   4.458422e-20
   6.048199e-21
  -7.769136e-21
   6.009315e-21
   3.475820e-20
   4.969698e-20
   2.119349e-20
  -5.912865e-20
  -1.670542e-19
  -2.563820e-19
  -2.862552e-19
  -2.468908e-19
  -1.658265e-19
  -9.023065e-20
  -5.718581e-20
  -7.163248e-20
  -1.058935e-19
  -1.198213e-19
  -8.712334e-20
  -1.055695e-20
   8.214471e-20
   1.560345e-19
   1.869893e-19
   1.696000e-19
   1.140624e-19
   3.857279e-20
  -3.634304e-20
  -9.035572e-20
  -1.057246e-19
  -7.212252e-20
   7.277465e-21
   1.127699e-19
   2.122956e-19
   2.733312e-19
   2.776749e-19
   2.306038e-19
   1.573083e-19
   8.702604e-20
   3.469173e-20
  -6.549455e-21
  -5.555587e-20
  -1.230699e-19
  -1.972227e-19
  -2.470941e-19
  -2.428072e-19
  -1.774114e-19
  -7.396010e-20
   2.788277e-20
   9.626274e-20
   1.251235e-19
   1.330570e-19
   1.443152e-19
   1.667029e-19
   1.841156e-19
   1.709675e-19
   1.181660e-19
   4.882082e-20
   7.295609e-21
   2.600579e-20
   9.506726e-20
   1.619517e-19
   1.666375e-19
   8.806248e-20
  -3.478845e-20
  -1.263887e-19
  -1.272663e-19
  -3.660562e-20
   8.694980e-20
   1.660442e-19
   1.560426e-19
   7.071574e-20
  -3.270550e-20
  -9.424520e-20
  -8.757930e-20
  -2.993634e-20
   3.534304e-20
   6.731650e-20
   4.860980e-20
  -9.266065e-21
  -7.412088e-20
  -1.084325e-19
  -8.650072e-20
  -8.062232e-21
   9.910481e-20
   1.931136e-19
   2.435095e-19
   2.511653e-19
   2.450288e-19
   2.554713e-19
   2.855687e-19
   3.060729e-19
   2.799009e-19
   1.950498e-19
   7.702798e-20
  -2.897632e-20
  -8.892437e-20
  -9.772960e-20
  -7.373575e-20
  -4.114865e-20
  -1.743154e-20
  -1.089479e-20
  -2.158474e-20
  -3.998793e-20
  -4.777896e-20
  -2.712781e-20
   2.504378e-20
   9.124217e-20
   1.443491e-19
   1.668666e-19
   1.602488e-19
   1.360486e-19
   1.005166e-19
   5.179809e-20
  -5.661773e-21
  -4.641004e-20
  -3.028623e-20
   6.835986e-20
   2.312294e-19
   3.940314e-19
   4.787878e-19
   4.395951e-19
   2.901185e-19
   9.509160e-20
  -6.633918e-20
  -1.407168e-19
  -1.210753e-19
  -4.125720e-20
   4.733894e-20
   1.009366e-19
   9.870482e-20
   4.522327e-20
  -3.611227e-20
  -1.133264e-19
  -1.562469e-19
  -1.453573e-19
  -7.744691e-20
   3.390787e-20
   1.634044e-19
   2.819611e-19
   3.635121e-19
   3.888746e-19
   3.486814e-19
   2.480359e-19
   1.113370e-19
  -1.920480e-20
  -9.683698e-20
  -9.210245e-20
  -1.035890e-20
   1.085659e-19
   2.106873e-19
   2.552627e-19
   2.311961e-19
   1.540584e-19
   5.093488e-20
  -5.277483e-20
  -1.375301e-19
  -1.893732e-19
  -2.025944e-19
  -1.844758e-19
  -1.534181e-19
  -1.259134e-19
  -1.011754e-19
  -5.946733e-20
   1.947027e-20
   1.308792e-19
   2.353935e-19
   2.776841e-19
   2.223750e-19
   8.106616e-20
  -8.975559e-20
  -2.188601e-19
  -2.586235e-19
  -2.086444e-19
  -1.132390e-19
  -3.679537e-20
  -3.071037e-20
  -1.075370e-19
  -2.341883e-19
  -3.481410e-19
  -3.896179e-19
  -3.328992e-19
  -1.986028e-19
  -3.986026e-20
   8.736113e-20
   1.494461e-19
   1.414219e-19
   7.661359e-20
  -2.594105e-20
  -1.448160e-19
  -2.521579e-19
  -3.137098e-19
  -3.006170e-19
  -2.081041e-19
  -6.691387e-20
   6.427711e-20
   1.254718e-19
   8.805056e-20
  -2.569709e-20
  -1.508715e-19
  -2.155857e-19
  -1.845308e-19
  -8.155478e-20
   2.694428e-20
   7.843181e-20
   5.688453e-20
  -7.638663e-22
  -3.823954e-20
  -2.465533e-20
   2.654525e-20
   7.692516e-20
   9.886465e-20
   9.355567e-20
   7.713257e-20
   5.354361e-20
   5.871796e-21
  -8.153436e-20
  -1.909571e-19
  -2.645153e-19
  -2.379905e-19
  -9.290913e-20
   1.163682e-19
   2.871795e-19
   3.300544e-19
   2.221845e-19
   1.498772e-20
  -2.045071e-19
  -3.642691e-19
  -4.333571e-19
  -4.147363e-19
  -3.249137e-19
  -1.842017e-19
  -2.136269e-20
   1.229822e-19
   2.080716e-19
   2.148750e-19
   1.587484e-19
   7.902784e-20
   1.151645e-20
  -3.503987e-20
  -8.008391e-20
  -1.488912e-19
  -2.433853e-19
  -3.283870e-19
  -3.458934e-19
  -2.513766e-19
  -4.982446e-20
   1.940359e-19
   3.830456e-19
   4.397649e-19
   3.515144e-19
   1.775835e-19
   1.201568e-20
  -7.333495e-20
  -6.647219e-20
  -9.989337e-21
   3.757961e-20
   4.098681e-20
   9.511369e-22
  -6.018801e-20
  -1.192630e-19
  -1.614093e-19
  -1.776240e-19
  -1.624859e-19
  -1.180520e-19
  -5.778664e-20
  -2.417329e-21
   3.068872e-20
   3.531340e-20
   1.602250e-20
  -1.643754e-20
  -4.819338e-20
  -6.452743e-20
  -5.573197e-20
  -2.448283e-20
   1.484530e-20
   4.964683e-20
   8.456990e-20
   1.406224e-19
   2.330846e-19
   3.471076e-19
   4.372923e-19
   4.568996e-19
   3.926184e-19
   2.733823e-19
   1.460205e-19
   4.229350e-20
  -3.184153e-20
  -7.934157e-20
  -9.194181e-20
  -5.329365e-20
   3.582158e-20
   1.389150e-19
   1.974014e-19
   1.699233e-19
   6.293602e-20
  -7.589194e-20
  -1.947230e-19
  -2.693870e-19
  -3.015966e-19
  -2.914427e-19
  -2.199156e-19
  -6.680376e-20
   1.500588e-19
   3.566232e-19
   4.545161e-19
   3.865301e-19
   1.840003e-19
  -4.621574e-20
  -1.894715e-19
  -1.951230e-19
  -9.890049e-20
   1.645023e-20
   8.560797e-20
   9.815398e-20
   8.551561e-20
   7.823565e-20
   7.559581e-20
   5.219995e-20
  -1.009720e-20
  -9.775892e-20
  -1.712679e-19
  -1.948479e-19
  -1.636060e-19
  -1.052544e-19
  -5.574468e-20
  -2.959580e-20
  -1.007145e-20
   3.130703e-20
   1.009586e-19
   1.650033e-19
   1.675482e-19
   7.688219e-20
  -7.692523e-20
  -2.093113e-19
  -2.357937e-19
  -1.346187e-19
   3.312320e-20
   1.639224e-19
   1.813643e-19
   8.138801e-20
  -7.584337e-20
  -2.116324e-19
  -2.726146e-19
  -2.472898e-19
  -1.586592e-19
  -4.930049e-20
   3.342741e-20
   5.433797e-20
   7.385330e-21
  -7.966099e-20
  -1.619850e-19
  -2.067938e-19
  -2.118966e-19
  -1.991697e-19
  -1.911469e-19
  -1.928538e-19
  -1.926623e-19
  -1.762640e-19
  -1.378251e-19
  -7.982896e-20
  -6.815540e-21
   7.702737e-20
   1.635407e-19
   2.358174e-19
   2.707612e-19
   2.503445e-19
   1.752820e-19
   7.169081e-20
  -1.612675e-20
  -4.651815e-20
  -5.222280e-21
   8.220397e-20
   1.625392e-19
   1.874489e-19
   1.441314e-19
   5.978036e-20
  -2.377396e-20
  -8.209572e-20
  -1.175326e-19
  -1.398605e-19
  -1.425051e-19
  -1.038612e-19
  -1.569614e-20
   9.159964e-20
   1.588370e-19
   1.416181e-19
   5.083113e-20
  -4.838009e-20
  -8.232707e-20
  -2.321613e-20
   9.091214e-20
   1.845943e-19
   1.971907e-19
   1.193298e-19
  -9.143759e-21
  -1.314868e-19
  -2.091785e-19
  -2.365993e-19
  -2.315590e-19
  -2.152170e-19
  -1.980173e-19
  -1.785820e-19
  -1.508908e-19
  -1.112787e-19
  -6.138597e-20
  -8.746352e-21
   3.344517e-20
   4.983614e-20
   3.217500e-20
  -1.026210e-20
  -5.020237e-20
  -5.831667e-20
  -2.668304e-20
   2.027352e-20
   4.016693e-20
   3.331885e-21
  -8.501970e-20
  -1.892450e-19
  -2.688790e-19
  -3.024148e-19
  -2.910576e-19
  -2.451175e-19
  -1.711656e-19
  -7.360236e-20
   3.393852e-20
   1.243120e-19
   1.701047e-19
   1.655473e-19
   1.359926e-19
   1.223180e-19
   1.502543e-19
   2.098084e-19
   2.621483e-19
   2.674416e-19
   2.102189e-19
   1.044328e-19
  -1.930327e-20
  -1.285475e-19
  -1.956946e-19
  -2.005570e-19
  -1.376586e-19
  -2.693771e-20
   8.511034e-20
   1.441799e-19
   1.198283e-19
   2.732451e-20
  -8.055130e-20
  -1.500415e-19
  -1.650979e-19
  -1.566648e-19
  -1.725164e-19
  -2.308008e-19
  -2.969990e-19
  -3.066844e-19
  -2.175218e-19
  -4.742553e-20
   1.332122e-19
   2.479984e-19
   2.609216e-19
   1.881161e-19
   7.375031e-20
  -4.228153e-20
  -1.379964e-19
  -2.018531e-19
  -2.221678e-19
  -1.888584e-19
  -1.046738e-19
   8.823394e-21
   1.187660e-19
   1.950570e-19
   2.186541e-19
   1.814662e-19
   8.665005e-20
  -4.474793e-20
  -1.695246e-19
  -2.357110e-19
  -2.139371e-19
  -1.234136e-19
  -2.499410e-20
   2.021792e-20
  -4.629229e-21
  -6.135406e-20
  -8.753062e-20
  -4.203087e-20
   6.917743e-20
   2.000050e-19
   2.920543e-19
   3.040481e-19
   2.306755e-19
   1.053770e-19
  -1.539390e-20
  -8.183301e-20
  -7.821504e-20
  -2.884261e-20
   2.227097e-20
   4.161243e-20
   2.309830e-20
  -1.729821e-20
  -5.874841e-20
  -8.835813e-20
  -1.029444e-19
  -1.043556e-19
  -9.484696e-20
  -7.460261e-20
  -4.096674e-20
   9.967925e-21
   7.876869e-20
   1.575926e-19
   2.294805e-19
   2.743368e-19
   2.784973e-19
   2.418522e-19
   1.783556e-19
   1.099816e-19
   5.751433e-20
   3.279657e-20
   3.600634e-20
   5.809055e-20
   8.454249e-20
   9.664892e-20
   7.193548e-20
  -9.072788e-21
  -1.465690e-19
  -3.056862e-19
  -4.201256e-19
  -4.242485e-19
  -2.977068e-19
  -8.924562e-20
   1.035988e-19
   1.895815e-19
   1.366503e-19
  -1.299401e-20
  -1.729360e-19
  -2.637720e-19
  -2.513659e-19
  -1.526067e-19
  -1.355563e-20
   1.196894e-19
   2.187570e-19
   2.740182e-19
   2.864109e-19
   2.612648e-19
   2.089941e-19
   1.479152e-19
   1.004224e-19
   7.988221e-20
   7.747302e-20
   6.394616e-20
   1.154682e-20
  -7.890679e-20
  -1.720737e-19
  -2.254874e-19
  -2.299398e-19
  -2.210644e-19
  -2.385704e-19
  -2.687853e-19
  -2.648769e-19
  -3.026405e-19
  -6.889972e-19
  -1.488312e-18
  -1.129815e-18
   4.391636e-18
   1.693906e-17
   2.164302e-17
  -2.876950e-17
  -1.897692e-16
  -3.936500e-16
  -1.978812e-16
   1.364137e-15
   5.178482e-15
   9.694623e-15
   6.280182e-15
  -2.588480e-14
  -1.182377e-13
  -2.889418e-13
  -4.704115e-13
  -3.516918e-13
   9.079845e-13
   5.140022e-12
   1.584375e-11
   3.911518e-11
   8.485406e-11
   1.682691e-10
   3.116959e-10
   5.467371e-10
   9.167306e-10
   1.479545e-09
   2.310694e-09
   3.506763e-09
   5.189115e-09
   7.507868e-09
   1.064610e-08
   1.482426e-08
   2.030470e-08
   2.739640e-08
   3.645966e-08
   4.791086e-08
   6.222720e-08
   7.995127e-08
   1.016955e-07
   1.281465e-07
   1.600688e-07
   1.983088e-07
   2.437975e-07
   2.975538e-07
   3.606866e-07
   4.343963e-07
   5.199761e-07
   6.188123e-07
   7.323844e-07
   8.622636e-07
   1.010112e-06
   1.177678e-06
   1.366796e-06
   1.579381e-06
   1.817421e-06
   2.082978e-06
   2.378172e-06
   2.705184e-06
   3.066240e-06
   3.463607e-06
   3.899580e-06
   4.376475e-06
   4.896619e-06
   5.462333e-06
   6.075929e-06
   6.739692e-06
   7.455868e-06
   8.226655e-06
   9.054187e-06
   9.940524e-06
   1.088764e-05
   1.189739e-05
   1.297155e-05
   1.411175e-05
   1.531947e-05
   1.659606e-05
   1.794272e-05
   1.936046e-05
   2.085011e-05
   2.241232e-05
   2.404755e-05
   2.575605e-05
   2.753785e-05
   2.939279e-05
   3.132046e-05
   3.332024e-05
   3.539130e-05
   3.753255e-05
   3.974271e-05
   4.202024e-05
   4.436340e-05
   4.677021e-05
   4.923848e-05
   5.176581e-05
   5.434959e-05
   5.698701e-05
   5.967506e-05
   6.241054e-05
   6.519009e-05
   6.801019e-05
   7.086712e-05
   7.375706e-05
   7.667603e-05
   7.961994e-05
   8.258458e-05
   8.556564e-05
   8.855873e-05
   9.155937e-05
   9.456303e-05
   9.756512e-05
   1.005610e-04
   1.035461e-04
   1.065156e-04
   1.094649e-04
   1.123894e-04
   1.152843e-04
   1.181451e-04
   1.209672e-04
   1.237459e-04
   1.264768e-04
   1.291554e-04
   1.317774e-04
   1.343384e-04
   1.368343e-04
   1.392607e-04
   1.416138e-04
   1.438894e-04
   1.460838e-04
   1.481931e-04
   1.502137e-04
   1.521419e-04
   1.539742e-04
   1.557074e-04
   1.573382e-04
   1.588633e-04
   1.602798e-04
   1.615846e-04
   1.627751e-04
   1.638484e-04
   1.648019e-04
   1.656333e-04
   1.663401e-04
   1.669200e-04
   1.673710e-04
   1.676910e-04
   1.678782e-04
   1.679307e-04
   1.678470e-04
   1.676256e-04
   1.672651e-04
   1.667643e-04
   1.661221e-04
   1.653375e-04
   1.644099e-04
   1.633385e-04
   1.621229e-04
   1.607627e-04
   1.592580e-04
   1.576086e-04
   1.558149e-04
   1.538772e-04
   1.517961e-04
   1.495724e-04
   1.472071e-04
   1.447014e-04
   1.420566e-04
   1.392744e-04
   1.363566e-04
   1.333052e-04
   1.301223e-04
   1.268106e-04
   1.233725e-04
   1.198110e-04
   1.161292e-04
   1.123304e-04
   1.084179e-04
   1.043956e-04
   1.002672e-04
   9.603696e-05
   9.170900e-05
   8.728775e-05
   8.277783e-05
   7.818394e-05
   7.351099e-05
   6.876397e-05
   6.394802e-05
   5.906837e-05
   5.413035e-05
   4.913937e-05
   4.410090e-05
   3.902047e-05
   3.390363e-05
   2.875596e-05
   2.358303e-05
   1.839042e-05
   1.318367e-05
   7.968269e-06
   2.749660e-06
  -2.466791e-06
  -7.675805e-06
  -1.287221e-05
  -1.805094e-05
  -2.320706e-05
  -2.833579e-05
  -3.343248e-05
  -3.849265e-05
  -4.351200e-05
  -4.848640e-05
  -5.341192e-05
  -5.828481e-05
  -6.310153e-05
  -6.785875e-05
  -7.255333e-05
  -7.718237e-05
  -8.174316e-05
  -8.623320e-05
  -9.065022e-05
  -9.499214e-05
  -9.925711e-05
  -1.034435e-04
  -1.075497e-04
  -1.115747e-04
  -1.155172e-04
  -1.193764e-04
  -1.231515e-04
  -1.268420e-04
  -1.304475e-04
  -1.339678e-04
  -1.374026e-04
  -1.407520e-04
  -1.440161e-04
  -1.471952e-04
  -1.502896e-04
  -1.532997e-04
  -1.562260e-04
  -1.590691e-04
  -1.618295e-04
  -1.645081e-04
  -1.671055e-04
  -1.696224e-04
  -1.720597e-04
  -1.744182e-04
  -1.766986e-04
  -1.789019e-04
  -1.810289e-04
  -1.830804e-04
  -1.850572e-04
  -1.869602e-04
  -1.887901e-04
  -1.905478e-04
  -1.922341e-04
  -1.938497e-04
  -1.953953e-04
  -1.968718e-04
  -1.982797e-04
  -1.996198e-04
  -2.008927e-04
  -2.020991e-04
  -2.032397e-04
  -2.043150e-04
  -2.053256e-04
  -2.062722e-04
  -2.071552e-04
  -2.079753e-04
  -2.087331e-04
  -2.094289e-04
  -2.100634e-04
  -2.106371e-04
  -2.111505e-04
  -2.116041e-04
  -2.119983e-04
  -2.123336e-04
  -2.126105e-04
  -2.128294e-04
  -2.129906e-04
  -2.130947e-04
  -2.131420e-04
  -2.131327e-04
  -2.130673e-04
  -2.129460e-04
  -2.127690e-04
  -2.125365e-04
  -2.122486e-04
  -2.119056e-04
  -2.115073e-04
  -2.110538e-04
  -2.105450e-04
  -2.099808e-04
  -2.093609e-04
  -2.086851e-04
  -2.079529e-04
  -2.071641e-04
  -2.063179e-04
  -2.054139e-04
  -2.044513e-04
  -2.034294e-04
  -2.023473e-04
  -2.012041e-04
  -1.999989e-04
  -1.987305e-04
  -1.973978e-04
  -1.959996e-04
  -1.945346e-04
  -1.930015e-04
  -1.913989e-04
  -1.897254e-04
  -1.879797e-04
  -1.861601e-04
  -1.842652e-04
  -1.822937e-04
  -1.802439e-04
  -1.781145e-04
  -1.759040e-04
  -1.736110e-04
  -1.712344e-04
  -1.687727e-04
  -1.662249e-04
  -1.635899e-04
  -1.608668e-04
  -1.580546e-04
  -1.551528e-04
  -1.521607e-04
  -1.490780e-04
  -1.459044e-04
  -1.426398e-04
  -1.392845e-04
  -1.358386e-04
  -1.323029e-04
  -1.286779e-04
  -1.249646e-04
  -1.211643e-04
  -1.172783e-04
  -1.133083e-04
  -1.092561e-04
  -1.051238e-04
  -1.009137e-04
  -9.662847e-05
  -9.227077e-05
  -8.784362e-05
  -8.335025e-05
  -7.879409e-05
  -7.417875e-05
  -6.950806e-05
  -6.478603e-05
  -6.001684e-05
  -5.520485e-05
  -5.035455e-05
  -4.547059e-05
  -4.055774e-05
  -3.562089e-05
  -3.066502e-05
  -2.569522e-05
  -2.071664e-05
  -1.573447e-05
  -1.075399e-05
  -5.780463e-06
  -8.191983e-07
   4.124503e-06
   9.045351e-06
   1.393808e-05
   1.879746e-05
   2.361832e-05
   2.839555e-05
   3.312410e-05
   3.779901e-05
   4.241544e-05
   4.696861e-05
   5.145389e-05
   5.586676e-05
   6.020282e-05
   6.445780e-05
   6.862759e-05
   7.270822e-05
   7.669586e-05
   8.058683e-05
   8.437762e-05
   8.806487e-05
   9.164539e-05
   9.511614e-05
   9.847425e-05
   1.017170e-04
   1.048419e-04
   1.078465e-04
   1.107285e-04
   1.134861e-04
   1.161172e-04
   1.186201e-04
   1.209932e-04
   1.232352e-04
   1.253447e-04
   1.273208e-04
   1.291623e-04
   1.308686e-04
   1.324390e-04
   1.338730e-04
   1.351704e-04
   1.363309e-04
   1.373546e-04
   1.382416e-04
   1.389922e-04
   1.396069e-04
   1.400864e-04
   1.404313e-04
   1.406428e-04
   1.407218e-04
   1.406698e-04
   1.404881e-04
   1.401785e-04
   1.397426e-04
   1.391824e-04
   1.385002e-04
   1.376982e-04
   1.367789e-04
   1.357450e-04
   1.345993e-04
   1.333447e-04
   1.319846e-04
   1.305221e-04
   1.289608e-04
   1.273043e-04
   1.255565e-04
   1.237212e-04
   1.218026e-04
   1.198048e-04
   1.177322e-04
   1.155894e-04
   1.133807e-04
   1.111109e-04
   1.087848e-04
   1.064071e-04
   1.039827e-04
   1.015165e-04
   9.901356e-05
   9.647879e-05
   9.391719e-05
   9.133373e-05
   8.873337e-05
   8.612104e-05
   8.350159e-05
   8.087983e-05
   7.826048e-05
   7.564816e-05
   7.304738e-05
   7.046253e-05
   6.789786e-05
   6.535747e-05
   6.284529e-05
   6.036510e-05
   5.792046e-05
   5.551477e-05
   5.315121e-05
   5.083275e-05
   4.856215e-05
   4.634195e-05
   4.417446e-05
   4.206174e-05
   4.000566e-05
   3.800783e-05
   3.606962e-05
   3.419219e-05
   3.237646e-05
   3.062313e-05
   2.893268e-05
   2.730538e-05
   2.574127e-05
   2.424022e-05
   2.280190e-05
   2.142578e-05
   2.011118e-05
   1.885725e-05
   1.766300e-05
   1.652727e-05
   1.544882e-05
   1.442625e-05
   1.345808e-05
   1.254275e-05
   1.167860e-05
   1.086391e-05
   1.009692e-05
   9.375807e-06
   8.698736e-06
   8.063843e-06
   7.469256e-06
   6.913105e-06
   6.393530e-06
   5.908689e-06
   5.456768e-06
   5.035985e-06
   4.644601e-06
   4.280923e-06
   3.943307e-06
   3.630168e-06
   3.339978e-06
   3.071271e-06
   2.822648e-06
   2.592772e-06
   2.380373e-06
   2.184250e-06
   2.003264e-06
   1.836346e-06
   1.682486e-06
   1.540740e-06
   1.410221e-06
   1.290102e-06
   1.179609e-06
   1.078023e-06
   9.846727e-07
   8.989331e-07
   8.202241e-07
   7.480063e-07
   6.817790e-07
   6.210770e-07
   5.654687e-07
   5.145540e-07
   4.679619e-07
   4.253485e-07
   3.863955e-07
   3.508081e-07
   3.183139e-07
   2.886606e-07
   2.616154e-07
   2.369630e-07
   2.145049e-07
   1.940576e-07
   1.754521e-07
   1.585327e-07
   1.431559e-07
   1.291894e-07
   1.165118e-07
   1.050112e-07
   9.458481e-08
   8.513834e-08
   7.658512e-08
   6.884565e-08
   6.184706e-08
   5.552257e-08
   4.981103e-08
   4.465646e-08
   4.000769e-08
   3.581792e-08
   3.204442e-08
   2.864818e-08
   2.559361e-08
   2.284828e-08
   2.038263e-08
   1.816974e-08
   1.618515e-08
   1.440660e-08
   1.281387e-08
   1.138860e-08
   1.011414e-08
   8.975390e-09
   7.958676e-09
   7.051617e-09
   6.243012e-09
   5.522738e-09
   4.881651e-09
   4.311499e-09
   3.804839e-09
   3.354964e-09
   2.955835e-09
   2.602020e-09
   2.288633e-09
   2.011287e-09
   1.766043e-09
   1.549371e-09
   1.358104e-09
   1.189411e-09
   1.040756e-09
   9.098731e-10
   7.947404e-10
   6.935524e-10
   6.047000e-10
   5.267500e-10
   4.584268e-10
   3.985967e-10
   3.462523e-10
   3.004998e-10
   2.605466e-10
   2.256906e-10
   1.953105e-10
   1.688569e-10
   1.458447e-10
   1.258457e-10
   1.084823e-10
   9.342214e-11
   8.037263e-11
   6.907667e-11
   5.930848e-11
   5.086999e-11
   4.358765e-11
   3.730951e-11
   3.190269e-11
   2.725112e-11
   2.325348e-11
   1.982146e-11
   1.687816e-11
   1.435668e-11
   1.219887e-11
   1.035428e-11
   8.779153e-12
   7.435588e-12
   6.290799e-12
   5.316454e-12
   4.488093e-12
   3.784628e-12
   3.187896e-12
   2.682270e-12
   2.254326e-12
   1.892539e-12
   1.587029e-12
   1.329338e-12
   1.112231e-12
   9.295263e-13
   7.759508e-13
   6.470101e-13
   5.388787e-13
   4.483042e-13
   3.725248e-13
   3.091983e-13
   2.563408e-13
   2.122737e-13
   1.755787e-13
   1.450586e-13
   1.197045e-13
   9.866709e-14
   8.123235e-14
   6.680065e-14
   5.486906e-14
   4.501624e-14
   3.688971e-14
   3.019503e-14
   2.468655e-14
   2.015955e-14
   1.644365e-14
   1.339715e-14
   1.090241e-14
   8.861888e-15
   7.194853e-15
   5.834639e-15
   4.726192e-15
   3.824025e-15
   3.090586e-15
   2.494979e-15
   2.011880e-15
   1.620542e-15
   1.303918e-15
   1.047989e-15
   8.412940e-16
   6.745513e-16
   5.402541e-16
   4.322679e-16
   3.455457e-16
   2.759650e-16
   2.201814e-16
   1.754726e-16
   1.396374e-16
   1.109498e-16
   8.807425e-17
   6.992003e-17
   5.553151e-17
   4.408597e-17
   3.494256e-17
   2.763987e-17
   2.182541e-17
   1.719782e-17
   1.351364e-17
   1.060124e-17
   8.323458e-18
   6.536417e-18
   5.108514e-18
   3.961519e-18
   3.063661e-18
   2.388037e-18
   1.892859e-18
   1.531702e-18
   1.265854e-18
   1.067916e-18
   9.212431e-19
   8.140222e-19
   7.288692e-19
   6.422947e-19
   5.418015e-19
   4.394442e-19
   3.571890e-19
   2.983694e-19
   2.417780e-19
   1.636673e-19
   6.088077e-20
  -4.242429e-20
  -1.071860e-19
  -1.115299e-19
  -8.063797e-20
  -7.182876e-20
  -1.144822e-19
  -1.701489e-19
  -1.669031e-19
  -7.792829e-20
   3.950609e-20
   8.939422e-20
   2.124845e-20
  -1.308267e-19
  -2.796179e-19
  -3.416490e-19
  -2.820394e-19
  -1.411099e-19
  -1.867480e-20
   1.549192e-21
  -7.463510e-20
  -1.656624e-19
  -1.959359e-19
  -1.500734e-19
  -6.437846e-20
   4.297272e-21
   7.756490e-21
  -6.092712e-20
  -1.522528e-19
  -1.967511e-19
  -1.699425e-19
  -1.124636e-19
  -7.928511e-20
  -8.228605e-20
  -9.441030e-20
  -9.515379e-20
  -8.728010e-20
  -7.070343e-20
  -2.627360e-20
   6.068514e-20
   1.727202e-19
   2.678645e-19
   3.090624e-19
   2.807731e-19
   1.899104e-19
   6.785254e-20
  -3.278166e-20
  -6.657025e-20
  -3.567713e-20
   4.089219e-21
  -8.932603e-21
  -8.360072e-20
  -1.679890e-19
  -2.005256e-19
  -1.658805e-19
  -1.015383e-19
  -5.790195e-20
  -5.700889e-20
  -8.237743e-20
  -9.826000e-20
  -8.170366e-20
  -4.704148e-20
  -3.797975e-20
  -8.444884e-20
  -1.675260e-19
  -2.356965e-19
  -2.495085e-19
  -1.974857e-19
  -8.237141e-20
   7.536096e-20
   2.180676e-19
   2.724590e-19
   2.178698e-19
   1.194526e-19
   6.861430e-20
   9.101918e-20
   1.303791e-19
   1.248010e-19
   8.030889e-20
   5.476086e-20
   7.996397e-20
   1.243532e-19
   1.394488e-19
   1.202879e-19
   9.656593e-20
   7.470135e-20
   2.232855e-20
  -7.769801e-20
  -1.819243e-19
  -2.194962e-19
  -1.653821e-19
  -6.269416e-20
   2.512225e-20
   6.577261e-20
   6.101833e-20
   2.164193e-20
  -4.270003e-20
  -1.153371e-19
  -1.698515e-19
  -1.820456e-19
  -1.463481e-19
  -8.397951e-20
  -3.478678e-20
  -3.368445e-20
  -8.690731e-20
  -1.662776e-19
  -2.241818e-19
  -2.177080e-19
  -1.304608e-19
   1.513977e-20
   1.609896e-19
   2.357699e-19
   1.943718e-19
   5.606930e-20
  -9.494392e-20
  -1.670686e-19
  -1.358953e-19
  -5.914810e-20
  -1.299015e-20
  -2.141920e-20
  -5.279613e-20
  -7.080671e-20
  -7.129597e-20
  -7.217168e-20
  -8.357902e-20
  -9.577734e-20
  -9.287880e-20
  -7.524499e-20
  -6.713948e-20
  -9.827534e-20
  -1.732476e-19
  -2.587011e-19
  -3.029233e-19
  -2.714947e-19
  -1.700003e-19
  -3.895590e-20
   7.256260e-20
   1.363730e-19
   1.594023e-19
   1.727717e-19
   2.012368e-19
   2.360410e-19
   2.390760e-19
   1.825319e-19
   8.801354e-20
   1.792411e-20
   1.748938e-20
   6.621616e-20
   9.681458e-20
   6.595018e-20
  -2.130128e-21
  -4.890472e-20
  -4.987835e-20
  -3.601336e-20
  -4.917285e-20
  -9.295005e-20
  -1.344400e-19
  -1.417750e-19
  -1.100471e-19
  -6.126364e-20
  -3.174457e-20
  -4.922772e-20
  -1.019254e-19
  -1.326498e-19
  -8.788439e-20
   1.667711e-20
   9.768128e-20
   9.035956e-20
   2.556463e-20
  -1.682063e-21
   5.548025e-20
   1.357020e-19
   1.387897e-19
   4.526193e-20
  -5.664497e-20
  -6.886765e-20
   9.336887e-21
   8.574041e-20
   7.674695e-20
  -1.187492e-20
  -1.025144e-19
  -1.252409e-19
  -7.359513e-20
   3.708163e-21
   5.111797e-20
   4.929129e-20
   2.374122e-20
   1.727332e-20
   2.828015e-19
   2.796134e-19
   1.827037e-19
  -2.135957e-20
  -2.390531e-19
  -3.298785e-19
  -2.461714e-19
  -9.712151e-20
  -4.184588e-20
  -1.258087e-19
  -2.464103e-19
  -2.674068e-19
  -1.370764e-19
   8.778613e-20
   2.808950e-19
   3.107965e-19
   1.364972e-19
  -1.224711e-19
  -2.576989e-19
  -1.651638e-19
   5.217416e-20
   2.114127e-19
   2.504765e-19
   2.468251e-19
   2.558901e-19
   2.192346e-19
   7.447595e-20
  -1.035726e-19
  -1.496563e-19
   8.918219e-22
   2.190993e-19
   3.057182e-19
   1.871161e-19
  -3.020101e-20
  -1.854173e-19
  -2.186133e-19
  -1.983349e-19
  -2.156856e-19
  -2.744821e-19
  -2.976271e-19
  -2.367428e-19
  -1.529410e-19
  -1.615370e-19
  -2.914853e-19
  -4.271743e-19
  -4.157871e-19
  -2.201796e-19
   5.884887e-20
   2.923246e-19
   4.100745e-19
   3.895351e-19
   2.330082e-19
  -1.015787e-21
  -1.891198e-19
  -2.292821e-19
  -1.373369e-19
  -2.335000e-20
   2.788880e-20
   2.609577e-20
   3.027061e-20
   6.974886e-20
   1.215196e-19
   1.414614e-19
   1.018478e-19
   1.070304e-20
  -9.132650e-20
  -1.565823e-19
  -1.634580e-19
  -1.312501e-19
  -1.043707e-19
  -1.140922e-19
  -1.436443e-19
  -1.343347e-19
  -4.445876e-20
   9.170496e-20
   1.762969e-19
   1.286850e-19
  -4.272457e-20
  -2.360192e-19
  -3.154960e-19
  -2.035941e-19
   4.878420e-20
   2.860196e-19
   3.708185e-19
   2.880818e-19
   1.174551e-19
  -6.927564e-20
  -2.422341e-19
  -3.677811e-19
  -4.027286e-19
  -3.540401e-19
  -2.827753e-19
  -2.118181e-19
  -8.205605e-20
   1.470770e-19
   3.870390e-19
   4.686634e-19
   3.020405e-19
  -3.021347e-20
  -3.217253e-19
  -3.794836e-19
  -1.654014e-19
   1.543540e-19
   3.288055e-19
   2.382543e-19
  -6.496516e-21
  -1.902876e-19
  -1.975005e-19
  -8.037420e-20
   3.447543e-20
   6.630227e-20
   2.093165e-20
  -5.041282e-20
  -1.170755e-19
  -1.906172e-19
  -2.758896e-19
  -3.174991e-19
  -2.371189e-19
  -4.252425e-20
   1.370098e-19
   1.706056e-19
   7.398931e-20
  -1.077082e-20
   1.900231e-21
   2.716041e-20
  -7.742472e-20
  -3.140221e-19
  -5.226658e-19
  -5.613826e-19
  -4.487627e-19
  -3.004996e-19
  -1.816435e-19
  -8.445385e-20
  -2.168456e-20
  -4.847794e-20
  -1.636080e-19
  -2.637189e-19
  -2.590961e-19
  -1.980472e-19
  -2.119441e-19
  -3.446493e-19
  -4.841496e-19
  -4.753129e-19
  -2.845739e-19
  -4.088794e-20
   9.611771e-20
   9.969785e-20
   7.610055e-20
   1.085105e-19
   1.639690e-19
   1.731453e-19
   1.315129e-19
   7.878658e-20
   3.192376e-20
  -1.501363e-20
  -5.825778e-20
  -8.646195e-20
  -9.230840e-20
  -6.060276e-20
   2.981002e-20
   1.627690e-19
   2.539246e-19
   2.008437e-19
  -8.664539e-21
  -2.441098e-19
  -3.178084e-19
  -1.464980e-19
   1.674042e-19
   4.179460e-19
   4.628906e-19
   3.193620e-19
   1.075856e-19
  -7.770283e-20
  -2.133606e-19
  -2.815435e-19
  -2.337476e-19
  -6.880451e-20
   1.084433e-19
   1.753605e-19
   1.121875e-19
  -1.311992e-20
  -1.379440e-19
  -2.249153e-19
  -2.363240e-19
  -1.730231e-19
  -1.250726e-19
  -2.045743e-19
  -4.086099e-19
  -5.982185e-19
  -6.422178e-19
  -5.552061e-19
  -4.614301e-19
  -4.349690e-19
  -4.216041e-19
  -3.429290e-19
  -2.452860e-19
  -2.882189e-19
  -5.739301e-19
  -1.039978e-18
  -1.557651e-18
  -2.092681e-18
  -2.710277e-18
  -3.453540e-18
  -4.306587e-18
  -5.299626e-18
  -6.581073e-18
  -8.329900e-18
  -1.063001e-17
  -1.350144e-17
  -1.705963e-17
  -2.158097e-17
  -2.739349e-17
  -3.477142e-17
  -4.398641e-17
  -5.543952e-17
  -6.974742e-17
  -8.777313e-17
  -1.106037e-16
  -1.394456e-16
  -1.755426e-16
  -2.203413e-16
  -2.759009e-16
  -3.451730e-16
  -4.318521e-16
  -5.400807e-16
  -6.745740e-16
  -8.412421e-16
  -1.047760e-15
  -1.303701e-15
  -1.620520e-15
  -2.011956e-15
  -2.494899e-15
  -3.090306e-15
  -3.823846e-15
  -4.726445e-15
  -5.835271e-15
  -7.195441e-15
  -8.862069e-15
  -1.090220e-14
  -1.339678e-14
  -1.644325e-14
  -2.015912e-14
  -2.468610e-14
  -3.019467e-14
  -3.688948e-14
  -4.501606e-14
  -5.486889e-14
  -6.680059e-14
  -8.123250e-14
  -9.866743e-14
  -1.197048e-13
  -1.450587e-13
  -1.755787e-13
  -2.122737e-13
  -2.563411e-13
  -3.091989e-13
  -3.725255e-13
  -4.483049e-13
  -5.388794e-13
  -6.470109e-13
  -7.759517e-13
  -9.295275e-13
  -1.112232e-12
  -1.329340e-12
  -1.587031e-12
  -1.892541e-12
  -2.254328e-12
  -2.682273e-12
  -3.187898e-12
  -3.784631e-12
  -4.488096e-12
  -5.316457e-12
  -6.290804e-12
  -7.435593e-12
  -8.779159e-12
  -1.035429e-11
  -1.219888e-11
  -1.435668e-11
  -1.687817e-11
  -1.982147e-11
  -2.325349e-11
  -2.725113e-11
  -3.190270e-11
  -3.730952e-11
  -4.358767e-11
  -5.087001e-11
  -5.930850e-11
  -6.907669e-11
  -8.037265e-11
  -9.342216e-11
  -1.084823e-10
  -1.258457e-10
  -1.458448e-10
  -1.688570e-10
  -1.953105e-10
  -2.256906e-10
  -2.605466e-10
  -3.004999e-10
  -3.462524e-10
  -3.985968e-10
  -4.584269e-10
  -5.267501e-10
  -6.047001e-10
  -6.935525e-10
  -7.947405e-10
  -9.098732e-10
  -1.040756e-09
  -1.189411e-09
  -1.358105e-09
  -1.549371e-09
  -1.766044e-09
  -2.011287e-09
  -2.288633e-09
  -2.602020e-09
  -2.955836e-09
  -3.354964e-09
  -3.804839e-09
  -4.311499e-09
  -4.881652e-09
  -5.522738e-09
  -6.243013e-09
  -7.051618e-09
  -7.958677e-09
  -8.975390e-09
  -1.011414e-08
  -1.138860e-08
  -1.281387e-08
  -1.440660e-08
  -1.618515e-08
  -1.816974e-08
  -2.038263e-08
  -2.284828e-08
  -2.559361e-08
  -2.864818e-08
  -3.204442e-08
  -3.581792e-08
  -4.000769e-08
  -4.465646e-08
  -4.981103e-08
  -5.552258e-08
  -6.184707e-08
  -6.884565e-08
  -7.658512e-08
  -8.513834e-08
  -9.458481e-08
  -1.050112e-07
  -1.165118e-07
  -1.291894e-07
  -1.431559e-07
  -1.585327e-07
  -1.754521e-07
  -1.940576e-07
  -2.145049e-07
  -2.369630e-07
  -2.616154e-07
  -2.886606e-07
  -3.183139e-07
  -3.508081e-07
  -3.863955e-07
  -4.253485e-07
  -4.679619e-07
  -5.145541e-07
  -5.654687e-07
  -6.210770e-07
  -6.817790e-07
  -7.480063e-07
  -8.202241e-07
  -8.989333e-07
  -9.846732e-07
  -1.078024e-06
  -1.179611e-06
  -1.290105e-06
  -1.410226e-06
  -1.540751e-06
  -1.682510e-06
  -1.836395e-06
  -2.003363e-06
  -2.184438e-06
  -2.380715e-06
  -2.593365e-06
  -2.823639e-06
  -3.072871e-06
  -3.342479e-06
  -3.633974e-06
  -3.948960e-06
  -4.289134e-06
  -4.656295e-06
  -5.052342e-06
  -5.479275e-06
  -5.939202e-06
  -6.434332e-06
  -6.966981e-06
  -7.539571e-06
  -8.154626e-06
  -8.814774e-06
  -9.522742e-06
  -1.028135e-05
  -1.109353e-05
  -1.196227e-05
  -1.289067e-05
  -1.388189e-05
  -1.493918e-05
  -1.606582e-05
  -1.726518e-05
  -1.854064e-05
  -1.989565e-05
  -2.133366e-05
  -2.285813e-05
  -2.447256e-05
  -2.618038e-05
  -2.798505e-05
  -2.988996e-05
  -3.189848e-05
  -3.401387e-05
  -3.623937e-05
  -3.857807e-05
  -4.103301e-05
  -4.360707e-05
  -4.630301e-05
  -4.912344e-05
  -5.207082e-05
  -5.514741e-05
  -5.835532e-05
  -6.169642e-05
  -6.517240e-05
  -6.878471e-05
  -7.253457e-05
  -7.642297e-05
  -8.045063e-05
  -8.461801e-05
  -8.892533e-05
  -9.337251e-05
  -9.795920e-05
  -1.026848e-04
  -1.075483e-04
  -1.125485e-04
  -1.176840e-04
  -1.229530e-04
  -1.283533e-04
  -1.338826e-04
  -1.395382e-04
  -1.453173e-04
  -1.512165e-04
  -1.572324e-04
  -1.633613e-04
  -1.695991e-04
  -1.759414e-04
  -1.823839e-04
  -1.889218e-04
  -1.955500e-04
  -2.022635e-04
  -2.090567e-04
  -2.159240e-04
  -2.228598e-04
  -2.298579e-04
  -2.369124e-04
  -2.440169e-04
  -2.511651e-04
  -2.583504e-04
  -2.655661e-04
  -2.728055e-04
  -2.800618e-04
  -2.873281e-04
  -2.945974e-04
  -3.018626e-04
  -3.091167e-04
  -3.163526e-04
  -3.235631e-04
  -3.307412e-04
  -3.378796e-04
  -3.449713e-04
  -3.520091e-04
  -3.589859e-04
  -3.658948e-04
  -3.727287e-04
  -3.794806e-04
  -3.861438e-04
  -3.927114e-04
  -3.991767e-04
  -4.055330e-04
  -4.117738e-04
  -4.178926e-04
  -4.238832e-04
  -4.297392e-04
  -4.354546e-04
  -4.410234e-04
  -4.464398e-04
  -4.516980e-04
  -4.567925e-04
  -4.617179e-04
  -4.664689e-04
  -4.710404e-04
  -4.754275e-04
  -4.796254e-04
  -4.836296e-04
  -4.874356e-04
  -4.910393e-04
  -4.944367e-04
  -4.976238e-04
  -5.005973e-04
  -5.033535e-04
  -5.058894e-04
  -5.082019e-04
  -5.102884e-04
  -5.121463e-04
  -5.137734e-04
  -5.151675e-04
  -5.163269e-04
  -5.172500e-04
  -5.179354e-04
  -5.183821e-04
  -5.185893e-04
  -5.185564e-04
  -5.182829e-04
  -5.177689e-04
  -5.170145e-04
  -5.160201e-04
  -5.147864e-04
  -5.133142e-04
  -5.116048e-04
  -5.096596e-04
  -5.074801e-04
  -5.050682e-04
  -5.024261e-04
  -4.995560e-04
  -4.964606e-04
  -4.931424e-04
  -4.896046e-04
  -4.858503e-04
  -4.818828e-04
  -4.777056e-04
  -4.733224e-04
  -4.687371e-04
  -4.639537e-04
  -4.589763e-04
  -4.538093e-04
  -4.484570e-04
  -4.429239e-04
  -4.372147e-04
  -4.313341e-04
  -4.252868e-04
  -4.190777e-04
  -4.127116e-04
  -4.061936e-04
  -3.995285e-04
  -3.927214e-04
  -3.857772e-04
  -3.787010e-04
  -3.714978e-04
  -3.641724e-04
  -3.567299e-04
  -3.491751e-04
  -3.415129e-04
  -3.337481e-04
  -3.258853e-04
  -3.179294e-04
  -3.098848e-04
  -3.017561e-04
  -2.935476e-04
  -2.852638e-04
  -2.769089e-04
  -2.684869e-04
  -2.600020e-04
  -2.514580e-04
  -2.428589e-04
  -2.342083e-04
  -2.255099e-04
  -2.167672e-04
  -2.079837e-04
  -1.991626e-04
  -1.903072e-04
  -1.814206e-04
  -1.725059e-04
  -1.635659e-04
  -1.546036e-04
  -1.456218e-04
  -1.366230e-04
  -1.276099e-04
  -1.185850e-04
  -1.095509e-04
  -1.005099e-04
  -9.146433e-05
  -8.241650e-05
  -7.336863e-05
  -6.432291e-05
  -5.528148e-05
  -4.624645e-05
  -3.721987e-05
  -2.820378e-05
  -1.920018e-05
  -1.021106e-05
  -1.238374e-06
   7.715938e-06
   1.664995e-05
   2.556174e-05
   3.444942e-05
   4.331108e-05
   5.214483e-05
   6.094878e-05
   6.972106e-05
   7.845976e-05
   8.716301e-05
   9.582890e-05
   1.044556e-04
   1.130411e-04
   1.215835e-04
   1.300810e-04
   1.385316e-04
   1.469334e-04
   1.552844e-04
   1.635828e-04
   1.718264e-04
   1.800134e-04
   1.881418e-04
   1.962096e-04
   2.042148e-04
   2.121553e-04
   2.200292e-04
   2.278343e-04
   2.355686e-04
   2.432300e-04
   2.508165e-04
   2.583258e-04
   2.657559e-04
   2.731046e-04
   2.803696e-04
   2.875489e-04
   2.946402e-04
   3.016411e-04
   3.085495e-04
   3.153630e-04
   3.220793e-04
   3.286961e-04
   3.352109e-04
   3.416214e-04
   3.479250e-04
   3.541194e-04
   3.602021e-04
   3.661704e-04
   3.720220e-04
   3.777542e-04
   3.833644e-04
   3.888501e-04
   3.942085e-04
   3.994372e-04
   4.045333e-04
   4.094943e-04
   4.143175e-04
   4.190003e-04
   4.235399e-04
   4.279337e-04
   4.321792e-04
   4.362736e-04
   4.402143e-04
   4.439989e-04
   4.476248e-04
   4.510895e-04
   4.543905e-04
   4.575256e-04
   4.604923e-04
   4.632885e-04
   4.659120e-04
   4.683607e-04
   4.706326e-04
   4.727259e-04
   4.746387e-04
   4.763695e-04
   4.779166e-04
   4.792788e-04
   4.804546e-04
   4.814431e-04
   4.822431e-04
   4.828540e-04
   4.832750e-04
   4.835056e-04
   4.835456e-04
   4.833947e-04
   4.830530e-04
   4.825207e-04
   4.817983e-04
   4.808862e-04
   4.797853e-04
   4.784966e-04
   4.770212e-04
   4.753604e-04
   4.735158e-04
   4.714891e-04
   4.692823e-04
   4.668975e-04
   4.643369e-04
   4.616031e-04
   4.586987e-04
   4.556265e-04
   4.523895e-04
   4.489910e-04
   4.454342e-04
   4.417226e-04
   4.378598e-04
   4.338498e-04
   4.296962e-04
   4.254033e-04
   4.209752e-04
   4.164161e-04
   4.117305e-04
   4.069228e-04
   4.019977e-04
   3.969598e-04
   3.918139e-04
   3.865649e-04
   3.812175e-04
   3.757769e-04
   3.702479e-04
   3.646357e-04
   3.589452e-04
   3.531818e-04
   3.473504e-04
   3.414562e-04
   3.355044e-04
   3.295002e-04
   3.234487e-04
   3.173551e-04
   3.112245e-04
   3.050621e-04
   2.988729e-04
   2.926620e-04
   2.864344e-04
   2.801952e-04
   2.739492e-04
   2.677015e-04
   2.614567e-04
   2.552198e-04
   2.489954e-04
   2.427881e-04
   2.366027e-04
   2.304435e-04
   2.243151e-04
   2.182217e-04
   2.121677e-04
   2.061572e-04
   2.001943e-04
   1.942829e-04
   1.884271e-04
   1.826305e-04
   1.768969e-04
   1.712297e-04
   1.656325e-04
   1.601086e-04
   1.546611e-04
   1.492932e-04
   1.440078e-04
   1.388077e-04
   1.336956e-04
   1.286740e-04
   1.237454e-04
   1.189120e-04
   1.141759e-04
   1.095390e-04
   1.050031e-04
   1.005699e-04
   9.624086e-05
   9.201730e-05
   8.790036e-05
   8.389105e-05
   7.999020e-05
   7.619846e-05
   7.251635e-05
   6.894419e-05
   6.548216e-05
   6.213026e-05
   5.888833e-05
   5.575606e-05
   5.273296e-05
   4.981841e-05
   4.701162e-05
   4.431165e-05
   4.171743e-05
   3.922772e-05
   3.684117e-05
   3.455628e-05
   3.237143e-05
   3.028489e-05
   2.829480e-05
   2.639920e-05
   2.459602e-05
   2.288312e-05
   2.125823e-05
   1.971905e-05
   1.826317e-05
   1.688815e-05
   1.559146e-05
   1.437056e-05
   1.322283e-05
   1.214566e-05
   1.113638e-05
   1.019233e-05
   9.310844e-06
   8.489240e-06
   7.724854e-06
   7.015040e-06
   6.357171e-06
   5.748651e-06
   5.186920e-06
   4.669463e-06
   4.193810e-06
   3.757546e-06
   3.358316e-06
   2.993827e-06
   2.661855e-06
   2.360245e-06
   2.086920e-06
   1.839878e-06
   1.617198e-06
   1.417040e-06
   1.237648e-06
   1.077349e-06
   9.345562e-07
   8.077670e-07
   6.955635e-07
   5.966117e-07
   5.096607e-07
   4.335411e-07
   3.671634e-07
   3.095160e-07
   2.596629e-07
   2.167412e-07
   1.799583e-07
   1.485892e-07
   1.219732e-07
   9.951077e-08
   8.066020e-08
   6.493442e-08
   5.189738e-08
   4.116075e-08
   3.238047e-08
   2.525334e-08
   1.951378e-08
   1.493052e-08
   1.130349e-08
   8.460829e-09
   6.255939e-09
   4.564781e-09
   3.283270e-09
   2.324857e-09
   1.618268e-09
   1.105430e-09
   7.395696e-10
   4.834810e-10
   3.079798e-10
   1.905200e-10
   1.139781e-10
   6.559451e-11
   3.606370e-11
   1.876315e-11
   9.110574e-12
   4.037399e-12
   1.566391e-12
   4.809756e-13
   7.368262e-14
  -3.863558e-14
  -4.482493e-14
  -2.613890e-14
  -1.026259e-14
  -2.118540e-15
   5.804209e-16
   8.207208e-16
   4.272352e-16
   1.110518e-16
  -1.543527e-17
  -3.113268e-17
  -1.511368e-17
  -2.462559e-18
   1.573837e-18
   1.295095e-18
   3.551461e-19
  -7.108534e-20
  -9.948666e-20
  -3.153083e-20
   4.653783e-21
   7.658752e-21
   2.195606e-21
  -5.360865e-22
  -5.832354e-22
  -1.076961e-22
   6.597159e-23
   3.929484e-23
   4.489198e-25
  -6.532009e-24
  -1.826859e-24
   6.247101e-25
   4.507074e-25
  -9.823375e-28
  -7.329616e-26
  -1.426333e-26
   9.067552e-27
   3.793587e-27
  -8.255372e-28
  -7.078242e-28
   3.424609e-29
   1.121115e-28
   6.748648e-30
  -1.618948e-29
  -2.339721e-30
   2.223939e-30
   4.743494e-31
  -3.001533e-31
  -7.936269e-32
   4.083371e-32
   1.186070e-32
  -5.691113e-33
  -1.619682e-33
   8.149085e-34
   2.007070e-34
  -1.185636e-34
  -2.160544e-35
   1.716179e-35
   1.739623e-36
  -2.405953e-36
  -2.232209e-38
   3.163323e-37
  -3.020727e-38
  -3.729628e-38
   8.453976e-39
   3.619508e-39
  -1.577285e-39
  -2.167207e-40
   2.306595e-40
  -1.187398e-41
  -2.621284e-41
   6.288256e-42
   1.958563e-42
  -1.150389e-42
   7.290447e-45
   1.348300e-43
  -3.129328e-44
  -8.462378e-45
   5.679897e-45
  -4.385276e-46
  -5.387415e-46
   1.924194e-46
   8.663847e-48
  -2.406421e-47
   5.931456e-48
   9.289346e-49
  -9.346644e-49
   1.864194e-49
   4.307903e-50
  -3.410707e-50
   6.606595e-51
   1.427054e-51
  -1.193405e-51
   2.673296e-52
   2.993733e-53
  -3.881923e-53
   1.127561e-53
  -2.467140e-55
  -1.061393e-54
   4.389489e-55
  -6.642785e-56
  -1.744400e-56
   1.377335e-56
  -3.978534e-57
   3.131749e-58
   2.572068e-58
  -1.419607e-58
   3.734366e-59
  -2.912992e-60
  -2.268990e-60
   1.313304e-60
  -3.919143e-61
   5.965009e-62
   8.440057e-63
  -9.585503e-63
   3.859678e-63
  -1.008457e-63
   1.465012e-64
   1.828728e-65
  -2.246775e-65
   9.834881e-66
  -3.070772e-66
   7.285371e-67
  -1.129179e-67
  -3.740904e-69
   1.179896e-68
  -6.046764e-69
   2.281870e-69
  -7.384830e-70
   2.159832e-70
  -5.854024e-71
   1.491802e-71
  -3.607527e-72
   8.331683e-73
  -1.846362e-73
   3.940163e-74
  -8.119823e-75
   1.619567e-75
  -3.132420e-76
   5.883888e-77
  -1.074781e-77
   1.911297e-78
  -3.312062e-79
   5.597303e-80
  -9.231297e-81
   1.486600e-81
  -2.338681e-82
   3.595384e-83
  -5.402852e-84
   7.937092e-85
  -1.139891e-85
   1.600179e-86
  -2.195039e-87
   2.940724e-88
  -3.844597e-89
   4.899021e-90
  -6.073914e-91
   7.308229e-92
  -8.500920e-93
   9.502183e-94
  -1.010600e-94
   1.004526e-95
  -8.990654e-97
   6.554800e-98
  -2.302362e-99
 -4.233028e-100
  1.352513e-100
 -2.602536e-101
  4.212851e-102
 -6.213590e-103
  8.621905e-104
 -1.143868e-104
  1.464593e-105
 -1.820520e-106
  2.205718e-107
 -2.612275e-108
  3.030539e-109
 -3.449502e-110
  3.857290e-111
 -4.241744e-112
  4.591031e-113
 -4.894260e-114
  5.142052e-115
 -5.327011e-116
  5.444084e-117
 -5.490769e-118
  5.467171e-119
 -5.375901e-120
  5.221844e-121
 -5.011807e-122
  4.754081e-123
 -4.457967e-124
  4.133270e-125
 -3.789834e-126
  3.437109e-127
 -3.083796e-128
  2.737570e-129
 -2.404897e-130
  2.090935e-131
 -1.799514e-132
  1.533188e-133
 -1.293343e-134
  1.080341e-135
 -8.936849e-137
  7.322018e-138
 -5.942160e-139
  4.777138e-140
 -3.804891e-141
  3.002669e-142
 -2.348021e-143
  1.819545e-144
 -1.397416e-145
  1.063717e-146
 -8.025965e-148
  6.003055e-149
 -4.451263e-150
  3.272359e-151
 -2.385260e-152
  1.723999e-153
 -1.235645e-154
  8.782808e-156
 -6.191326e-157
  4.328836e-158
 -3.002076e-159
  2.065195e-160
 -1.409334e-161
  9.541235e-163
 -6.408509e-164
  4.270654e-165
 -2.823837e-166
  1.852743e-167
 -1.206265e-168
  7.793702e-170
 -4.997349e-171
  3.180174e-172
 -2.008619e-173
  1.259215e-174
 -7.835694e-176
  4.840042e-177
 -2.967796e-178
  1.806552e-179
 -1.091734e-180
  6.550143e-182
 -3.901846e-183
  2.307768e-184
 -1.355295e-185
  7.903358e-187
 -4.576594e-188
  2.631735e-189
 -1.502889e-190
  8.523389e-192
 -4.800803e-193
  2.685633e-194
 -1.492196e-195
  8.235050e-197
 -4.514215e-198
  2.458035e-199
 -1.329530e-200
  7.143750e-202
 -3.813170e-203
  2.022047e-204
 -1.065258e-205
  5.575586e-207
 -2.899418e-208
  1.498058e-209
 -7.690537e-211
  3.922901e-212
 -1.988350e-213
  1.001441e-214
 -5.012069e-216
  2.492754e-217
 -1.232039e-218
  6.051501e-220
 -2.953978e-221
  1.433072e-222
 -6.909653e-224
  3.311182e-225
 -1.577100e-226
  7.466129e-228
 -3.513195e-229
  1.643198e-230
 -7.639567e-232
  3.530604e-233
 -1.621962e-234
  7.407193e-236
 -3.362775e-237
  1.517689e-238
 -6.809543e-240
  3.037477e-241
 -1.347030e-242
  5.939090e-244
 -2.603455e-245
  1.134689e-246
 -4.917100e-248
  2.118632e-249
 -9.076641e-251
  3.866575e-252
 -1.637826e-253
  6.898551e-255
 -2.889382e-256
  1.203420e-257
 -4.984284e-259
  2.052910e-260
 -8.408652e-262
  3.425155e-263
 -1.387520e-264
  5.589992e-266
 -2.239771e-267
  8.925327e-269
 -3.537368e-270
  1.394374e-271
 -5.466743e-273
  2.131747e-274
 -8.268131e-276
  3.189708e-277
 -1.223977e-278
  4.671771e-280
 -1.773709e-281
  6.698583e-283
 -2.516458e-284
  9.403929e-286
 -3.495816e-287
  1.292748e-288
 -4.755670e-290
  1.740398e-291
 -6.336227e-293
  2.294904e-294
 -8.269059e-296
  2.964228e-297
 -1.057152e-298
  3.750931e-300
 -1.324107e-301
  4.650449e-303
 -1.625027e-304
  5.649709e-306
 -1.954326e-307
  6.726343e-309
 -2.303445e-310
  7.848724e-312
 -2.661020e-313
  8.976986e-315
 -3.013366e-316
  1.006507e-317
 -3.345269e-319
  1.107695e-320
 -3.557273e-322
   0.000000e+00
   0.000000e+00
   0.000000e+00
   0.000000e+00
   0.000000e+00
   0.000000e+00
   0.000000e+00
   0.000000e+00
   0.000000e+00
   0.000000e+00
   0.000000e+00
   0.000000e+00
   0.000000e+00
   0.000000e+00
   0.000000e+00
   0.000000e+00
   0.000000e+00
   0.000000e+00
   0.000000e+00
   0.000000e+00
   0.000000e+00
   0.000000e+00
   0.000000e+00
   0.000000e+00
   0.000000e+00
   0.000000e+00
   0.000000e+00
   0.000000e+00
   0.000000e+00
   0.000000e+00
   0.000000e+00
   0.000000e+00
   0.000000e+00
   0.000000e+00
   0.000000e+00
   0.000000e+00
   0.000000e+00
   0.000000e+00
   0.000000e+00
   0.000000e+00
   0.000000e+00
   0.000000e+00
   0.000000e+00
   0.000000e+00
   0.000000e+00
   0.000000e+00
   0.000000e+00
   0.000000e+00
   0.000000e+00
   0.000000e+00
   0.000000e+00
   0.000000e+00
   0.000000e+00
   0.000000e+00
   0.000000e+00
   0.000000e+00
   0.000000e+00
   0.000000e+00
   0.000000e+00
   0.000000e+00
   0.000000e+00
   0.000000e+00
   0.000000e+00
   0.000000e+00
   0.000000e+00
   0.000000e+00
   0.000000e+00
   0.000000e+00
   0.000000e+00
   0.000000e+00
   0.000000e+00
   0.000000e+00
   0.000000e+00
   0.000000e+00
   0.000000e+00
   0.000000e+00
   0.000000e+00
   0.000000e+00
   0.000000e+00
   0.000000e+00
   0.000000e+00
   0.000000e+00
   0.000000e+00
   0.000000e+00
   0.000000e+00
   0.000000e+00
   0.000000e+00
   0.000000e+00
   0.000000e+00
   0.000000e+00
   0.000000e+00
   0.000000e+00
   0.000000e+00
   0.000000e+00
   0.000000e+00
   0.000000e+00
   0.000000e+00
   0.000000e+00
   0.000000e+00
   0.000000e+00
   0.000000e+00
   0.000000e+00
   0.000000e+00
   0.000000e+00
   0.000000e+00
   0.000000e+00
   0.000000e+00
   0.000000e+00
   0.000000e+00
   0.000000e+00
   0.000000e+00
   0.000000e+00
   0.000000e+00
   0.000000e+00
   0.000000e+00
   0.000000e+00
   0.000000e+00
   0.000000e+00
   0.000000e+00
   0.000000e+00
   0.000000e+00
   0.000000e+00
   0.000000e+00
   0.000000e+00
   0.000000e+00
   0.000000e+00
   0.000000e+00
   0.000000e+00
   0.000000e+00
   0.000000e+00
   0.000000e+00
   0.000000e+00
   0.000000e+00
   0.000000e+00
   0.000000e+00
   0.000000e+00
   0.000000e+00
   0.000000e+00
   0.000000e+00
   0.000000e+00
   0.000000e+00
   0.000000e+00
   0.000000e+00
   0.000000e+00
   0.000000e+00
   0.000000e+00
   0.000000e+00
   0.000000e+00
   0.000000e+00
   0.000000e+00
   0.000000e+00
   0.000000e+00
   0.000000e+00
   0.000000e+00
   0.000000e+00
   0.000000e+00
   0.000000e+00
   0.000000e+00
   0.000000e+00
   0.000000e+00
   0.000000e+00
   0.000000e+00
   0.000000e+00
   0.000000e+00
   0.000000e+00
   0.000000e+00
   0.000000e+00
   0.000000e+00
   0.000000e+00
   0.000000e+00
   0.000000e+00
   0.000000e+00
   0.000000e+00
   0.000000e+00
   0.000000e+00
   0.000000e+00
   0.000000e+00
   0.000000e+00
   0.000000e+00
   0.000000e+00
   0.000000e+00
   0.000000e+00
   0.000000e+00
   0.000000e+00
   0.000000e+00
   0.000000e+00
   0.000000e+00
   0.000000e+00
   0.000000e+00
   0.000000e+00
   0.000000e+00
   0.000000e+00
   0.000000e+00
   0.000000e+00
   0.000000e+00
   0.000000e+00
   0.000000e+00
   0.000000e+00
   0.000000e+00
   0.000000e+00
   0.000000e+00
   0.000000e+00
   0.000000e+00
   0.000000e+00
   0.000000e+00
   0.000000e+00
   0.000000e+00
   0.000000e+00
   0.000000e+00
   0.000000e+00
   0.000000e+00
   0.000000e+00
   0.000000e+00
   0.000000e+00
   0.000000e+00
   0.000000e+00
   0.000000e+00
   0.000000e+00
   0.000000e+00
   0.000000e+00
   0.000000e+00
   0.000000e+00
   0.000000e+00
   0.000000e+00
   0.000000e+00
   0.000000e+00
   0.000000e+00
   0.000000e+00
   0.000000e+00
   0.000000e+00
   0.000000e+00
   0.000000e+00
   0.000000e+00
   0.000000e+00
   0.000000e+00
   0.000000e+00
   0.000000e+00
   0.000000e+00
   0.000000e+00
   0.000000e+00
   0.000000e+00
   0.000000e+00
   0.000000e+00
   0.000000e+00
   0.000000e+00
   0.000000e+00
   0.000000e+00
   0.000000e+00
   0.000000e+00
   0.000000e+00
   0.000000e+00
   0.000000e+00
   0.000000e+00
   0.000000e+00
   0.000000e+00
   0.000000e+00
   0.000000e+00
   0.000000e+00
   0.000000e+00
   0.000000e+00
   0.000000e+00
   0.000000e+00
   0.000000e+00
   0.000000e+00
   0.000000e+00
   0.000000e+00
   0.000000e+00
   0.000000e+00
   0.000000e+00
   0.000000e+00
   0.000000e+00
   0.000000e+00
   0.000000e+00
   0.000000e+00
   0.000000e+00
   0.000000e+00
   0.000000e+00
   0.000000e+00
   0.000000e+00
   0.000000e+00
   0.000000e+00
   0.000000e+00
   0.000000e+00
   0.000000e+00
   0.000000e+00
   0.000000e+00
   0.000000e+00
   0.000000e+00
   0.000000e+00
   0.000000e+00
   0.000000e+00
   0.000000e+00
   0.000000e+00
   0.000000e+00
   0.000000e+00
   0.000000e+00
   0.000000e+00
   0.000000e+00
   0.000000e+00
   0.000000e+00
   0.000000e+00
   0.000000e+00
   0.000000e+00
   0.000000e+00
   0.000000e+00
   0.000000e+00
   0.000000e+00
   0.000000e+00
   0.000000e+00
   0.000000e+00
   0.000000e+00
   0.000000e+00
   0.000000e+00
   0.000000e+00
   0.000000e+00
   0.000000e+00
   0.000000e+00
   0.000000e+00
   0.000000e+00
   0.000000e+00
   0.000000e+00
   0.000000e+00
   0.000000e+00
   0.000000e+00
   0.000000e+00
   0.000000e+00
   0.000000e+00
   0.000000e+00
   0.000000e+00
   0.000000e+00
   0.000000e+00
   0.000000e+00
   0.000000e+00
   0.000000e+00
   0.000000e+00
   0.000000e+00
   0.000000e+00
   0.000000e+00
   0.000000e+00
   0.000000e+00
   0.000000e+00
   0.000000e+00
   0.000000e+00
   0.000000e+00
   0.000000e+00
   0.000000e+00
   0.000000e+00
   0.000000e+00
   0.000000e+00
   0.000000e+00
   0.000000e+00
   0.000000e+00
   0.000000e+00
   0.000000e+00
   0.000000e+00
   0.000000e+00
   0.000000e+00
   0.000000e+00
   0.000000e+00
   0.000000e+00
   0.000000e+00
   0.000000e+00
   0.000000e+00
   0.000000e+00
   0.000000e+00
   0.000000e+00
   0.000000e+00
   0.000000e+00
   0.000000e+00
   0.000000e+00
   0.000000e+00
   0.000000e+00
   0.000000e+00
   0.000000e+00
   0.000000e+00
   0.000000e+00
   0.000000e+00
   0.000000e+00
   0.000000e+00
   0.000000e+00
   0.000000e+00
   0.000000e+00
   0.000000e+00
   0.000000e+00
   0.000000e+00
   0.000000e+00
   0.000000e+00
   0.000000e+00
   0.000000e+00
   0.000000e+00
   0.000000e+00
   0.000000e+00
   0.000000e+00
   0.000000e+00
   0.000000e+00
   0.000000e+00
   0.000000e+00
