   0.000000e+00
   0.000000e+00
  -5.204505e-22
  -6.750287e-22
  -3.159800e-22
   7.126580e-23
  -6.857743e-22
  -3.372171e-21
  -7.067038e-21
  -9.100907e-21
  -6.982809e-21
  -1.044482e-21
   4.836395e-21
   5.905998e-21
   5.086638e-22
  -8.741217e-21
  -1.765908e-20
  -2.327381e-20
  -2.317374e-20
  -1.357870e-20
   8.370603e-21
   3.733696e-20
   5.573794e-20
   4.338468e-20
  -1.440062e-21
  -5.042679e-20
  -6.324919e-20
  -2.467146e-20
   3.743829e-20
   7.595906e-20
   6.681790e-20
   2.606510e-20
  -1.149535e-20
  -2.437782e-20
  -1.591576e-20
  -2.713127e-21
   1.883046e-21
  -3.460251e-21
  -7.781641e-21
   5.061314e-21
   4.317445e-20
   9.635810e-20
   1.404434e-19
   1.543194e-19
   1.337557e-19
   9.095115e-20
   4.399331e-20
   6.575122e-21
  -1.565129e-20
  -2.132093e-20
  -8.217080e-21
   2.379443e-20
   6.325958e-20
   8.747389e-20
   8.031889e-20
   4.897088e-20
   1.829366e-20
   9.871244e-21
   2.842451e-20
   6.277102e-20
   9.364620e-20
   1.041714e-19
   8.958741e-20
   5.729880e-20
   1.716804e-20
  -2.358885e-20
  -5.511686e-20
  -6.253094e-20
  -3.542461e-20
   2.058525e-20
   8.232143e-20
   1.184136e-19
   1.053193e-19
   4.279782e-20
  -4.299747e-20
  -1.134298e-19
  -1.373007e-19
  -1.044654e-19
  -3.101727e-20
   4.598035e-20
   8.899570e-20
   8.611465e-20
   5.826629e-20
   3.758036e-20
   3.692212e-20
   3.925444e-20
   1.670412e-20
  -3.646755e-20
  -8.846627e-20
  -9.363503e-20
  -3.703514e-20
   4.809028e-20
   1.112272e-19
   1.288975e-19
   1.167271e-19
   1.060487e-19
   1.128448e-19
   1.215801e-19
   9.662337e-20
   2.129500e-20
  -6.907482e-20
  -1.063019e-19
  -5.262114e-20
   5.932125e-20
   1.512059e-19
   1.565680e-19
   6.185522e-20
  -8.257583e-20
  -1.824715e-19
  -1.572207e-19
  -8.259430e-21
   1.691789e-19
   2.616350e-19
   2.344650e-19
   1.499997e-19
   8.968676e-20
   7.002364e-20
   4.545902e-20
  -1.360538e-20
  -6.963420e-20
  -6.164702e-20
   1.015437e-20
   7.198501e-20
   5.920225e-20
  -1.308149e-20
  -8.394590e-20
  -1.279125e-19
  -1.631994e-19
  -1.895066e-19
  -1.683343e-19
  -7.956376e-20
   3.934324e-20
   1.302165e-19
   1.666002e-19
   1.576991e-19
   1.245144e-19
   8.611383e-20
   5.190647e-20
   1.617131e-20
  -2.864009e-20
  -7.092623e-20
  -8.725210e-20
  -7.214137e-20
  -4.373563e-20
  -1.732062e-20
   7.583764e-21
   2.718720e-20
   2.177497e-20
  -1.800843e-20
  -6.473630e-20
  -7.592558e-20
  -4.267912e-20
   9.312512e-22
   2.229526e-20
   2.720581e-20
   4.082671e-20
   6.732615e-20
   8.916327e-20
   9.969911e-20
   1.144510e-19
   1.489101e-19
   1.993214e-19
   2.453158e-19
   2.547341e-19
   1.714649e-19
   3.385803e-20
   2.598555e-20
  -4.574088e-19
  -8.941587e-19
   4.878521e-18
   9.367882e-19
  -5.222579e-17
   3.987596e-17
   5.078223e-16
  -5.227393e-16
  -4.990557e-15
   2.954044e-15
   4.899664e-14
   2.478045e-14
  -4.092170e-13
  -9.183721e-13
   1.726117e-12
   1.197437e-11
   1.714378e-11
  -4.983043e-11
  -3.069617e-10
  -6.943015e-10
  -1.946893e-10
   4.870987e-09
   2.371745e-08
   7.506732e-08
   1.917614e-07
   4.252228e-07
   8.488319e-07
   1.559297e-06
   2.675297e-06
   4.332998e-06
   6.678438e-06
   9.857251e-06
   1.400256e-05
   1.922224e-05
   2.558686e-05
   3.311963e-05
   4.178944e-05
   5.150782e-05
   6.213001e-05
   7.346006e-05
   8.525933e-05
   9.725736e-05
   1.091638e-04
   1.206808e-04
   1.315132e-04
   1.413787e-04
   1.500138e-04
   1.571788e-04
   1.626607e-04
   1.662744e-04
   1.678643e-04
   1.673056e-04
   1.645066e-04
   1.594120e-04
   1.520077e-04
   1.423251e-04
   1.304455e-04
   1.165036e-04
   1.006878e-04
   8.323797e-05
   6.443992e-05
   4.461564e-05
   2.411104e-05
   3.281206e-06
  -1.752526e-05
  -3.798142e-05
  -5.779539e-05
  -7.672059e-05
  -9.456217e-05
  -1.111790e-04
  -1.264818e-04
  -1.404269e-04
  -1.530087e-04
  -1.642497e-04
  -1.741905e-04
  -1.828819e-04
  -1.903771e-04
  -1.967278e-04
  -2.019812e-04
  -2.061798e-04
  -2.093617e-04
  -2.115616e-04
  -2.128111e-04
  -2.131380e-04
  -2.125646e-04
  -2.111042e-04
  -2.087573e-04
  -2.055079e-04
  -2.013207e-04
  -1.961399e-04
  -1.898916e-04
  -1.824881e-04
  -1.738367e-04
  -1.638494e-04
  -1.524564e-04
  -1.396177e-04
  -1.253356e-04
  -1.096632e-04
  -9.271070e-05
  -7.464652e-05
  -5.569382e-05
  -3.612310e-05
  -1.624110e-05
   3.622727e-06
   2.313059e-05
   4.195042e-05
   5.976835e-05
   7.629869e-05
   9.129104e-05
   1.045346e-04
   1.158602e-04
   1.251402e-04
   1.322882e-04
   1.372579e-04
   1.400434e-04
   1.406795e-04
   1.392428e-04
   1.358529e-04
   1.306735e-04
   1.239108e-04
   1.158108e-04
   1.066529e-04
   9.674093e-05
   8.639090e-05
   7.591727e-05
   6.561786e-05
   5.575951e-05
   4.656549e-05
   3.820627e-05
   3.079438e-05
   2.438393e-05
   1.897462e-05
   1.451969e-05
   1.093666e-05
   8.119501e-06
   5.950848e-06
   4.312824e-06
   3.095594e-06
   2.203016e-06
   1.555333e-06
   1.089308e-06
   7.565229e-07
   5.207434e-07
   3.551480e-07
   2.399472e-07
   1.605820e-07
   1.064245e-07
   6.981589e-08
   4.531205e-08
   2.908340e-08
   1.845568e-08
   1.157571e-08
   7.173380e-09
   4.389782e-09
   2.651598e-09
   1.580392e-09
   9.291210e-10
   5.385816e-10
   3.076770e-10
   1.731460e-10
   9.595157e-11
   5.234419e-11
   2.809883e-11
   1.483631e-11
   7.702402e-12
   3.930692e-12
   1.971199e-12
   9.711005e-13
   4.698229e-13
   2.231772e-13
   1.040739e-13
   4.763410e-14
   2.139305e-14
   9.426324e-15
   4.074739e-15
   1.727737e-15
   7.183691e-16
   2.928658e-16
   1.171725e-16
   4.609544e-17
   1.781043e-17
   6.674005e-18
   2.369332e-18
   7.576176e-19
   1.466639e-19
  -1.092256e-19
  -2.267850e-19
  -2.732320e-19
  -2.837071e-19
  -2.508362e-19
  -1.553871e-19
  -4.905249e-20
   8.604606e-21
   3.068112e-20
   7.670727e-20
   1.366053e-19
   1.418962e-19
   8.342703e-20
   9.146502e-21
  -5.902013e-20
  -1.257594e-19
  -1.678108e-19
  -1.457361e-19
  -8.746250e-20
  -7.740386e-20
  -1.014031e-19
  -5.685935e-20
   3.856477e-20
   5.812640e-20
  -1.659495e-21
  -2.416514e-20
   2.678296e-20
   9.066949e-20
   1.269472e-19
   1.359120e-19
   1.259608e-19
   1.153946e-19
   1.149936e-19
   1.003887e-19
   6.101557e-20
   3.662231e-20
   5.339256e-20
   7.280978e-20
   5.286449e-20
   6.050538e-21
  -3.729152e-20
  -6.618223e-20
  -6.992616e-20
  -4.763905e-20
  -3.034707e-20
  -2.383673e-20
   9.580500e-21
   6.331964e-20
   7.501531e-20
  -1.761792e-20
   2.917213e-20
   3.000520e-20
   5.541397e-22
   2.108422e-20
   8.622144e-20
   1.228976e-19
   8.038608e-20
  -4.612001e-20
  -1.375519e-19
  -2.631319e-20
   2.147744e-19
   3.434555e-19
   3.116822e-19
   2.311856e-19
   1.236584e-19
  -1.856821e-20
  -1.113391e-19
  -9.586259e-20
  -2.679579e-20
   2.166854e-20
   1.938506e-20
  -1.913726e-20
  -1.245539e-20
   8.587492e-20
   1.448768e-19
   4.088776e-20
  -8.397165e-20
  -4.131413e-20
   1.172795e-19
   1.866151e-19
   5.368422e-20
  -1.521064e-19
  -2.403683e-19
  -2.122310e-19
  -1.642177e-19
  -1.102522e-19
   4.558379e-21
   1.756862e-19
   2.852374e-19
   2.832090e-19
   2.240496e-19
   8.854535e-20
  -7.106127e-20
  -8.161568e-20
   6.733112e-21
  -4.214550e-20
  -2.368353e-19
  -4.735879e-19
  -1.052124e-18
  -2.743091e-18
  -7.178443e-18
  -1.856967e-17
  -4.776119e-17
  -1.212374e-16
  -3.019096e-16
  -7.370095e-16
  -1.764979e-15
  -4.148006e-15
  -9.567556e-15
  -2.165917e-14
  -4.812653e-14
  -1.049701e-13
  -2.247714e-13
  -4.725864e-13
  -9.758048e-13
  -1.979124e-12
  -3.943810e-12
  -7.723484e-12
  -1.486939e-11
  -2.815062e-11
  -5.242530e-11
  -9.607484e-11
  -1.733245e-10
  -3.079326e-10
  -5.389639e-10
  -9.297000e-10
  -1.581199e-09
  -2.652603e-09
  -4.391079e-09
  -7.175436e-09
  -1.157909e-08
  -1.845998e-08
  -2.908699e-08
  -4.531475e-08
  -6.982319e-08
  -1.064455e-07
  -1.606154e-07
  -2.399683e-07
  -3.551291e-07
  -5.207263e-07
  -7.566998e-07
  -1.090014e-06
  -1.556916e-06
  -2.205832e-06
  -3.100861e-06
  -4.325574e-06
  -5.986608e-06
  -8.216309e-06
  -1.117366e-05
  -1.504275e-05
  -2.002833e-05
  -2.634826e-05
  -3.422309e-05
  -4.386340e-05
  -5.545581e-05
  -6.914887e-05
  -8.504004e-05
  -1.031648e-04
  -1.234892e-04
  -1.459059e-04
  -1.702341e-04
  -1.962240e-04
  -2.235636e-04
  -2.518887e-04
  -2.807944e-04
  -3.098469e-04
  -3.385960e-04
  -3.665861e-04
  -3.933667e-04
  -4.185013e-04
  -4.415757e-04
  -4.622045e-04
  -4.800381e-04
  -4.947681e-04
  -5.061333e-04
  -5.139251e-04
  -5.179915e-04
  -5.182416e-04
  -5.146475e-04
  -5.072455e-04
  -4.961335e-04
  -4.814682e-04
  -4.634577e-04
  -4.423539e-04
  -4.184415e-04
  -3.920274e-04
  -3.634289e-04
  -3.329632e-04
  -3.009373e-04
  -2.676412e-04
  -2.333417e-04
  -1.982806e-04
  -1.626732e-04
  -1.267106e-04
  -9.056211e-05
  -5.437979e-05
  -1.830224e-05
   1.754098e-05
   5.302580e-05
   8.803075e-05
   1.224349e-04
   1.561162e-04
   1.889508e-04
   2.208121e-04
   2.515703e-04
   2.810910e-04
   3.092352e-04
   3.358573e-04
   3.608056e-04
   3.839210e-04
   4.050389e-04
   4.239900e-04
   4.406045e-04
   4.547165e-04
   4.661695e-04
   4.748242e-04
   4.805652e-04
   4.833087e-04
   4.830090e-04
   4.796642e-04
   4.733192e-04
   4.640681e-04
   4.520528e-04
   4.374608e-04
   4.205203e-04
   4.014942e-04
   3.806731e-04
   3.583681e-04
   3.349027e-04
   3.106065e-04
   2.858081e-04
   2.608299e-04
   2.359829e-04
   2.115621e-04
   1.878423e-04
   1.650745e-04
   1.434819e-04
   1.232564e-04
   1.045545e-04
   8.749488e-05
   7.215559e-05
   5.857272e-05
   4.674046e-05
   3.661264e-05
   2.810614e-05
   2.110585e-05
   1.547121e-05
   1.104376e-05
   7.655287e-06
   5.135969e-06
   3.321894e-06
   2.061444e-06
   1.220123e-06
   6.836196e-07
   3.590242e-07
   1.743713e-07
   7.679451e-08
   2.971386e-08
   9.512911e-09
   2.153677e-09
   1.008418e-10
  -1.890609e-10
  -9.833354e-11
  -2.008240e-11
   3.619331e-12
   3.639111e-12
   7.257349e-13
  -2.288069e-13
  -1.426963e-13
  -2.906578e-15
   1.630724e-14
   2.638317e-15
  -1.597566e-15
  -4.166120e-16
   1.617600e-16
   4.700730e-17
  -1.854260e-17
  -3.952667e-18
   2.253913e-18
   1.436590e-19
  -2.440622e-19
   2.758877e-20
   1.773139e-20
  -6.515523e-21
   9.598231e-24
   5.745583e-22
  -1.709884e-22
   6.027705e-24
   1.201394e-23
  -4.823296e-24
   9.011950e-25
   5.078531e-27
  -6.825445e-26
   2.916914e-26
  -8.361947e-27
   1.921041e-27
  -3.755528e-28
   6.420406e-29
  -9.720326e-30
   1.306536e-30
  -1.545385e-31
   1.560909e-32
  -1.226868e-33
   4.557577e-35
   7.673846e-36
  -2.367111e-36
   4.183386e-37
  -6.000868e-38
   7.593333e-39
  -8.770173e-40
   9.411997e-41
  -9.486928e-42
   9.045883e-43
  -8.201288e-44
   7.097343e-45
  -5.880440e-46
   4.676201e-47
  -3.576318e-48
   2.635092e-49
  -1.873384e-50
   1.286778e-51
  -8.549396e-53
   5.500213e-54
  -3.429639e-55
   2.074523e-56
  -1.218240e-57
   6.950397e-59
  -3.855151e-60
   2.080179e-61
  -1.092550e-62
   5.588567e-64
  -2.785487e-65
   1.353482e-66
  -6.414340e-68
   2.966100e-69
  -1.338844e-70
   5.901359e-72
  -2.541032e-73
   1.069191e-74
  -4.397750e-76
   1.768776e-77
  -6.958449e-79
   2.678390e-80
  -1.008965e-81
   3.720768e-83
  -1.343546e-84
   4.751606e-86
  -1.646250e-87
   5.588751e-89
  -1.859470e-90
   6.064672e-92
  -1.939340e-93
   6.081500e-95
  -1.870491e-96
   5.643700e-98
  -1.670736e-99
  4.853524e-101
 -1.383816e-102
  3.872898e-104
 -1.064123e-105
  2.870813e-107
 -7.605587e-109
  1.978929e-110
 -5.057663e-112
  1.269821e-113
 -3.132254e-115
  7.591714e-117
 -1.808156e-118
  4.232414e-120
 -9.737282e-122
  2.202034e-123
 -4.895363e-125
  1.069932e-126
 -2.299174e-128
  4.858082e-130
 -1.009407e-131
  2.062554e-133
 -4.144859e-135
  8.192303e-137
 -1.592643e-138
  3.045583e-140
 -5.729055e-142
  1.060172e-143
 -1.930049e-145
  3.456814e-147
 -6.091354e-149
  1.056076e-150
 -1.801489e-152
  3.023658e-154
 -4.993511e-156
  8.114423e-158
 -1.297452e-159
  2.041309e-161
 -3.160161e-163
  4.813819e-165
 -7.215142e-167
  1.064060e-168
 -1.543983e-170
  2.204240e-172
 -3.095976e-174
  4.277956e-176
 -5.814985e-178
  7.775046e-180
 -1.022498e-181
  1.322464e-183
 -1.681964e-185
  2.103304e-187
 -2.585658e-189
  3.124236e-191
 -3.709594e-193
  4.327215e-195
 -4.957467e-197
  5.576038e-199
 -6.154896e-201
  6.663779e-203
 -7.072149e-205
  7.351464e-207
 -7.477584e-209
  7.433056e-211
 -7.209035e-213
  6.806584e-215
 -6.237189e-217
  5.522358e-219
 -4.692323e-221
  3.783937e-223
 -2.837972e-225
  1.896088e-227
 -9.977949e-230
  1.777083e-232
  5.366329e-234
 -1.126199e-235
  1.581059e-237
 -1.900145e-239
  2.090277e-241
 -2.164654e-243
  2.140993e-245
 -2.039572e-247
  1.881362e-249
 -1.686433e-251
  1.472722e-253
 -1.255224e-255
  1.045595e-257
 -8.521196e-260
  6.799606e-262
 -5.316061e-264
  4.074171e-266
 -3.062023e-268
   0.000000e+00
   0.000000e+00
