 0.00000000000000E+0000   0.00000000000000E+0000
 1.00000000000000E+0000   3.74866570746667E-0020
 2.00000000000000E+0000   0.00000000000000E+0000
 3.00000000000000E+0000   4.42316041410274E-0020
 4.00000000000000E+0000   5.17684868952574E-0020
 5.00000000000000E+0000   3.03400006903991E-0020
 6.00000000000000E+0000   2.12501537946904E-0020
 7.00000000000000E+0000   4.25220253946248E-0020
 8.00000000000000E+0000   6.91881846277230E-0020
 9.00000000000000E+0000   6.93372155270386E-0020
 1.00000000000000E+0001   4.26183974511707E-0020
 1.10000000000000E+0001   1.32794196351695E-0020
 1.20000000000000E+0001   0.00000000000000E+0000
 1.30000000000000E+0001   0.00000000000000E+0000
 1.40000000000000E+0001   0.00000000000000E+0000
 1.50000000000000E+0001   0.00000000000000E+0000
 1.60000000000000E+0001   0.00000000000000E+0000
 1.70000000000000E+0001  -1.12787253785765E-0020
 1.80000000000000E+0001  -3.93943718913235E-0020
 1.90000000000000E+0001  -4.59991262369238E-0020
 2.00000000000000E+0001  -1.57763099905507E-0020
 2.10000000000000E+0001   1.81454549307923E-0020
 2.20000000000000E+0001   1.34551863922289E-0020
 2.30000000000000E+0001  -2.28652813951652E-0020
 2.40000000000000E+0001  -4.26553615377029E-0020
 2.50000000000000E+0001  -2.06524138635761E-0020
 2.60000000000000E+0001   1.41836682014719E-0020
 2.70000000000000E+0001   1.63063310476976E-0020
 2.80000000000000E+0001  -2.44667569354983E-0020
 2.90000000000000E+0001  -7.59233261090693E-0020
 3.00000000000000E+0001  -9.89189648181483E-0020
 3.10000000000000E+0001  -8.37183410786180E-0020
 3.20000000000000E+0001  -5.54765233849426E-0020
 3.30000000000000E+0001  -4.73698283689102E-0020
 3.40000000000000E+0001  -6.59739457989180E-0020
 3.50000000000000E+0001  -8.27499266006938E-0020
 3.60000000000000E+0001  -6.39224792020963E-0020
 3.70000000000000E+0001   0.00000000000000E+0000
 3.80000000000000E+0001   5.45643937959284E-0020
 3.90000000000000E+0001   9.01544503398442E-0020
 4.00000000000000E+0001   9.01037969070802E-0020
 4.10000000000000E+0001   6.88600457186196E-0020
 4.20000000000000E+0001   5.15615841220993E-0020
 4.30000000000000E+0001   5.40020568295518E-0020
 4.40000000000000E+0001   6.37760122474748E-0020
 4.50000000000000E+0001   4.96700445065196E-0020
 4.60000000000000E+0001   0.00000000000000E+0000
 4.70000000000000E+0001  -6.34061917571342E-0020
 4.80000000000000E+0001  -9.66615388166902E-0020
 4.90000000000000E+0001  -8.21530145628071E-0020
 5.00000000000000E+0001  -3.78574768619623E-0020
 5.10000000000000E+0001   0.00000000000000E+0000
 5.20000000000000E+0001   1.05571355960163E-0020
 5.30000000000000E+0001   1.09087941139022E-0020
 5.40000000000000E+0001   2.13381553392547E-0020
 5.50000000000000E+0001   3.39075238584885E-0020
 5.60000000000000E+0001   2.57467991769465E-0020
 5.70000000000000E+0001   0.00000000000000E+0000
 5.80000000000000E+0001  -2.34342799685463E-0020
 5.90000000000000E+0001  -1.78812120582135E-0020
 6.00000000000000E+0001   1.15504905102563E-0020
 6.10000000000000E+0001   4.27947803927944E-0020
 6.20000000000000E+0001   4.70454584249991E-0020
 6.30000000000000E+0001   1.67875552492274E-0020
 6.40000000000000E+0001  -1.44192130494211E-0020
 6.50000000000000E+0001   0.00000000000000E+0000
 6.60000000000000E+0001   1.59295979963611E-0020
 6.70000000000000E+0001   0.00000000000000E+0000
 6.80000000000000E+0001  -6.50521245725169E-0020
 6.90000000000000E+0001  -1.34470066205006E-0019
 7.00000000000000E+0001  -1.40709996418734E-0019
 7.10000000000000E+0001  -7.24645958904760E-0020
 7.20000000000000E+0001   2.53055118012275E-0020
 7.30000000000000E+0001   9.00237627042427E-0020
 7.40000000000000E+0001   8.42889144629024E-0020
 7.50000000000000E+0001   2.10983680282493E-0020
 7.60000000000000E+0001  -4.92318386044565E-0020
 7.70000000000000E+0001  -8.27888234423212E-0020
 7.80000000000000E+0001  -7.18982651270778E-0020
 7.90000000000000E+0001  -3.80968307610933E-0020
 8.00000000000000E+0001   0.00000000000000E+0000
 8.10000000000000E+0001   0.00000000000000E+0000
 8.20000000000000E+0001   0.00000000000000E+0000
 8.30000000000000E+0001   0.00000000000000E+0000
 8.40000000000000E+0001   0.00000000000000E+0000
 8.50000000000000E+0001   0.00000000000000E+0000
 8.60000000000000E+0001   1.53798280245123E-0020
 8.70000000000000E+0001   3.12504229563844E-0020
 8.80000000000000E+0001   3.55004167461352E-0020
 8.90000000000000E+0001   2.01047512345167E-0020
 9.00000000000000E+0001   0.00000000000000E+0000
 9.10000000000000E+0001   1.51734838789660E-0020
 9.20000000000000E+0001   4.35016130374515E-0020
 9.30000000000000E+0001   4.73749194049139E-0020
 9.40000000000000E+0001   1.14585663304754E-0020
 9.50000000000000E+0001  -2.82662906793635E-0020
 9.60000000000000E+0001  -3.40565040687139E-0020
 9.70000000000000E+0001  -1.44836448166272E-0020
 9.80000000000000E+0001   0.00000000000000E+0000
 9.90000000000000E+0001  -1.56395499993867E-0020
 1.00000000000000E+0002  -3.31175764574290E-0020
 1.01000000000000E+0002  -4.12259370625295E-0020
 1.02000000000000E+0002  -3.73949172913886E-0020
 1.03000000000000E+0002  -1.92964438401787E-0020
 1.04000000000000E+0002   1.61977418649555E-0020
 1.05000000000000E+0002   5.87614553321396E-0020
 1.06000000000000E+0002   8.98825928183447E-0020
 1.07000000000000E+0002   1.02456169227607E-0019
 1.08000000000000E+0002   9.68760743924478E-0020
 1.09000000000000E+0002   6.98114888247804E-0020
 1.10000000000000E+0002   2.94679787493593E-0020
 1.11000000000000E+0002   0.00000000000000E+0000
 1.12000000000000E+0002   0.00000000000000E+0000
 1.13000000000000E+0002  -1.83929991679586E-0020
 1.14000000000000E+0002  -2.63966748315524E-0020
 1.15000000000000E+0002  -1.22705113588817E-0020
 1.16000000000000E+0002   1.34183737620344E-0020
 1.17000000000000E+0002   0.00000000000000E+0000
 1.18000000000000E+0002  -3.26239284778060E-0020
 1.19000000000000E+0002  -5.45786398296819E-0020
 1.20000000000000E+0002  -4.27995154077044E-0020
 1.21000000000000E+0002  -4.98843419042895E-0020
 1.22000000000000E+0002  -1.02349617598152E-0019
 1.23000000000000E+0002  -1.35470312462170E-0019
 1.24000000000000E+0002  -7.58880995640882E-0020
 1.25000000000000E+0002   4.86509095694033E-0020
 1.26000000000000E+0002   1.35555291951989E-0019
 1.27000000000000E+0002   1.27255740805346E-0019
 1.28000000000000E+0002   5.90437497191955E-0020
 1.29000000000000E+0002   0.00000000000000E+0000
 1.30000000000000E+0002  -4.50521930097375E-0020
 1.31000000000000E+0002  -6.09013888217899E-0020
 1.32000000000000E+0002  -5.40814363897182E-0020
 1.33000000000000E+0002  -2.15698336677451E-0020
 1.34000000000000E+0002   3.00747044616890E-0020
 1.35000000000000E+0002   8.80316749014568E-0020
 1.36000000000000E+0002   1.34839007301904E-0019
 1.37000000000000E+0002   1.45351253432142E-0019
 1.38000000000000E+0002   1.05027032370833E-0019
 1.39000000000000E+0002   3.67399756948202E-0020
 1.40000000000000E+0002  -1.10379835765626E-0020
 1.41000000000000E+0002  -1.29636774145465E-0020
 1.42000000000000E+0002   0.00000000000000E+0000
 1.43000000000000E+0002   0.00000000000000E+0000
 1.44000000000000E+0002  -5.50315045723576E-0020
 1.45000000000000E+0002  -1.26153518941898E-0019
 1.46000000000000E+0002  -1.59243162345268E-0019
 1.47000000000000E+0002  -1.11740288314941E-0019
 1.48000000000000E+0002   0.00000000000000E+0000
 1.49000000000000E+0002   9.10130166298827E-0020
 1.50000000000000E+0002   8.42333188436194E-0020
 1.51000000000000E+0002   0.00000000000000E+0000
 1.52000000000000E+0002  -9.05357334266332E-0020
 1.53000000000000E+0002  -9.02397135873970E-0020
 1.54000000000000E+0002  -2.72726524909572E-0020
 1.55000000000000E+0002   3.33164729148867E-0020
 1.56000000000000E+0002   6.27779401976049E-0020
 1.57000000000000E+0002   6.32704432510583E-0020
 1.58000000000000E+0002   3.10937011953199E-0020
 1.59000000000000E+0002  -1.63757028006729E-0020
 1.60000000000000E+0002  -2.45508142594143E-0020
 1.61000000000000E+0002   3.66657099812265E-0020
 1.62000000000000E+0002   1.29631012150273E-0019
 1.63000000000000E+0002   1.85828821466399E-0019
 1.64000000000000E+0002   1.63752234317555E-0019
 1.65000000000000E+0002   8.21687002287084E-0020
 1.66000000000000E+0002   0.00000000000000E+0000
 1.67000000000000E+0002  -1.22084589018249E-0020
 1.68000000000000E+0002   0.00000000000000E+0000
 1.69000000000000E+0002  -2.53553525801670E-0020
 1.70000000000000E+0002  -7.05192349681421E-0020
 1.71000000000000E+0002  -8.51200592647458E-0020
 1.72000000000000E+0002  -3.62694405482898E-0020
 1.73000000000000E+0002   4.14401412526821E-0020
 1.74000000000000E+0002   8.02704097103524E-0020
 1.75000000000000E+0002   5.59642883865531E-0020
 1.76000000000000E+0002   1.95553010041126E-0020
 1.77000000000000E+0002   2.72973844864444E-0020
 1.78000000000000E+0002   5.63919188844414E-0020
 1.79000000000000E+0002   4.44486322348840E-0020
 1.80000000000000E+0002   0.00000000000000E+0000
 1.81000000000000E+0002  -1.36365024145582E-0020
 1.82000000000000E+0002   1.55077648556292E-0020
 1.83000000000000E+0002   1.03428440927563E-0020
 1.84000000000000E+0002  -6.06712571716562E-0020
 1.85000000000000E+0002  -1.22850247271533E-0019
 1.86000000000000E+0002  -1.06799039229025E-0019
 1.87000000000000E+0002  -4.73142076856207E-0020
 1.88000000000000E+0002  -1.55741694299876E-0020
 1.89000000000000E+0002   0.00000000000000E+0000
 1.90000000000000E+0002   1.49076206000661E-0020
 1.91000000000000E+0002   4.32305994238574E-0020
 1.92000000000000E+0002   1.50281436488958E-0020
 1.93000000000000E+0002  -5.84451740578761E-0020
 1.94000000000000E+0002  -1.02173314774637E-0019
 1.95000000000000E+0002  -9.33822850994402E-0020
 1.96000000000000E+0002  -6.61685573515020E-0020
 1.97000000000000E+0002  -3.43637680532920E-0020
 1.98000000000000E+0002   0.00000000000000E+0000
 1.99000000000000E+0002   0.00000000000000E+0000
 2.00000000000000E+0002  -3.52867824077425E-0020
 2.01000000000000E+0002  -3.98350756366097E-0020
 2.02000000000000E+0002  -1.98682568194491E-0020
 2.03000000000000E+0002  -1.80482609231043E-0020
 2.04000000000000E+0002  -3.92020466881738E-0020
 2.05000000000000E+0002  -3.51643297049756E-0020
 2.06000000000000E+0002   0.00000000000000E+0000
 2.07000000000000E+0002   2.06441616926150E-0020
 2.08000000000000E+0002  -1.60859353609177E-0020
 2.09000000000000E+0002  -2.79541279870473E-0020
 2.10000000000000E+0002   1.61634152245458E-0020
 2.11000000000000E+0002   3.27247262671443E-0020
 2.12000000000000E+0002  -1.13218962050114E-0020
 2.13000000000000E+0002  -4.39078431514267E-0020
 2.14000000000000E+0002  -3.56024792196275E-0020
 2.15000000000000E+0002  -3.06690234158270E-0020
 2.16000000000000E+0002  -4.12924752863363E-0020
 2.17000000000000E+0002  -3.51960514120745E-0020
 2.18000000000000E+0002   0.00000000000000E+0000
 2.19000000000000E+0002   0.00000000000000E+0000
 2.20000000000000E+0002  -2.63597285595662E-0020
 2.21000000000000E+0002  -7.13367482701824E-0020
 2.22000000000000E+0002  -7.11645905077234E-0020
 2.23000000000000E+0002   0.00000000000000E+0000
 2.24000000000000E+0002   7.04301994566970E-0020
 2.25000000000000E+0002   1.16823918175557E-0019
 2.26000000000000E+0002   1.27917541354775E-0019
 2.27000000000000E+0002   8.21759201393070E-0020
 2.28000000000000E+0002  -2.51037453892315E-0020
 2.29000000000000E+0002  -1.18735388120764E-0019
 2.30000000000000E+0002  -1.24478625400057E-0019
 2.31000000000000E+0002  -5.44531903159760E-0020
 2.32000000000000E+0002   3.36127848307836E-0020
 2.33000000000000E+0002   1.04820184434976E-0019
 2.34000000000000E+0002   1.49260457308186E-0019
 2.35000000000000E+0002   1.55676268104935E-0019
 2.36000000000000E+0002   1.22417808736938E-0019
 2.37000000000000E+0002   7.58897005538366E-0020
 2.38000000000000E+0002   3.52288715901589E-0020
 2.39000000000000E+0002   0.00000000000000E+0000
 2.40000000000000E+0002  -2.69379475218884E-0020
 2.41000000000000E+0002  -1.44243888597652E-0020
 2.42000000000000E+0002   0.00000000000000E+0000
 2.43000000000000E+0002   0.00000000000000E+0000
 2.44000000000000E+0002  -3.61440602565369E-0020
 2.45000000000000E+0002  -8.68156142781002E-0020
 2.46000000000000E+0002  -6.07084051865857E-0020
 2.47000000000000E+0002   5.71198226077224E-0020
 2.48000000000000E+0002   1.58353900117711E-0019
 2.49000000000000E+0002   1.32116111980336E-0019
 2.50000000000000E+0002   2.37632478178126E-0020
 2.51000000000000E+0002  -3.88667399739998E-0020
 2.52000000000000E+0002  -4.61076901860189E-0020
 2.53000000000000E+0002  -4.04205372931914E-0020
 2.54000000000000E+0002   0.00000000000000E+0000
 2.55000000000000E+0002   1.34658738477375E-0020
 2.56000000000000E+0002  -2.87061159095522E-0020
 2.57000000000000E+0002  -7.67176715472850E-0020
 2.58000000000000E+0002  -6.50740432894507E-0020
 2.59000000000000E+0002   0.00000000000000E+0000
 2.60000000000000E+0002   7.10491933952485E-0020
 2.61000000000000E+0002   1.11620322673293E-0019
 2.62000000000000E+0002   7.70701247422768E-0020
 2.63000000000000E+0002   3.42997626053038E-0020
 2.64000000000000E+0002   3.28248938604830E-0020
 2.65000000000000E+0002   3.24936378393699E-0020
 2.66000000000000E+0002   1.36047855371811E-0020
 2.67000000000000E+0002  -1.04340074982328E-0020
 2.68000000000000E+0002  -6.73017439918344E-0020
 2.69000000000000E+0002  -1.57991076261654E-0019
 2.70000000000000E+0002  -1.75735041295327E-0019
 2.71000000000000E+0002  -4.60763441287173E-0020
 2.72000000000000E+0002   1.03424345207438E-0019
 2.73000000000000E+0002   1.03154946725197E-0019
 2.74000000000000E+0002  -2.41460664120323E-0020
 2.75000000000000E+0002  -1.37257255778103E-0019
 2.76000000000000E+0002  -1.45854179158778E-0019
 2.77000000000000E+0002  -6.27151551351454E-0020
 2.78000000000000E+0002   0.00000000000000E+0000
 2.79000000000000E+0002  -4.33667756603292E-0020
 2.80000000000000E+0002  -5.27097491580250E-0020
 2.81000000000000E+0002  -1.41362355441514E-0020
 2.82000000000000E+0002  -5.11173985657484E-0020
 2.83000000000000E+0002  -1.55270501146005E-0019
 2.84000000000000E+0002  -1.53138738602062E-0019
 2.85000000000000E+0002  -3.05696479446916E-0020
 2.86000000000000E+0002   4.66967952874399E-0020
 2.87000000000000E+0002   3.61966206087829E-0020
 2.88000000000000E+0002   1.47318846732803E-0019
 2.89000000000000E+0002   2.00813158028146E-0019
 2.90000000000000E+0002  -6.40222137372359E-0019
 2.91000000000000E+0002  -1.17117912053632E-0018
 2.92000000000000E+0002   2.91588872235314E-0018
 2.93000000000000E+0002   6.54008011087474E-0018
 2.94000000000000E+0002  -1.16780042782839E-0017
 2.95000000000000E+0002  -3.40258951693416E-0017
 2.96000000000000E+0002   4.15620854555084E-0017
 2.97000000000000E+0002   1.67836238331293E-0016
 2.98000000000000E+0002  -1.19952105326112E-0016
 2.99000000000000E+0002  -7.83773442241457E-0016
 3.00000000000000E+0002   1.80084482036342E-0016
 3.01000000000000E+0002   3.42574668124719E-0015
 3.02000000000000E+0002   8.90582303981251E-0016
 3.03000000000000E+0002  -1.37791645268125E-0014
 3.04000000000000E+0002  -1.09825464376404E-0014
 3.05000000000000E+0002   4.95713871799307E-0014
 3.06000000000000E+0002   7.27809807418654E-0014
 3.07000000000000E+0002  -1.50350983704612E-0013
 3.08000000000000E+0002  -3.78263351230180E-0013
 3.09000000000000E+0002   3.21936954777364E-0013
 3.10000000000000E+0002   1.64864808824775E-0012
 3.11000000000000E+0002   1.51569618700688E-0015
 3.12000000000000E+0002  -6.02673375166282E-0012
 3.13000000000000E+0002  -4.74278011218716E-0012
 3.14000000000000E+0002   1.75033528518902E-0011
 3.15000000000000E+0002   3.14350884802065E-0011
 3.16000000000000E+0002  -3.24804383484572E-0011
 3.17000000000000E+0002  -1.36216267742115E-0010
 3.18000000000000E+0002  -2.12178487689577E-0011
 3.19000000000000E+0002   4.25993870974216E-0010
 3.20000000000000E+0002   5.04060258200041E-0010
 3.21000000000000E+0002  -8.19925302309198E-0010
 3.22000000000000E+0002  -2.48034219848986E-0009
 3.23000000000000E+0002  -3.10123126343513E-0010
 3.24000000000000E+0002   7.13146433878509E-0009
 3.25000000000000E+0002   9.62170128286101E-0009
 3.26000000000000E+0002  -8.83430325578733E-0009
 3.27000000000000E+0002  -3.98439950187418E-0008
 3.28000000000000E+0002  -3.04186544212035E-0008
 3.29000000000000E+0002   6.58113697567993E-0008
 3.30000000000000E+0002   1.73897079369458E-0007
 3.31000000000000E+0002   6.71497889653047E-0008
 3.32000000000000E+0002  -4.14310163470807E-0007
 3.33000000000000E+0002  -9.98943736826368E-0007
 3.34000000000000E+0002  -9.50035667744075E-0007
 3.35000000000000E+0002   1.64045089476226E-0007
 3.36000000000000E+0002   1.05921383509074E-0006
 3.37000000000000E+0002  -2.33442496567749E-0006
 3.38000000000000E+0002  -1.64827032162093E-0005
 3.39000000000000E+0002  -4.81483541043134E-0005
 3.40000000000000E+0002  -1.01523066704911E-0004
 3.41000000000000E+0002  -1.75997781270586E-0004
 3.42000000000000E+0002  -2.65445736514367E-0004
 3.43000000000000E+0002  -3.59059647320731E-0004
 3.44000000000000E+0002  -4.43389164475051E-0004
 3.45000000000000E+0002  -5.05199469851651E-0004
 3.46000000000000E+0002  -5.34570786522655E-0004
 3.47000000000000E+0002  -5.27226079135081E-0004
 3.48000000000000E+0002  -4.85043790626448E-0004
 3.49000000000000E+0002  -4.14517651827918E-0004
 3.50000000000000E+0002  -3.24054388138180E-0004
 3.51000000000000E+0002  -2.21477876292667E-0004
 3.52000000000000E+0002  -1.12627383897612E-0004
 3.53000000000000E+0002  -1.15530468933520E-0006
 3.54000000000000E+0002   1.10729178096809E-0004
 3.55000000000000E+0002   2.20825680689045E-0004
 3.56000000000000E+0002   3.25261106197078E-0004
 3.57000000000000E+0002   4.17437223205325E-0004
 3.58000000000000E+0002   4.88527634529158E-0004
 3.59000000000000E+0002   5.29665028977669E-0004
 3.60000000000000E+0002   5.34865238522028E-0004
 3.61000000000000E+0002   5.03296728537967E-0004
 3.62000000000000E+0002   4.40028935553899E-0004
 3.63000000000000E+0002   3.55220313984361E-0004
 3.64000000000000E+0002   2.62102870392437E-0004
 3.65000000000000E+0002   1.74137855812851E-0004
 3.66000000000000E+0002   1.01905000671254E-0004
 3.67000000000000E+0002   5.07287946885188E-0005
 3.68000000000000E+0002   2.01195486319317E-0005
 3.69000000000000E+0002   5.32930012798363E-0006
 3.70000000000000E+0002   1.24675637425098E-0007
 3.71000000000000E+0002  -7.38516992146072E-0007
 3.72000000000000E+0002  -3.90009861581413E-0007
 3.73000000000000E+0002  -7.01900847848804E-0008
 3.74000000000000E+0002   2.63906602190671E-0008
 3.75000000000000E+0002   1.90736990224456E-0008
 3.76000000000000E+0002   2.46673658111248E-0009
 3.77000000000000E+0002  -1.81598428579949E-0009
 3.78000000000000E+0002  -7.33723483799218E-0010
 3.79000000000000E+0002   8.46060121349583E-0011
 3.80000000000000E+0002   1.02147164294897E-0010
 3.81000000000000E+0002   2.09355752977152E-0012
 3.82000000000000E+0002  -1.16677118252836E-0011
 3.83000000000000E+0002  -8.28222589410815E-0013
 3.84000000000000E+0002   1.27884805186103E-0012
 3.85000000000000E+0002   7.36224898916697E-0014
 3.86000000000000E+0002  -1.38978672191184E-0013
 3.87000000000000E+0002   2.33002878517395E-0015
 3.88000000000000E+0002   1.39145675499449E-0014
 3.89000000000000E+0002  -2.00170162952977E-0015
 3.90000000000000E+0002  -1.05101646557556E-0015
 3.91000000000000E+0002   3.79501817879298E-0016
 3.92000000000000E+0002   2.10983951353086E-0017
 3.93000000000000E+0002  -3.95987044744721E-0017
 3.94000000000000E+0002   8.03535114634342E-0018
 3.95000000000000E+0002   1.28594818524404E-0018
 3.96000000000000E+0002  -1.07042826091074E-0018
 3.97000000000000E+0002   2.29634748146480E-0019
 3.98000000000000E+0002   1.11991214353145E-0020
 3.99000000000000E+0002   0.00000000000000E+0000
 4.00000000000000E+0002   0.00000000000000E+0000

