 0.00000000000000E+0000   0.00000000000000E+0000
 1.00000000000000E+0000   0.00000000000000E+0000
 2.00000000000000E+0000   0.00000000000000E+0000
 3.00000000000000E+0000   0.00000000000000E+0000
 4.00000000000000E+0000   0.00000000000000E+0000
 5.00000000000000E+0000   0.00000000000000E+0000
 6.00000000000000E+0000   0.00000000000000E+0000
 7.00000000000000E+0000   0.00000000000000E+0000
 8.00000000000000E+0000   0.00000000000000E+0000
 9.00000000000000E+0000   0.00000000000000E+0000
 1.00000000000000E+0001   0.00000000000000E+0000
 1.10000000000000E+0001   0.00000000000000E+0000
 1.20000000000000E+0001   0.00000000000000E+0000
 1.30000000000000E+0001   0.00000000000000E+0000
 1.40000000000000E+0001   0.00000000000000E+0000
 1.50000000000000E+0001   0.00000000000000E+0000
 1.60000000000000E+0001   0.00000000000000E+0000
 1.70000000000000E+0001   0.00000000000000E+0000
 1.80000000000000E+0001   0.00000000000000E+0000
 1.90000000000000E+0001   0.00000000000000E+0000
 2.00000000000000E+0001   0.00000000000000E+0000
 2.10000000000000E+0001   0.00000000000000E+0000
 2.20000000000000E+0001   0.00000000000000E+0000
 2.30000000000000E+0001   0.00000000000000E+0000
 2.40000000000000E+0001   0.00000000000000E+0000
 2.50000000000000E+0001   0.00000000000000E+0000
 2.60000000000000E+0001   0.00000000000000E+0000
 2.70000000000000E+0001   0.00000000000000E+0000
 2.80000000000000E+0001   0.00000000000000E+0000
 2.90000000000000E+0001   0.00000000000000E+0000
 3.00000000000000E+0001   0.00000000000000E+0000
 3.10000000000000E+0001   0.00000000000000E+0000
 3.20000000000000E+0001   0.00000000000000E+0000
 3.30000000000000E+0001   0.00000000000000E+0000
 3.40000000000000E+0001   0.00000000000000E+0000
 3.50000000000000E+0001   0.00000000000000E+0000
 3.60000000000000E+0001   0.00000000000000E+0000
 3.70000000000000E+0001   0.00000000000000E+0000
 3.80000000000000E+0001   0.00000000000000E+0000
 3.90000000000000E+0001   0.00000000000000E+0000
 4.00000000000000E+0001   0.00000000000000E+0000
 4.10000000000000E+0001   0.00000000000000E+0000
 4.20000000000000E+0001   0.00000000000000E+0000
 4.30000000000000E+0001   0.00000000000000E+0000
 4.40000000000000E+0001   0.00000000000000E+0000
 4.50000000000000E+0001   0.00000000000000E+0000
 4.60000000000000E+0001   0.00000000000000E+0000
 4.70000000000000E+0001   0.00000000000000E+0000
 4.80000000000000E+0001   0.00000000000000E+0000
 4.90000000000000E+0001   0.00000000000000E+0000
 5.00000000000000E+0001   0.00000000000000E+0000
 5.10000000000000E+0001   0.00000000000000E+0000
 5.20000000000000E+0001   0.00000000000000E+0000
 5.30000000000000E+0001   0.00000000000000E+0000
 5.40000000000000E+0001   0.00000000000000E+0000
 5.50000000000000E+0001   0.00000000000000E+0000
 5.60000000000000E+0001   0.00000000000000E+0000
 5.70000000000000E+0001   0.00000000000000E+0000
 5.80000000000000E+0001   0.00000000000000E+0000
 5.90000000000000E+0001   0.00000000000000E+0000
 6.00000000000000E+0001   0.00000000000000E+0000
 6.10000000000000E+0001   0.00000000000000E+0000
 6.20000000000000E+0001   0.00000000000000E+0000
 6.30000000000000E+0001   0.00000000000000E+0000
 6.40000000000000E+0001   0.00000000000000E+0000
 6.50000000000000E+0001   0.00000000000000E+0000
 6.60000000000000E+0001   0.00000000000000E+0000
 6.70000000000000E+0001   0.00000000000000E+0000
 6.80000000000000E+0001   0.00000000000000E+0000
 6.90000000000000E+0001   0.00000000000000E+0000
 7.00000000000000E+0001   0.00000000000000E+0000
 7.10000000000000E+0001   0.00000000000000E+0000
 7.20000000000000E+0001   0.00000000000000E+0000
 7.30000000000000E+0001   0.00000000000000E+0000
 7.40000000000000E+0001   0.00000000000000E+0000
 7.50000000000000E+0001   0.00000000000000E+0000
 7.60000000000000E+0001   0.00000000000000E+0000
 7.70000000000000E+0001   0.00000000000000E+0000
 7.80000000000000E+0001   0.00000000000000E+0000
 7.90000000000000E+0001   0.00000000000000E+0000
 8.00000000000000E+0001   0.00000000000000E+0000
 8.10000000000000E+0001   0.00000000000000E+0000
 8.20000000000000E+0001   0.00000000000000E+0000
 8.30000000000000E+0001   0.00000000000000E+0000
 8.40000000000000E+0001   0.00000000000000E+0000
 8.50000000000000E+0001   0.00000000000000E+0000
 8.60000000000000E+0001   0.00000000000000E+0000
 8.70000000000000E+0001   0.00000000000000E+0000
 8.80000000000000E+0001   0.00000000000000E+0000
 8.90000000000000E+0001   0.00000000000000E+0000
 9.00000000000000E+0001   0.00000000000000E+0000
 9.10000000000000E+0001   0.00000000000000E+0000
 9.20000000000000E+0001   0.00000000000000E+0000
 9.30000000000000E+0001   0.00000000000000E+0000
 9.40000000000000E+0001   0.00000000000000E+0000
 9.50000000000000E+0001   0.00000000000000E+0000
 9.60000000000000E+0001   0.00000000000000E+0000
 9.70000000000000E+0001   0.00000000000000E+0000
 9.80000000000000E+0001   0.00000000000000E+0000
 9.90000000000000E+0001   0.00000000000000E+0000
 1.00000000000000E+0002   0.00000000000000E+0000
 1.01000000000000E+0002   0.00000000000000E+0000
 1.02000000000000E+0002   0.00000000000000E+0000
 1.03000000000000E+0002   0.00000000000000E+0000
 1.04000000000000E+0002   0.00000000000000E+0000
 1.05000000000000E+0002   0.00000000000000E+0000
 1.06000000000000E+0002   0.00000000000000E+0000
 1.07000000000000E+0002   0.00000000000000E+0000
 1.08000000000000E+0002   0.00000000000000E+0000
 1.09000000000000E+0002   0.00000000000000E+0000
 1.10000000000000E+0002   0.00000000000000E+0000
 1.11000000000000E+0002   0.00000000000000E+0000
 1.12000000000000E+0002   0.00000000000000E+0000
 1.13000000000000E+0002   0.00000000000000E+0000
 1.14000000000000E+0002   0.00000000000000E+0000
 1.15000000000000E+0002   0.00000000000000E+0000
 1.16000000000000E+0002   0.00000000000000E+0000
 1.17000000000000E+0002   0.00000000000000E+0000
 1.18000000000000E+0002   0.00000000000000E+0000
 1.19000000000000E+0002   0.00000000000000E+0000
 1.20000000000000E+0002   0.00000000000000E+0000
 1.21000000000000E+0002   0.00000000000000E+0000
 1.22000000000000E+0002   0.00000000000000E+0000
 1.23000000000000E+0002   0.00000000000000E+0000
 1.24000000000000E+0002   2.53792427797318E-0011
 1.25000000000000E+0002   4.14227802664887E-0009
 1.26000000000000E+0002   7.22679773814159E-0008
 1.27000000000000E+0002   5.12452583463615E-0007
 1.28000000000000E+0002   2.20672750358816E-0006
 1.29000000000000E+0002   6.88211296740224E-0006
 1.30000000000000E+0002   1.70701313430326E-0005
 1.31000000000000E+0002   3.56244714325703E-0005
 1.32000000000000E+0002   6.49160301644593E-0005
 1.33000000000000E+0002   1.06028642823598E-0004
 1.34000000000000E+0002   1.58294340201632E-0004
 1.35000000000000E+0002   2.19322073955235E-0004
 1.36000000000000E+0002   2.85416674663418E-0004
 1.37000000000000E+0002   3.52129057208155E-0004
 1.38000000000000E+0002   4.14716642141661E-0004
 1.39000000000000E+0002   4.68470812251326E-0004
 1.40000000000000E+0002   5.09031496487381E-0004
 1.41000000000000E+0002   5.32822852071750E-0004
 1.42000000000000E+0002   5.37597175499880E-0004
 1.43000000000000E+0002   5.22887481207451E-0004
 1.44000000000000E+0002   4.90102680139989E-0004
 1.45000000000000E+0002   4.42127878040898E-0004
 1.46000000000000E+0002   3.82544545001542E-0004
 1.47000000000000E+0002   3.14792271589815E-0004
 1.48000000000000E+0002   2.41612317409136E-0004
 1.49000000000000E+0002   1.64931159795477E-0004
 1.50000000000000E+0002   8.60877627553977E-0005
 1.51000000000000E+0002   6.15488086659816E-0006
 1.52000000000000E+0002  -7.38554510355724E-0005
 1.53000000000000E+0002  -1.52932915950340E-0004
 1.54000000000000E+0002  -2.30023099821168E-0004
 1.55000000000000E+0002  -3.03847642030758E-0004
 1.56000000000000E+0002  -3.72590589142693E-0004
 1.57000000000000E+0002  -4.33639131991642E-0004
 1.58000000000000E+0002  -4.83635231677036E-0004
 1.59000000000000E+0002  -5.18968349192526E-0004
 1.60000000000000E+0002  -5.36589921564054E-0004
 1.61000000000000E+0002  -5.34826153663464E-0004
 1.62000000000000E+0002  -5.13850180145541E-0004
 1.63000000000000E+0002  -4.75659562921347E-0004
 1.64000000000000E+0002  -4.23662281421113E-0004
 1.65000000000000E+0002  -3.62130138794368E-0004
 1.66000000000000E+0002  -2.95740569966283E-0004
 1.67000000000000E+0002  -2.29250004302908E-0004
 1.68000000000000E+0002  -1.67178680417924E-0004
 1.69000000000000E+0002  -1.13372949863758E-0004
 1.70000000000000E+0002  -7.04579643249558E-0005
 1.71000000000000E+0002  -3.93803503216043E-0005
 1.72000000000000E+0002  -1.93069988764137E-0005
 1.73000000000000E+0002  -8.01752618284092E-0006
 1.74000000000000E+0002  -2.67574479097168E-0006
 1.75000000000000E+0002  -6.58535117314926E-0007
 1.76000000000000E+0002  -1.02029289445391E-0007
 1.77000000000000E+0002  -7.02873889191302E-0009
 1.78000000000000E+0002  -7.41945720025030E-0011
 1.79000000000000E+0002  -7.08595030954422E-0019
 1.80000000000000E+0002   0.00000000000000E+0000
 1.81000000000000E+0002   0.00000000000000E+0000
 1.82000000000000E+0002   0.00000000000000E+0000
 1.83000000000000E+0002   0.00000000000000E+0000
 1.84000000000000E+0002   0.00000000000000E+0000
 1.85000000000000E+0002   0.00000000000000E+0000
 1.86000000000000E+0002   0.00000000000000E+0000
 1.87000000000000E+0002   0.00000000000000E+0000
 1.88000000000000E+0002   0.00000000000000E+0000
 1.89000000000000E+0002   0.00000000000000E+0000
 1.90000000000000E+0002   0.00000000000000E+0000
 1.91000000000000E+0002   0.00000000000000E+0000
 1.92000000000000E+0002   0.00000000000000E+0000
 1.93000000000000E+0002   0.00000000000000E+0000
 1.94000000000000E+0002   0.00000000000000E+0000
 1.95000000000000E+0002   0.00000000000000E+0000
 1.96000000000000E+0002   0.00000000000000E+0000
 1.97000000000000E+0002   0.00000000000000E+0000
 1.98000000000000E+0002   0.00000000000000E+0000
 1.99000000000000E+0002   0.00000000000000E+0000
 2.00000000000000E+0002   0.00000000000000E+0000
 2.01000000000000E+0002   0.00000000000000E+0000
 2.02000000000000E+0002   0.00000000000000E+0000
 2.03000000000000E+0002   0.00000000000000E+0000
 2.04000000000000E+0002   0.00000000000000E+0000
 2.05000000000000E+0002   0.00000000000000E+0000
 2.06000000000000E+0002   0.00000000000000E+0000
 2.07000000000000E+0002   0.00000000000000E+0000
 2.08000000000000E+0002   0.00000000000000E+0000
 2.09000000000000E+0002   0.00000000000000E+0000
 2.10000000000000E+0002   0.00000000000000E+0000
 2.11000000000000E+0002   0.00000000000000E+0000
 2.12000000000000E+0002   0.00000000000000E+0000
 2.13000000000000E+0002   0.00000000000000E+0000
 2.14000000000000E+0002   0.00000000000000E+0000
 2.15000000000000E+0002   0.00000000000000E+0000
 2.16000000000000E+0002   0.00000000000000E+0000
 2.17000000000000E+0002   0.00000000000000E+0000
 2.18000000000000E+0002   0.00000000000000E+0000
 2.19000000000000E+0002   0.00000000000000E+0000
 2.20000000000000E+0002   0.00000000000000E+0000
 2.21000000000000E+0002   0.00000000000000E+0000
 2.22000000000000E+0002   0.00000000000000E+0000
 2.23000000000000E+0002   0.00000000000000E+0000
 2.24000000000000E+0002   0.00000000000000E+0000
 2.25000000000000E+0002   0.00000000000000E+0000
 2.26000000000000E+0002   0.00000000000000E+0000
 2.27000000000000E+0002   0.00000000000000E+0000
 2.28000000000000E+0002   0.00000000000000E+0000
 2.29000000000000E+0002   0.00000000000000E+0000
 2.30000000000000E+0002   0.00000000000000E+0000
 2.31000000000000E+0002   0.00000000000000E+0000
 2.32000000000000E+0002   0.00000000000000E+0000
 2.33000000000000E+0002   0.00000000000000E+0000
 2.34000000000000E+0002   0.00000000000000E+0000
 2.35000000000000E+0002   0.00000000000000E+0000
 2.36000000000000E+0002   0.00000000000000E+0000
 2.37000000000000E+0002   0.00000000000000E+0000
 2.38000000000000E+0002   0.00000000000000E+0000
 2.39000000000000E+0002   0.00000000000000E+0000
 2.40000000000000E+0002   0.00000000000000E+0000
 2.41000000000000E+0002   0.00000000000000E+0000
 2.42000000000000E+0002   0.00000000000000E+0000
 2.43000000000000E+0002   0.00000000000000E+0000
 2.44000000000000E+0002   0.00000000000000E+0000
 2.45000000000000E+0002   0.00000000000000E+0000
 2.46000000000000E+0002   0.00000000000000E+0000
 2.47000000000000E+0002   0.00000000000000E+0000
 2.48000000000000E+0002   0.00000000000000E+0000
 2.49000000000000E+0002   0.00000000000000E+0000
 2.50000000000000E+0002   0.00000000000000E+0000
 2.51000000000000E+0002   0.00000000000000E+0000
 2.52000000000000E+0002   0.00000000000000E+0000
 2.53000000000000E+0002   0.00000000000000E+0000
 2.54000000000000E+0002   0.00000000000000E+0000
 2.55000000000000E+0002   0.00000000000000E+0000
 2.56000000000000E+0002   0.00000000000000E+0000
 2.57000000000000E+0002   0.00000000000000E+0000
 2.58000000000000E+0002   0.00000000000000E+0000
 2.59000000000000E+0002   0.00000000000000E+0000
 2.60000000000000E+0002   0.00000000000000E+0000
 2.61000000000000E+0002   0.00000000000000E+0000
 2.62000000000000E+0002   0.00000000000000E+0000
 2.63000000000000E+0002   0.00000000000000E+0000
 2.64000000000000E+0002   0.00000000000000E+0000
 2.65000000000000E+0002   0.00000000000000E+0000
 2.66000000000000E+0002   0.00000000000000E+0000
 2.67000000000000E+0002   0.00000000000000E+0000
 2.68000000000000E+0002   0.00000000000000E+0000
 2.69000000000000E+0002   0.00000000000000E+0000
 2.70000000000000E+0002   0.00000000000000E+0000
 2.71000000000000E+0002   0.00000000000000E+0000
 2.72000000000000E+0002   0.00000000000000E+0000
 2.73000000000000E+0002   0.00000000000000E+0000
 2.74000000000000E+0002   0.00000000000000E+0000
 2.75000000000000E+0002   0.00000000000000E+0000
 2.76000000000000E+0002   0.00000000000000E+0000
 2.77000000000000E+0002   0.00000000000000E+0000
 2.78000000000000E+0002   0.00000000000000E+0000
 2.79000000000000E+0002   0.00000000000000E+0000
 2.80000000000000E+0002   0.00000000000000E+0000
 2.81000000000000E+0002   0.00000000000000E+0000
 2.82000000000000E+0002   0.00000000000000E+0000
 2.83000000000000E+0002   0.00000000000000E+0000
 2.84000000000000E+0002   0.00000000000000E+0000
 2.85000000000000E+0002   0.00000000000000E+0000
 2.86000000000000E+0002   0.00000000000000E+0000
 2.87000000000000E+0002   0.00000000000000E+0000
 2.88000000000000E+0002   0.00000000000000E+0000
 2.89000000000000E+0002   0.00000000000000E+0000
 2.90000000000000E+0002   0.00000000000000E+0000
 2.91000000000000E+0002   0.00000000000000E+0000
 2.92000000000000E+0002   0.00000000000000E+0000
 2.93000000000000E+0002   0.00000000000000E+0000
 2.94000000000000E+0002   0.00000000000000E+0000
 2.95000000000000E+0002   0.00000000000000E+0000
 2.96000000000000E+0002   0.00000000000000E+0000
 2.97000000000000E+0002   0.00000000000000E+0000
 2.98000000000000E+0002   0.00000000000000E+0000
 2.99000000000000E+0002   0.00000000000000E+0000
 3.00000000000000E+0002   0.00000000000000E+0000
 3.01000000000000E+0002   0.00000000000000E+0000
 3.02000000000000E+0002   0.00000000000000E+0000
 3.03000000000000E+0002   0.00000000000000E+0000
 3.04000000000000E+0002   0.00000000000000E+0000
 3.05000000000000E+0002   0.00000000000000E+0000
 3.06000000000000E+0002   0.00000000000000E+0000
 3.07000000000000E+0002   0.00000000000000E+0000
 3.08000000000000E+0002   0.00000000000000E+0000
 3.09000000000000E+0002   0.00000000000000E+0000
 3.10000000000000E+0002   0.00000000000000E+0000
 3.11000000000000E+0002   0.00000000000000E+0000
 3.12000000000000E+0002   0.00000000000000E+0000
 3.13000000000000E+0002   0.00000000000000E+0000
 3.14000000000000E+0002   0.00000000000000E+0000
 3.15000000000000E+0002   0.00000000000000E+0000
 3.16000000000000E+0002   0.00000000000000E+0000
 3.17000000000000E+0002   0.00000000000000E+0000
 3.18000000000000E+0002   0.00000000000000E+0000
 3.19000000000000E+0002   0.00000000000000E+0000
 3.20000000000000E+0002   0.00000000000000E+0000
 3.21000000000000E+0002   0.00000000000000E+0000
 3.22000000000000E+0002   0.00000000000000E+0000
 3.23000000000000E+0002   0.00000000000000E+0000
 3.24000000000000E+0002   0.00000000000000E+0000
 3.25000000000000E+0002   0.00000000000000E+0000
 3.26000000000000E+0002   0.00000000000000E+0000
 3.27000000000000E+0002   0.00000000000000E+0000
 3.28000000000000E+0002   0.00000000000000E+0000
 3.29000000000000E+0002   0.00000000000000E+0000
 3.30000000000000E+0002   0.00000000000000E+0000
 3.31000000000000E+0002   0.00000000000000E+0000
 3.32000000000000E+0002   0.00000000000000E+0000
 3.33000000000000E+0002   0.00000000000000E+0000
 3.34000000000000E+0002   0.00000000000000E+0000
 3.35000000000000E+0002   0.00000000000000E+0000
 3.36000000000000E+0002   0.00000000000000E+0000
 3.37000000000000E+0002   0.00000000000000E+0000
 3.38000000000000E+0002   0.00000000000000E+0000
 3.39000000000000E+0002   0.00000000000000E+0000
 3.40000000000000E+0002   0.00000000000000E+0000
 3.41000000000000E+0002   0.00000000000000E+0000
 3.42000000000000E+0002   0.00000000000000E+0000
 3.43000000000000E+0002   0.00000000000000E+0000
 3.44000000000000E+0002   0.00000000000000E+0000
 3.45000000000000E+0002   0.00000000000000E+0000
 3.46000000000000E+0002   0.00000000000000E+0000
 3.47000000000000E+0002   0.00000000000000E+0000
 3.48000000000000E+0002   0.00000000000000E+0000
 3.49000000000000E+0002   0.00000000000000E+0000
 3.50000000000000E+0002   0.00000000000000E+0000
 3.51000000000000E+0002   0.00000000000000E+0000
 3.52000000000000E+0002   0.00000000000000E+0000
 3.53000000000000E+0002   0.00000000000000E+0000
 3.54000000000000E+0002   0.00000000000000E+0000
 3.55000000000000E+0002   0.00000000000000E+0000
 3.56000000000000E+0002   0.00000000000000E+0000
 3.57000000000000E+0002   0.00000000000000E+0000
 3.58000000000000E+0002   0.00000000000000E+0000
 3.59000000000000E+0002   0.00000000000000E+0000
 3.60000000000000E+0002   0.00000000000000E+0000
 3.61000000000000E+0002   0.00000000000000E+0000
 3.62000000000000E+0002   0.00000000000000E+0000
 3.63000000000000E+0002   0.00000000000000E+0000
 3.64000000000000E+0002   0.00000000000000E+0000
 3.65000000000000E+0002   0.00000000000000E+0000
 3.66000000000000E+0002   0.00000000000000E+0000
 3.67000000000000E+0002   0.00000000000000E+0000
 3.68000000000000E+0002   0.00000000000000E+0000
 3.69000000000000E+0002   0.00000000000000E+0000
 3.70000000000000E+0002   0.00000000000000E+0000
 3.71000000000000E+0002   0.00000000000000E+0000
 3.72000000000000E+0002   0.00000000000000E+0000
 3.73000000000000E+0002   0.00000000000000E+0000
 3.74000000000000E+0002   0.00000000000000E+0000
 3.75000000000000E+0002   0.00000000000000E+0000
 3.76000000000000E+0002   0.00000000000000E+0000
 3.77000000000000E+0002   0.00000000000000E+0000
 3.78000000000000E+0002   0.00000000000000E+0000
 3.79000000000000E+0002   0.00000000000000E+0000
 3.80000000000000E+0002   0.00000000000000E+0000
 3.81000000000000E+0002   0.00000000000000E+0000
 3.82000000000000E+0002   0.00000000000000E+0000
 3.83000000000000E+0002   0.00000000000000E+0000
 3.84000000000000E+0002   0.00000000000000E+0000
 3.85000000000000E+0002   0.00000000000000E+0000
 3.86000000000000E+0002   0.00000000000000E+0000
 3.87000000000000E+0002   0.00000000000000E+0000
 3.88000000000000E+0002   0.00000000000000E+0000
 3.89000000000000E+0002   0.00000000000000E+0000
 3.90000000000000E+0002   0.00000000000000E+0000
 3.91000000000000E+0002   0.00000000000000E+0000
 3.92000000000000E+0002   0.00000000000000E+0000
 3.93000000000000E+0002   0.00000000000000E+0000
 3.94000000000000E+0002   0.00000000000000E+0000
 3.95000000000000E+0002   0.00000000000000E+0000
 3.96000000000000E+0002   0.00000000000000E+0000
 3.97000000000000E+0002   0.00000000000000E+0000
 3.98000000000000E+0002   0.00000000000000E+0000
 3.99000000000000E+0002   0.00000000000000E+0000
 4.00000000000000E+0002   0.00000000000000E+0000

