 0.00000000000000E+0000   0.00000000000000E+0000
 1.00000000000000E+0000   0.00000000000000E+0000
 2.00000000000000E+0000  -8.62074070693908E-0019
 3.00000000000000E+0000   1.96749750680287E-0018
 4.00000000000000E+0000   8.07161640620720E-0018
 5.00000000000000E+0000   1.77015869188007E-0017
 6.00000000000000E+0000   2.88134713333896E-0017
 7.00000000000000E+0000   3.58091600747756E-0017
 8.00000000000000E+0000   1.86502199379655E-0017
 9.00000000000000E+0000  -9.13258076949474E-0017
 1.00000000000000E+0001  -4.75265074888809E-0016
 1.10000000000000E+0001  -1.49177058063500E-0015
 1.20000000000000E+0001  -3.66453768474771E-0015
 1.30000000000000E+0001  -7.50149070171243E-0015
 1.40000000000000E+0001  -1.31431102963631E-0014
 1.50000000000000E+0001  -2.00254931692883E-0014
 1.60000000000000E+0001  -2.68960746984963E-0014
 1.70000000000000E+0001  -3.24267025683344E-0014
 1.80000000000000E+0001  -3.62464709242370E-0014
 1.90000000000000E+0001  -3.96982268133290E-0014
 2.00000000000000E+0001  -4.54826364991472E-0014
 2.10000000000000E+0001  -5.59151629028606E-0014
 2.20000000000000E+0001  -7.05618696894037E-0014
 2.30000000000000E+0001  -8.48228331034287E-0014
 2.40000000000000E+0001  -9.09283668313801E-0014
 2.50000000000000E+0001  -8.17055979647114E-0014
 2.60000000000000E+0001  -5.58340644696993E-0014
 2.70000000000000E+0001  -2.18262943274828E-0014
 2.80000000000000E+0001   2.57938835524989E-0015
 2.90000000000000E+0001  -2.40383795498676E-0015
 3.00000000000000E+0001  -4.66052160293416E-0014
 3.10000000000000E+0001  -1.19518752145167E-0013
 3.20000000000000E+0001  -1.89872881337656E-0013
 3.30000000000000E+0001  -2.18863542893179E-0013
 3.40000000000000E+0001  -1.81016077519626E-0013
 3.50000000000000E+0001  -7.92772354656374E-0014
 3.60000000000000E+0001   5.62614048864076E-0014
 3.70000000000000E+0001   1.84446949187992E-0013
 3.80000000000000E+0001   2.71591449120024E-0013
 3.90000000000000E+0001   3.00981621375439E-0013
 4.00000000000000E+0001   2.72648157466706E-0013
 4.10000000000000E+0001   2.00479337193372E-0013
 4.20000000000000E+0001   1.10129465355369E-0013
 4.30000000000000E+0001   3.29460765308352E-0014
 4.40000000000000E+0001  -7.89110144438035E-0015
 4.50000000000000E+0001  -1.11998150245148E-0014
 4.60000000000000E+0001   2.98372140079553E-0015
 4.70000000000000E+0001   1.20574026327963E-0014
 4.80000000000000E+0001   1.06514465739045E-0014
 4.90000000000000E+0001   1.05879093671640E-0014
 5.00000000000000E+0001   2.06488088168282E-0014
 5.10000000000000E+0001   2.98572953109440E-0014
 5.20000000000000E+0001   1.62103102025712E-0014
 5.30000000000000E+0001  -2.57411720676378E-0014
 5.40000000000000E+0001  -6.89511892541002E-0014
 5.50000000000000E+0001  -7.10691262371186E-0014
 5.60000000000000E+0001  -1.25745334672622E-0014
 5.70000000000000E+0001   7.92063079328382E-0014
 5.80000000000000E+0001   1.44082450891755E-0013
 5.90000000000000E+0001   1.31708963345979E-0013
 6.00000000000000E+0001   3.98130388110133E-0014
 6.10000000000000E+0001  -8.13737563559827E-0014
 6.20000000000000E+0001  -1.62380741929514E-0013
 6.30000000000000E+0001  -1.62422535724742E-0013
 6.40000000000000E+0001  -9.81200116015451E-0014
 6.50000000000000E+0001  -3.14158248219905E-0014
 6.60000000000000E+0001  -2.35096204376194E-0014
 6.70000000000000E+0001  -8.71113590629046E-0014
 6.80000000000000E+0001  -1.72303388775213E-0013
 6.90000000000000E+0001  -1.98720897607985E-0013
 7.00000000000000E+0001  -1.15884053372941E-0013
 7.10000000000000E+0001   4.61891392222803E-0014
 7.20000000000000E+0001   1.82733357527383E-0013
 7.30000000000000E+0001   2.21988188478152E-0013
 7.40000000000000E+0001   2.86403102918486E-0013
 7.50000000000000E+0001   5.12413223093894E-0013
 7.60000000000000E+0001  -1.02564434780236E-0013
 7.70000000000000E+0001  -4.59458559172680E-0012
 7.80000000000000E+0001  -1.17102065066645E-0011
 7.90000000000000E+0001   4.40492246327240E-0012
 8.00000000000000E+0001   9.60633916362846E-0011
 8.10000000000000E+0001   2.05808086402199E-0010
 8.20000000000000E+0001  -1.70439422522077E-0010
 8.30000000000000E+0001  -1.89072269799326E-0009
 8.40000000000000E+0001  -3.73980945189072E-0009
 8.50000000000000E+0001   3.02187601654706E-0009
 8.60000000000000E+0001   3.31955020395193E-0008
 8.70000000000000E+0001   7.04061076453417E-0008
 8.80000000000000E+0001  -2.06410196671551E-0008
 8.90000000000000E+0001  -5.05323639901655E-0007
 9.00000000000000E+0001  -1.30363158884311E-0006
 9.10000000000000E+0001  -6.48838903464951E-0007
 9.20000000000000E+0001   5.94710347262064E-0006
 9.30000000000000E+0001   2.13427246310943E-0005
 9.40000000000000E+0001   2.92672106699287E-0005
 9.50000000000000E+0001  -3.26046356716131E-0005
 9.60000000000000E+0001  -2.62084706925075E-0004
 9.70000000000000E+0001  -6.32342087345108E-0004
 9.80000000000000E+0001  -5.79816497372918E-0004
 9.90000000000000E+0001   1.46536708557963E-0003
 1.00000000000000E+0002   7.64038310527521E-0003
 1.01000000000000E+0002   1.73594788464441E-0002
 1.02000000000000E+0002   1.93657874557554E-0002
 1.03000000000000E+0002  -1.89570512050031E-0002
 1.04000000000000E+0002  -1.53484750211333E-0001
 1.05000000000000E+0002  -4.30500930804312E-0001
 1.06000000000000E+0002  -7.81818057441346E-0001
 1.07000000000000E+0002  -8.17282855873495E-0001
 1.08000000000000E+0002   4.76743167875733E-0001
 1.09000000000000E+0002   5.05277516764562E+0000
 1.10000000000000E+0002   1.59746349898005E+0001
 1.11000000000000E+0002   3.72598571959753E+0001
 1.12000000000000E+0002   7.32705492418996E+0001
 1.13000000000000E+0002   1.27698922729077E+0002
 1.14000000000000E+0002   2.02401171734846E+0002
 1.15000000000000E+0002   2.96467654678478E+0002
 1.16000000000000E+0002   4.05880881770991E+0002
 1.17000000000000E+0002   5.23898047716852E+0002
 1.18000000000000E+0002   6.42008567191647E+0002
 1.19000000000000E+0002   7.51122060582903E+0002
 1.20000000000000E+0002   8.42646866121611E+0002
 1.21000000000000E+0002   9.09295822692329E+0002
 1.22000000000000E+0002   9.45658099249415E+0002
 1.23000000000000E+0002   9.48648536375756E+0002
 1.24000000000000E+0002   9.17848305600493E+0002
 1.25000000000000E+0002   8.55589068624862E+0002
 1.26000000000000E+0002   7.66575459648238E+0002
 1.27000000000000E+0002   6.56978775155273E+0002
 1.28000000000000E+0002   5.33201374497162E+0002
 1.29000000000000E+0002   4.00724916512898E+0002
 1.30000000000000E+0002   2.63455227929981E+0002
 1.31000000000000E+0002   1.23744794214698E+0002
 1.32000000000000E+0002  -1.70470910870523E+0001
 1.33000000000000E+0002  -1.57806170834807E+0002
 1.34000000000000E+0002  -2.97059507973427E+0002
 1.35000000000000E+0002  -4.32651662349214E+0002
 1.36000000000000E+0002  -5.61626408754594E+0002
 1.37000000000000E+0002  -6.80174464094658E+0002
 1.38000000000000E+0002  -7.83616973664066E+0002
 1.39000000000000E+0002  -8.66562017857631E+0002
 1.40000000000000E+0002  -9.23429047774615E+0002
 1.41000000000000E+0002  -9.49398906093663E+0002
 1.42000000000000E+0002  -9.41585492484535E+0002
 1.43000000000000E+0002  -9.00019049216985E+0002
 1.44000000000000E+0002  -8.28037877651759E+0002
 1.45000000000000E+0002  -7.31921258292204E+0002
 1.46000000000000E+0002  -6.19920251385755E+0002
 1.47000000000000E+0002  -5.01055671884232E+0002
 1.48000000000000E+0002  -3.84037993545081E+0002
 1.49000000000000E+0002  -2.76468388631763E+0002
 1.50000000000000E+0002  -1.84270098122047E+0002
 1.51000000000000E+0002  -1.11232626573771E+0002
 1.52000000000000E+0002  -5.86581424942261E+0001
 1.53000000000000E+0002  -2.52637950253212E+0001
 1.54000000000000E+0002  -7.54719985218150E+0000
 1.55000000000000E+0002  -6.79990261425221E-0001
 1.56000000000000E+0002   2.73233405507210E-0001
 1.57000000000000E+0002  -7.74467921072314E-0001
 1.58000000000000E+0002  -1.55909789558682E+0000
 1.59000000000000E+0002  -1.41175584861836E+0000
 1.60000000000000E+0002  -6.75397684284552E-0001
 1.61000000000000E+0002   3.23885725103307E-0002
 1.62000000000000E+0002   3.40703296708005E-0001
 1.63000000000000E+0002   2.64148801008914E-0001
 1.64000000000000E+0002   4.16100628592673E-0002
 1.65000000000000E+0002  -1.05519101979503E-0001
 1.66000000000000E+0002  -1.08719913998561E-0001
 1.67000000000000E+0002  -3.17844516731887E-0002
 1.68000000000000E+0002   3.20021595985831E-0002
 1.69000000000000E+0002   4.08006445607102E-0002
 1.70000000000000E+0002   1.33563930411693E-0002
 1.71000000000000E+0002  -1.17548698363264E-0002
 1.72000000000000E+0002  -1.52503700919518E-0002
 1.73000000000000E+0002  -4.29091769199831E-0003
 1.74000000000000E+0002   5.10023617080878E-0003
 1.75000000000000E+0002   5.54088692027373E-0003
 1.76000000000000E+0002   8.42896952386894E-0004
 1.77000000000000E+0002  -2.35541851585968E-0003
 1.78000000000000E+0002  -1.83869257117134E-0003
 1.79000000000000E+0002   1.49641887779553E-0004
 1.80000000000000E+0002   1.02796721176138E-0003
 1.81000000000000E+0002   4.83664974539757E-0004
 1.82000000000000E+0002  -2.68052875988491E-0004
 1.83000000000000E+0002  -3.82680254087214E-0004
 1.84000000000000E+0002  -5.45367457369508E-0005
 1.85000000000000E+0002   1.66192289988072E-0004
 1.86000000000000E+0002   1.04577665360923E-0004
 1.87000000000000E+0002  -3.57134577905155E-0005
 1.88000000000000E+0002  -6.73346387534733E-0005
 1.89000000000000E+0002  -1.06827281390420E-0005
 1.90000000000000E+0002   2.86651699926121E-0005
 1.91000000000000E+0002   1.64226271262696E-0005
 1.92000000000000E+0002  -7.67321967453923E-0006
 1.93000000000000E+0002  -1.06882926765695E-0005
 1.94000000000000E+0002  -1.20225227039728E-0007
 1.95000000000000E+0002   4.96833278016172E-0006
 1.96000000000000E+0002   1.77417558800101E-0006
 1.97000000000000E+0002  -1.53258641016560E-0006
 1.98000000000000E+0002  -1.52160580041000E-0006
 1.99000000000000E+0002  -1.10289586242946E-0007
 2.00000000000000E+0002   7.59573512603335E-0007
 2.01000000000000E+0002   1.30564277333948E-0007
 2.02000000000000E+0002   1.54965616219357E-0006
 2.03000000000000E+0002   2.39020978214615E-0006
 2.04000000000000E+0002   1.76161138418907E-0006
 2.05000000000000E+0002  -5.85351214061810E-0007
 2.06000000000000E+0002  -3.65914206066011E-0006
 2.07000000000000E+0002  -5.40386094212262E-0006
 2.08000000000000E+0002  -3.78506309179307E-0006
 2.09000000000000E+0002   1.61399796102813E-0006
 2.10000000000000E+0002   8.47734850554496E-0006
 2.11000000000000E+0002   1.22128474174523E-0005
 2.12000000000000E+0002   8.37914395331579E-0006
 2.13000000000000E+0002  -3.83593613573145E-0006
 2.14000000000000E+0002  -1.92352830615590E-0005
 2.15000000000000E+0002  -2.76539191088987E-0005
 2.16000000000000E+0002  -1.92496704094549E-0005
 2.17000000000000E+0002   7.93106716068174E-0006
 2.18000000000000E+0002   4.26979917784883E-0005
 2.19000000000000E+0002   6.27577638844417E-0005
 2.20000000000000E+0002   4.59409082587035E-0005
 2.21000000000000E+0002  -1.33768891310765E-0005
 2.22000000000000E+0002  -9.22669404640778E-0005
 2.23000000000000E+0002  -1.42424565118586E-0004
 2.24000000000000E+0002  -1.13216954576711E-0004
 2.25000000000000E+0002   1.28611207866189E-0005
 2.26000000000000E+0002   1.91994542374440E-0004
 2.27000000000000E+0002   3.21449064181598E-0004
 2.28000000000000E+0002   2.84754617357956E-0004
 2.29000000000000E+0002   2.73382915417178E-0005
 2.30000000000000E+0002  -3.76342281602753E-0004
 2.31000000000000E+0002  -7.14410013905705E-0004
 2.32000000000000E+0002  -7.19968952755906E-0004
 2.33000000000000E+0002  -2.28604561082516E-0004
 2.34000000000000E+0002   6.62203863796282E-0004
 2.35000000000000E+0002   1.53791812098476E-0003
 2.36000000000000E+0002   1.79872967444987E-0003
 2.37000000000000E+0002   9.73410624688990E-0004
 2.38000000000000E+0002  -9.10584687293975E-0004
 2.39000000000000E+0002  -3.11645853434052E-0003
 2.40000000000000E+0002  -4.35163319271785E-0003
 2.41000000000000E+0002  -3.34536817333880E-0003
 2.42000000000000E+0002   3.31195745608962E-0004
 2.43000000000000E+0002   5.61077999171394E-0003
 2.44000000000000E+0002   9.91710676811487E-0003
 2.45000000000000E+0002   1.00749582565556E-0002
 2.46000000000000E+0002   3.98477358123725E-0003
 2.47000000000000E+0002  -7.61627688671842E-0003
 2.48000000000000E+0002  -2.03115833456518E-0002
 2.49000000000000E+0002  -2.69594817735195E-0002
 2.50000000000000E+0002  -2.06480972430807E-0002
 2.51000000000000E+0002   1.19480450991317E-0003
 2.52000000000000E+0002   3.33629764291207E-0002
 2.53000000000000E+0002   6.22859843369718E-0002
 2.54000000000000E+0002   6.97976958138377E-0002
 2.55000000000000E+0002   4.10327582815718E-0002
 2.56000000000000E+0002  -2.60243686637817E-0002
 2.57000000000000E+0002  -1.13627979868534E-0001
 2.58000000000000E+0002  -1.84620702437265E-0001
 2.59000000000000E+0002  -1.92859888572749E-0001
 2.60000000000000E+0002  -1.02737606465713E-0001
 2.61000000000000E+0002   8.78647263319542E-0002
 2.62000000000000E+0002   3.30557548620922E-0001
 2.63000000000000E+0002   5.25524843847830E-0001
 2.64000000000000E+0002   5.43483569097888E-0001
 2.65000000000000E+0002   2.69841541704166E-0001
 2.66000000000000E+0002  -3.39391356621008E-0001
 2.67000000000000E+0002  -1.20937780048541E+0000
 2.68000000000000E+0002  -2.13006394714640E+0000
 2.69000000000000E+0002  -2.79346717114452E+0000
 2.70000000000000E+0002  -2.89629087243098E+0000
 2.71000000000000E+0002  -2.30306613823026E+0000
 2.72000000000000E+0002  -1.24622848869959E+0000
 2.73000000000000E+0002  -5.23647067942957E-0001
 2.74000000000000E+0002  -1.64618295056544E+0000
 2.75000000000000E+0002  -6.89112778616440E+0000
 2.76000000000000E+0002  -1.92321900504896E+0001
 2.77000000000000E+0002  -4.21401226380316E+0001
 2.78000000000000E+0002  -7.92745961619832E+0001
 2.79000000000000E+0002  -1.34110875083852E+0002
 2.80000000000000E+0002  -2.09558360917925E+0002
 2.81000000000000E+0002  -3.07628696018323E+0002
 2.82000000000000E+0002  -4.29198909699811E+0002
 2.83000000000000E+0002  -5.73893550746994E+0002
 2.84000000000000E+0002  -7.40084869790813E+0002
 2.85000000000000E+0002  -9.24988606160170E+0002
 2.86000000000000E+0002  -1.12482029412849E+0003
 2.87000000000000E+0002  -1.33497593281924E+0003
 2.88000000000000E+0002  -1.55021052406250E+0003
 2.89000000000000E+0002  -1.76480431733408E+0003
 2.90000000000000E+0002  -1.97272362270582E+0003
 2.91000000000000E+0002  -2.16779470608142E+0003
 2.92000000000000E+0002  -2.34391132537849E+0003
 2.93000000000000E+0002  -2.49528780840191E+0003
 2.94000000000000E+0002  -2.61675264344560E+0003
 2.95000000000000E+0002  -2.70405760736205E+0003
 2.96000000000000E+0002  -2.75416100026020E+0003
 2.97000000000000E+0002  -2.76543637089913E+0003
 2.98000000000000E+0002  -2.73776346007268E+0003
 2.99000000000000E+0002  -2.67247562942807E+0003
 3.00000000000000E+0002  -2.57216384825889E+0003
 3.01000000000000E+0002  -2.44036490904355E+0003
 3.02000000000000E+0002  -2.28118375128262E+0003
 3.03000000000000E+0002  -2.09891076147960E+0003
 3.04000000000000E+0002  -1.89769189238842E+0003
 3.05000000000000E+0002  -1.68129346351051E+0003
 3.06000000000000E+0002  -1.45297916336260E+0003
 3.07000000000000E+0002  -1.21549086554308E+0003
 3.08000000000000E+0002  -9.71104404893999E+0002
 3.09000000000000E+0002  -7.21721629507186E+0002
 3.10000000000000E+0002  -4.68962739460152E+0002
 3.11000000000000E+0002  -2.14236237743823E+0002
 3.12000000000000E+0002   4.12173089527896E+0001
 3.13000000000000E+0002   2.96293704824235E+0002
 3.14000000000000E+0002   5.49981188699741E+0002
 3.15000000000000E+0002   8.01279978951191E+0002
 3.16000000000000E+0002   1.04907275501013E+0003
 3.17000000000000E+0002   1.29195284876640E+0003
 3.18000000000000E+0002   1.52803783541630E+0003
 3.19000000000000E+0002   1.75481180957614E+0003
 3.20000000000000E+0002   1.96904430258160E+0003
 3.21000000000000E+0002   2.16682500086900E+0003
 3.22000000000000E+0002   2.34373255033702E+0003
 3.23000000000000E+0002   2.49512779145333E+0003
 3.24000000000000E+0002   2.61653401904736E+0003
 3.25000000000000E+0002   2.70404672326310E+0003
 3.26000000000000E+0002   2.75470819010664E+0003
 3.27000000000000E+0002   2.76679020154692E+0003
 3.28000000000000E+0002   2.73994863623691E+0003
 3.29000000000000E+0002   2.67524132147026E+0003
 3.30000000000000E+0002   2.57502750653170E+0003
 3.31000000000000E+0002   2.44278667886390E+0003
 3.32000000000000E+0002   2.28290143195535E+0003
 3.33000000000000E+0002   2.10044279115201E+0003
 3.34000000000000E+0002   1.90097985258622E+0003
 3.35000000000000E+0002   1.69041481940863E+0003
 3.36000000000000E+0002   1.47482667798356E+0003
 3.37000000000000E+0002   1.26029792431616E+0003
 3.38000000000000E+0002   1.05270207148853E+0003
 3.39000000000000E+0002   8.57444361544633E+0002
 3.40000000000000E+0002   6.79169649699266E+0002
 3.41000000000000E+0002   5.21472880816239E+0002
 3.42000000000000E+0002   3.86661648078441E+0002
 3.43000000000000E+0002   2.75621621294858E+0002
 3.44000000000000E+0002   1.87822415102549E+0002
 3.45000000000000E+0002   1.21476345764724E+0002
 3.46000000000000E+0002   7.38318538893379E+0001
 3.47000000000000E+0002   4.15554420700075E+0001
 3.48000000000000E+0002   2.11385237915496E+0001
 3.49000000000000E+0002   9.26335990387832E+0000
 3.50000000000000E+0002   3.07553455147899E+0000
 3.51000000000000E+0002   3.34903912424934E-0001
 3.52000000000000E+0002  -5.54733488039307E-0001
 3.53000000000000E+0002  -6.12801352063932E-0001
 3.54000000000000E+0002  -4.07352066900100E-0001
 3.55000000000000E+0002  -1.98164409426080E-0001
 3.56000000000000E+0002  -6.53260350446460E-0002
 3.57000000000000E+0002  -5.04180488306069E-0003
 3.58000000000000E+0002   1.14556468873847E-0002
 3.59000000000000E+0002   9.81052574238809E-0003
 3.60000000000000E+0002   4.58728477353424E-0003
 3.61000000000000E+0002   1.09812446376115E-0003
 3.62000000000000E+0002  -2.08918225729739E-0004
 3.63000000000000E+0002  -3.44310651820223E-0004
 3.64000000000000E+0002  -1.63875657171244E-0004
 3.65000000000000E+0002  -2.91959058855794E-0005
 3.66000000000000E+0002   1.29533749947692E-0005
 3.67000000000000E+0002   1.10586158001804E-0005
 3.68000000000000E+0002   2.91388846146845E-0006
 3.69000000000000E+0002  -4.65311484649713E-0007
 3.70000000000000E+0002  -5.94611435195248E-0007
 3.71000000000000E+0002  -1.37189794427416E-0007
 3.72000000000000E+0002   3.73317258047538E-0008
 3.73000000000000E+0002   2.74268859052304E-0008
 3.74000000000000E+0002   1.74881717249936E-0009
 3.75000000000000E+0002  -2.89884157154018E-0009
 3.76000000000000E+0002  -6.62998019237141E-0010
 3.77000000000000E+0002   2.36388248264665E-0010
 3.78000000000000E+0002   9.22003207717166E-0011
 3.79000000000000E+0002  -1.91452781151868E-0011
 3.80000000000000E+0002  -9.69905147601585E-0012
 3.81000000000000E+0002   1.94637575724340E-0012
 3.82000000000000E+0002   8.37383945988666E-0013
 3.83000000000000E+0002  -2.39371973583235E-0013
 3.84000000000000E+0002  -5.01195565586536E-0014
 3.85000000000000E+0002   2.75058635012137E-0014
 3.86000000000000E+0002  -2.52384672309993E-0016
 3.87000000000000E+0002  -2.21515757974358E-0015
 3.88000000000000E+0002   5.09388766357629E-0016
 3.89000000000000E+0002   4.57426482992200E-0017
 3.90000000000000E+0002  -5.10990483466641E-0017
 3.91000000000000E+0002   1.20682350908665E-0017
 3.92000000000000E+0002  -3.23143386364319E-0019
 3.93000000000000E+0002  -7.12228410424028E-0019
 3.94000000000000E+0002   2.87855652704489E-0019
 3.95000000000000E+0002  -6.93226154155185E-0020
 3.96000000000000E+0002   1.18046194553097E-0020
 3.97000000000000E+0002   0.00000000000000E+0000
 3.98000000000000E+0002   0.00000000000000E+0000
 3.99000000000000E+0002   0.00000000000000E+0000
 4.00000000000000E+0002   0.00000000000000E+0000

