 0.00000000000000E+0000   0.00000000000000E+0000
 1.00000000000000E+0000   0.00000000000000E+0000
 2.00000000000000E+0000   0.00000000000000E+0000
 3.00000000000000E+0000   0.00000000000000E+0000
 4.00000000000000E+0000   0.00000000000000E+0000
 5.00000000000000E+0000   0.00000000000000E+0000
 6.00000000000000E+0000   0.00000000000000E+0000
 7.00000000000000E+0000   0.00000000000000E+0000
 8.00000000000000E+0000   0.00000000000000E+0000
 9.00000000000000E+0000   0.00000000000000E+0000
 1.00000000000000E+0001   0.00000000000000E+0000
 1.10000000000000E+0001   0.00000000000000E+0000
 1.20000000000000E+0001   0.00000000000000E+0000
 1.30000000000000E+0001   0.00000000000000E+0000
 1.40000000000000E+0001   0.00000000000000E+0000
 1.50000000000000E+0001   0.00000000000000E+0000
 1.60000000000000E+0001   0.00000000000000E+0000
 1.70000000000000E+0001   0.00000000000000E+0000
 1.80000000000000E+0001  -1.07876401560229E-0020
 1.90000000000000E+0001  -1.18149484563479E-0020
 2.00000000000000E+0001  -1.35364989580795E-0020
 2.10000000000000E+0001  -1.66414175306133E-0020
 2.20000000000000E+0001  -2.10005564551797E-0020
 2.30000000000000E+0001  -2.52448908045919E-0020
 2.40000000000000E+0001  -2.70620139379108E-0020
 2.50000000000000E+0001  -2.43171422514022E-0020
 2.60000000000000E+0001  -1.66172810921724E-0020
 2.70000000000000E+0001   0.00000000000000E+0000
 2.80000000000000E+0001   0.00000000000000E+0000
 2.90000000000000E+0001   0.00000000000000E+0000
 3.00000000000000E+0001  -1.38706000087326E-0020
 3.10000000000000E+0001  -3.55710571860615E-0020
 3.20000000000000E+0001  -5.65097861123978E-0020
 3.30000000000000E+0001  -6.51379591943985E-0020
 3.40000000000000E+0001  -5.38738325951268E-0020
 3.50000000000000E+0001  -2.35944153171540E-0020
 3.60000000000000E+0001   1.67444657400023E-0020
 3.70000000000000E+0001   5.48949253535691E-0020
 3.80000000000000E+0001   8.08307884285785E-0020
 3.90000000000000E+0001   8.95778635045949E-0020
 4.00000000000000E+0001   8.11452849603292E-0020
 4.10000000000000E+0001   5.96664694027893E-0020
 4.20000000000000E+0001   3.27766265938600E-0020
 4.30000000000000E+0001   0.00000000000000E+0000
 4.40000000000000E+0001   0.00000000000000E+0000
 4.50000000000000E+0001   0.00000000000000E+0000
 4.60000000000000E+0001   0.00000000000000E+0000
 4.70000000000000E+0001   0.00000000000000E+0000
 4.80000000000000E+0001   0.00000000000000E+0000
 4.90000000000000E+0001   0.00000000000000E+0000
 5.00000000000000E+0001   0.00000000000000E+0000
 5.10000000000000E+0001   0.00000000000000E+0000
 5.20000000000000E+0001   0.00000000000000E+0000
 5.30000000000000E+0001   0.00000000000000E+0000
 5.40000000000000E+0001  -2.05211872780060E-0020
 5.50000000000000E+0001  -2.11515256658091E-0020
 5.60000000000000E+0001   0.00000000000000E+0000
 5.70000000000000E+0001   2.35733059323923E-0020
 5.80000000000000E+0001   4.28816818130222E-0020
 5.90000000000000E+0001   3.91990962339223E-0020
 6.00000000000000E+0001   1.18491186937539E-0020
 6.10000000000000E+0001  -2.42183798678520E-0020
 6.20000000000000E+0001  -4.83276017647364E-0020
 6.30000000000000E+0001  -4.83400403942686E-0020
 6.40000000000000E+0001  -2.92023844052218E-0020
 6.50000000000000E+0001   0.00000000000000E+0000
 6.60000000000000E+0001   0.00000000000000E+0000
 6.70000000000000E+0001  -2.59259997211026E-0020
 6.80000000000000E+0001  -5.12807704688134E-0020
 6.90000000000000E+0001  -5.91431242880907E-0020
 7.00000000000000E+0001  -3.44893015990895E-0020
 7.10000000000000E+0001   1.37467676256787E-0020
 7.20000000000000E+0001   5.43849278355305E-0020
 7.30000000000000E+0001   6.60679132375453E-0020
 7.40000000000000E+0001   8.52390187257398E-0020
 7.50000000000000E+0001   1.52503935444611E-0019
 7.60000000000000E+0001  -3.05251293988798E-0020
 7.70000000000000E+0001  -1.36743618801393E-0018
 7.80000000000000E+0001  -3.48518050793588E-0018
 7.90000000000000E+0001   1.31098882835488E-0018
 8.00000000000000E+0001   2.85902951298466E-0017
 8.10000000000000E+0001   6.12524066673211E-0017
 8.20000000000000E+0001  -5.07260186077610E-0017
 8.30000000000000E+0001  -5.62715088688471E-0016
 8.40000000000000E+0001  -1.11303852734842E-0015
 8.50000000000000E+0001   8.99367862067579E-0016
 8.60000000000000E+0001   9.87961370223788E-0015
 8.70000000000000E+0001   2.09541987039708E-0014
 8.80000000000000E+0001  -6.14316061522473E-0015
 8.90000000000000E+0001  -1.50393940446921E-0013
 9.00000000000000E+0001  -3.87985591917594E-0013
 9.10000000000000E+0001  -1.93106816507426E-0013
 9.20000000000000E+0001   1.76997127161329E-0012
 9.30000000000000E+0001   6.35200137830187E-0012
 9.40000000000000E+0001   8.71047936605021E-0012
 9.50000000000000E+0001  -9.70376061655152E-0012
 9.60000000000000E+0001  -7.80014008705580E-0011
 9.70000000000000E+0001  -1.88197049805092E-0010
 9.80000000000000E+0001  -1.72564433741940E-0010
 9.90000000000000E+0001   4.36121156422510E-0010
 1.00000000000000E+0002   2.27392354323667E-0009
 1.01000000000000E+0002   5.16651156144171E-0009
 1.02000000000000E+0002   5.76362721897482E-0009
 1.03000000000000E+0002  -5.64197952529854E-0009
 1.04000000000000E+0002  -4.56799851819443E-0008
 1.05000000000000E+0002  -1.28125277025093E-0007
 1.06000000000000E+0002  -2.32683945667067E-0007
 1.07000000000000E+0002  -2.43238945200445E-0007
 1.08000000000000E+0002   1.41887847582064E-0007
 1.09000000000000E+0002   1.50380213322786E-0006
 1.10000000000000E+0002   4.75435565172637E-0006
 1.11000000000000E+0002   1.10892432130878E-0005
 1.12000000000000E+0002   2.18067110838987E-0005
 1.13000000000000E+0002   3.80056317646063E-0005
 1.14000000000000E+0002   6.02384439687040E-0005
 1.15000000000000E+0002   8.82344210352614E-0005
 1.16000000000000E+0002   1.20797881479461E-0004
 1.17000000000000E+0002   1.55922038010968E-0004
 1.18000000000000E+0002   1.91073978330847E-0004
 1.19000000000000E+0002   2.23548232316340E-0004
 1.20000000000000E+0002   2.50787757774289E-0004
 1.21000000000000E+0002   2.70623756753669E-0004
 1.22000000000000E+0002   2.81445862871850E-0004
 1.23000000000000E+0002   2.82335873921356E-0004
 1.24000000000000E+0002   2.73169138571575E-0004
 1.25000000000000E+0002   2.54639603757400E-0004
 1.26000000000000E+0002   2.28147458228642E-0004
 1.27000000000000E+0002   1.95529397367641E-0004
 1.28000000000000E+0002   1.58690885267013E-0004
 1.29000000000000E+0002   1.19263368009791E-0004
 1.30000000000000E+0002   7.84092940267801E-0005
 1.31000000000000E+0002   3.68288078019936E-0005
 1.32000000000000E+0002  -5.07353901400362E-0006
 1.33000000000000E+0002  -4.69661222722638E-0005
 1.34000000000000E+0002  -8.84105678492341E-0005
 1.35000000000000E+0002  -1.28765375699171E-0004
 1.36000000000000E+0002  -1.67150716891248E-0004
 1.37000000000000E+0002  -2.02432876218648E-0004
 1.38000000000000E+0002  -2.33219337400020E-0004
 1.39000000000000E+0002  -2.57905362457628E-0004
 1.40000000000000E+0002  -2.74830073742445E-0004
 1.41000000000000E+0002  -2.82559198242162E-0004
 1.42000000000000E+0002  -2.80233777525159E-0004
 1.43000000000000E+0002  -2.67862812266960E-0004
 1.44000000000000E+0002  -2.46439844539214E-0004
 1.45000000000000E+0002  -2.17833707825061E-0004
 1.46000000000000E+0002  -1.84500074817189E-0004
 1.47000000000000E+0002  -1.49123711870307E-0004
 1.48000000000000E+0002  -1.14297021888416E-0004
 1.49000000000000E+0002  -8.22822585213581E-0005
 1.50000000000000E+0002  -5.48422911077520E-0005
 1.51000000000000E+0002  -3.31049483850511E-0005
 1.52000000000000E+0002  -1.74577805042339E-0005
 1.53000000000000E+0002  -7.51898661467891E-0006
 1.54000000000000E+0002  -2.24619043219685E-0006
 1.55000000000000E+0002  -2.02378053995585E-0007
 1.56000000000000E+0002   8.13194659247674E-0008
 1.57000000000000E+0002  -2.30496405081055E-0007
 1.58000000000000E+0002  -4.64017230829410E-0007
 1.59000000000000E+0002  -4.20165431136432E-0007
 1.60000000000000E+0002  -2.01011215560967E-0007
 1.61000000000000E+0002   9.63945610413302E-0009
 1.62000000000000E+0002   1.01399790686833E-0007
 1.63000000000000E+0002   7.86157145859734E-0008
 1.64000000000000E+0002   1.23839472795399E-0008
 1.65000000000000E+0002  -3.14044946366598E-0008
 1.66000000000000E+0002  -3.23571172613385E-0008
 1.67000000000000E+0002  -9.45965823637242E-0009
 1.68000000000000E+0002   9.52445226090959E-0009
 1.69000000000000E+0002   1.21430489769714E-0008
 1.70000000000000E+0002   3.97511697784316E-0009
 1.71000000000000E+0002  -3.49847316716466E-0009
 1.72000000000000E+0002  -4.53880062605769E-0009
 1.73000000000000E+0002  -1.27705883318727E-0009
 1.74000000000000E+0002   1.51792744003661E-0009
 1.75000000000000E+0002   1.64907347860579E-0009
 1.76000000000000E+0002   2.50862167000134E-0010
 1.77000000000000E+0002  -7.01017392947508E-0010
 1.78000000000000E+0002  -5.47229877635662E-0010
 1.79000000000000E+0002   4.45362263475000E-0011
 1.80000000000000E+0002   3.05942484133402E-0010
 1.81000000000000E+0002   1.43948010832328E-0010
 1.82000000000000E+0002  -7.97772915991315E-0011
 1.83000000000000E+0002  -1.13893115199178E-0010
 1.84000000000000E+0002  -1.62320439292376E-0011
 1.85000000000000E+0002   4.94622338804303E-0011
 1.86000000000000E+0002   3.11264093895121E-0011
 1.87000000000000E+0002  -1.06290227042211E-0011
 1.88000000000000E+0002  -2.00450013243640E-0011
 1.89000000000000E+0002  -3.18078876618612E-0012
 1.90000000000000E+0002   8.54227964052540E-0012
 1.91000000000000E+0002   4.89429195295069E-0012
 1.92000000000000E+0002  -2.30577418985922E-0012
 1.93000000000000E+0002  -3.20431893809506E-0012
 1.94000000000000E+0002   1.91876034317355E-0015
 1.95000000000000E+0002   1.55398425369822E-0012
 1.96000000000000E+0002   4.69258823965823E-0013
 1.97000000000000E+0002  -6.62800829349089E-0013
 1.98000000000000E+0002  -3.47733552460133E-0013
 1.99000000000000E+0002   3.25128805627273E-0013
 2.00000000000000E+0002   2.26818545633391E-0013
 2.01000000000000E+0002  -1.84947982493684E-0014
 2.02000000000000E+0002  -1.42467303698589E-0013
 2.03000000000000E+0002  -2.21327844568905E-0013
 2.04000000000000E+0002  -1.63114928314467E-0013
 2.05000000000000E+0002   5.41996988393022E-0014
 2.06000000000000E+0002   3.38809402349983E-0013
 2.07000000000000E+0002   5.00357414927516E-0013
 2.08000000000000E+0002   3.50468679762019E-0013
 2.09000000000000E+0002  -1.49444256180348E-0013
 2.10000000000000E+0002  -7.84939551705694E-0013
 2.11000000000000E+0002  -1.13081909161098E-0012
 2.12000000000000E+0002  -7.75846620474738E-0013
 2.13000000000000E+0002   3.55179299928693E-0013
 2.14000000000000E+0002   1.78104476113893E-0012
 2.15000000000000E+0002   2.56054805082098E-0012
 2.16000000000000E+0002   1.78237680237921E-0012
 2.17000000000000E+0002  -7.34358180809389E-0013
 2.18000000000000E+0002  -3.95351781681686E-0012
 2.19000000000000E+0002  -5.81090405513814E-0012
 2.20000000000000E+0002  -4.25378776239234E-0012
 2.21000000000000E+0002   1.23860088454439E-0012
 2.22000000000000E+0002   8.54323522981181E-0012
 2.23000000000000E+0002   1.31874596906636E-0011
 2.24000000000000E+0002   1.04830513286651E-0011
 2.25000000000000E+0002  -1.19084446725754E-0012
 2.26000000000000E+0002  -1.77772723440231E-0011
 2.27000000000000E+0002  -2.97638021574942E-0011
 2.28000000000000E+0002  -2.63661682405996E-0011
 2.29000000000000E+0002  -2.53132331530720E-0012
 2.30000000000000E+0002   3.48465075086034E-0011
 2.31000000000000E+0002   6.61490753791590E-0011
 2.32000000000000E+0002   6.66637920146545E-0011
 2.33000000000000E+0002   2.11670889952261E-0011
 2.34000000000000E+0002  -6.13151727170136E-0011
 2.35000000000000E+0002  -1.42399826186406E-0010
 2.36000000000000E+0002  -1.66549044056322E-0010
 2.37000000000000E+0002  -9.01306134524128E-0011
 2.38000000000000E+0002   8.43133969845093E-0011
 2.39000000000000E+0002   2.88560975430730E-0010
 2.40000000000000E+0002   4.02928999368677E-0010
 2.41000000000000E+0002   3.09756312419755E-0010
 2.42000000000000E+0002  -3.06662725962441E-0011
 2.43000000000000E+0002  -5.19516665733076E-0010
 2.44000000000000E+0002  -9.18250626627078E-0010
 2.45000000000000E+0002  -9.32866505295122E-0010
 2.46000000000000E+0002  -3.68960516871651E-0010
 2.47000000000000E+0002   7.05210822750585E-0010
 2.48000000000000E+0002   1.88070216153867E-0009
 2.49000000000000E+0002   2.49624831237687E-0009
 2.50000000000000E+0002   1.91186085596574E-0009
 2.51000000000000E+0002  -1.10630047158791E-0010
 2.52000000000000E+0002  -3.08916448421944E-0009
 2.53000000000000E+0002  -5.76722077202070E-0009
 2.54000000000000E+0002  -6.46274961247244E-0009
 2.55000000000000E+0002  -3.79932947053772E-0009
 2.56000000000000E+0002   2.40966376521486E-0009
 2.57000000000000E+0002   1.05211092471729E-0008
 2.58000000000000E+0002   1.70945094849598E-0008
 2.59000000000000E+0002   1.78573970900857E-0008
 2.60000000000000E+0002   9.51274133947291E-0009
 2.61000000000000E+0002  -8.13562280841816E-0009
 2.62000000000000E+0002  -3.06071804278407E-0008
 2.63000000000000E+0002  -4.86597077637755E-0008
 2.64000000000000E+0002  -5.03225526943153E-0008
 2.65000000000000E+0002  -2.49853279355186E-0008
 2.66000000000000E+0002   3.14251256130323E-0008
 2.67000000000000E+0002   1.11979425970794E-0007
 2.68000000000000E+0002   1.97228143254293E-0007
 2.69000000000000E+0002   2.58654367698562E-0007
 2.70000000000000E+0002   2.68175080780539E-0007
 2.71000000000000E+0002   2.13246864650925E-0007
 2.72000000000000E+0002   1.15391526731596E-0007
 2.73000000000000E+0002   4.84858396243330E-0008
 2.74000000000000E+0002   1.52424347274365E-0007
 2.75000000000000E+0002   6.38067387607648E-0007
 2.76000000000000E+0002   1.78075833800824E-0006
 2.77000000000000E+0002   3.90186320722514E-0006
 2.78000000000000E+0002   7.34024038536871E-0006
 2.79000000000000E+0002   1.24176736188751E-0005
 2.80000000000000E+0002   1.94035519368450E-0005
 2.81000000000000E+0002   2.84841385202151E-0005
 2.82000000000000E+0002   3.97406397870195E-0005
 2.83000000000000E+0002   5.31382917358327E-0005
 2.84000000000000E+0002   6.85263768324827E-0005
 2.85000000000000E+0002   8.56470931629786E-0005
 2.86000000000000E+0002   1.04150027234119E-0004
 2.87000000000000E+0002   1.23608882668448E-0004
 2.88000000000000E+0002   1.43538011487268E-0004
 2.89000000000000E+0002   1.63407807160563E-0004
 2.90000000000000E+0002   1.82659594694984E-0004
 2.91000000000000E+0002   2.00721732044576E-0004
 2.92000000000000E+0002   2.17028826423934E-0004
 2.93000000000000E+0002   2.31045167444621E-0004
 2.94000000000000E+0002   2.42291911430148E-0004
 2.95000000000000E+0002   2.50375704385375E-0004
 2.96000000000000E+0002   2.55014907431500E-0004
 2.97000000000000E+0002   2.56058923231401E-0004
 2.98000000000000E+0002   2.53496616673397E-0004
 2.99000000000000E+0002   2.47451447169266E-0004
 3.00000000000000E+0002   2.38163319283231E-0004
 3.01000000000000E+0002   2.25959713800328E-0004
 3.02000000000000E+0002   2.11220717711353E-0004
 3.03000000000000E+0002   1.94343589025889E-0004
 3.04000000000000E+0002   1.75712212258187E-0004
 3.05000000000000E+0002   1.55675320695417E-0004
 3.06000000000000E+0002   1.34535107718759E-0004
 3.07000000000000E+0002   1.12545450513248E-0004
 3.08000000000000E+0002   8.99170745272222E-0005
 3.09000000000000E+0002   6.68260768062210E-0005
 3.10000000000000E+0002   4.34224758759400E-0005
 3.11000000000000E+0002   1.98366886799836E-0005
 3.12000000000000E+0002  -3.81641749562863E-0006
 3.13000000000000E+0002  -2.74346022985402E-0005
 3.14000000000000E+0002  -5.09241841388649E-0005
 3.15000000000000E+0002  -7.41925906436289E-0005
 3.16000000000000E+0002  -9.71363662046415E-0005
 3.17000000000000E+0002  -1.19625263774666E-0004
 3.18000000000000E+0002  -1.41484984760769E-0004
 3.19000000000000E+0002  -1.62482574960754E-0004
 3.20000000000000E+0002  -1.82318916905704E-0004
 3.21000000000000E+0002  -2.00631944524908E-0004
 3.22000000000000E+0002  -2.17012273179354E-0004
 3.23000000000000E+0002  -2.31030351060493E-0004
 3.24000000000000E+0002  -2.42271668430311E-0004
 3.25000000000000E+0002  -2.50374696598435E-0004
 3.26000000000000E+0002  -2.55065573158022E-0004
 3.27000000000000E+0002  -2.56184277921012E-0004
 3.28000000000000E+0002  -2.53698947799714E-0004
 3.29000000000000E+0002  -2.47707529765765E-0004
 3.30000000000000E+0002  -2.38428472827009E-0004
 3.31000000000000E+0002  -2.26183951746658E-0004
 3.32000000000000E+0002  -2.11379762218088E-0004
 3.33000000000000E+0002  -1.94485443625186E-0004
 3.34000000000000E+0002  -1.76016653017242E-0004
 3.35000000000000E+0002  -1.56519890685984E-0004
 3.36000000000000E+0002  -1.36558025739219E-0004
 3.37000000000000E+0002  -1.16694252251496E-0004
 3.38000000000000E+0002  -9.74724140267153E-0005
 3.39000000000000E+0002  -7.93929964393179E-0005
 3.40000000000000E+0002  -6.28860786758580E-0005
 3.41000000000000E+0002  -4.82845260015036E-0005
 3.42000000000000E+0002  -3.58020044517075E-0005
 3.43000000000000E+0002  -2.55205204902647E-0005
 3.44000000000000E+0002  -1.73909643613472E-0005
 3.45000000000000E+0002  -1.12478097930300E-0005
 3.46000000000000E+0002  -6.83628276753129E-0006
 3.47000000000000E+0002  -3.84772611759329E-0006
 3.48000000000000E+0002  -1.95727072143978E-0006
 3.49000000000000E+0002  -8.57718509618363E-0007
 3.50000000000000E+0002  -2.84771717729536E-0007
 3.51000000000000E+0002  -3.10096215208272E-0008
 3.52000000000000E+0002   5.13642118554914E-0008
 3.53000000000000E+0002   5.67408659318456E-0008
 3.54000000000000E+0002   3.77177839722315E-0008
 3.55000000000000E+0002   1.83485564283407E-0008
 3.56000000000000E+0002   6.04870694857833E-0009
 3.57000000000000E+0002   4.66833785468582E-0010
 3.58000000000000E+0002  -1.06070804512822E-0009
 3.59000000000000E+0002  -9.08382013184083E-0010
 3.60000000000000E+0002  -4.24748590142059E-0010
 3.61000000000000E+0002  -1.01678191088995E-0010
 3.62000000000000E+0002   1.93442801601611E-0011
 3.63000000000000E+0002   3.18806159092799E-0011
 3.64000000000000E+0002   1.51736719603004E-0011
 3.65000000000000E+0002   2.70332461903513E-0012
 3.66000000000000E+0002  -1.19938657358974E-0012
 3.67000000000000E+0002  -1.02394590742411E-0012
 3.68000000000000E+0002  -2.69804487173005E-0013
 3.69000000000000E+0002   4.30843967268253E-0014
 3.70000000000000E+0002   5.50566143699304E-0014
 3.71000000000000E+0002   1.27027587432793E-0014
 3.72000000000000E+0002  -3.45664127821795E-0015
 3.73000000000000E+0002  -2.53952647270652E-0015
 3.74000000000000E+0002  -1.61927515972163E-0016
 3.75000000000000E+0002   2.68411256624091E-0016
 3.76000000000000E+0002   6.13887054849204E-0017
 3.77000000000000E+0002  -2.18878007652467E-0017
 3.78000000000000E+0002  -8.53706673812190E-0018
 3.79000000000000E+0002   1.77271093659137E-0018
 3.80000000000000E+0002   8.98060321853319E-0019
 3.81000000000000E+0002  -1.80219977522537E-0019
 3.82000000000000E+0002  -7.75355505545061E-0020
 3.83000000000000E+0002   2.21640716280773E-0020
 3.84000000000000E+0002   0.00000000000000E+0000
 3.85000000000000E+0002   0.00000000000000E+0000
 3.86000000000000E+0002   0.00000000000000E+0000
 3.87000000000000E+0002   0.00000000000000E+0000
 3.88000000000000E+0002   0.00000000000000E+0000
 3.89000000000000E+0002   0.00000000000000E+0000
 3.90000000000000E+0002   0.00000000000000E+0000
 3.91000000000000E+0002   0.00000000000000E+0000
 3.92000000000000E+0002   0.00000000000000E+0000
 3.93000000000000E+0002   0.00000000000000E+0000
 3.94000000000000E+0002   0.00000000000000E+0000
 3.95000000000000E+0002   0.00000000000000E+0000
 3.96000000000000E+0002   0.00000000000000E+0000
 3.97000000000000E+0002   0.00000000000000E+0000
 3.98000000000000E+0002   0.00000000000000E+0000
 3.99000000000000E+0002   0.00000000000000E+0000
 4.00000000000000E+0002   0.00000000000000E+0000

