   6.500000e-02
   6.503393e-02
   6.506786e-02
   6.510179e-02
   6.513571e-02
   6.516964e-02
   6.520357e-02
   6.523750e-02
   6.527143e-02
   6.530536e-02
   6.533929e-02
   6.537321e-02
   6.540714e-02
   6.544107e-02
   6.547500e-02
   6.550893e-02
   6.554286e-02
   6.557679e-02
   6.561071e-02
   6.564464e-02
   6.567857e-02
   6.571250e-02
   6.574643e-02
   6.578036e-02
   6.581429e-02
   6.584821e-02
   6.588214e-02
   6.591607e-02
   6.595000e-02
   6.598393e-02
   6.601786e-02
   6.605179e-02
   6.608571e-02
   6.611964e-02
   6.615357e-02
   6.618750e-02
   6.622143e-02
   6.625536e-02
   6.628929e-02
   6.632321e-02
   6.635714e-02
   6.639107e-02
   6.642500e-02
   6.645893e-02
   6.649286e-02
   6.652679e-02
   6.656071e-02
   6.659464e-02
   6.662857e-02
   6.666250e-02
   6.669643e-02
   6.673036e-02
   6.676429e-02
   6.679821e-02
   6.683214e-02
   6.686607e-02
   6.690000e-02
   6.693393e-02
   6.696786e-02
   6.700179e-02
   6.703571e-02
   6.706964e-02
   6.710357e-02
   6.713750e-02
   6.717143e-02
   6.720536e-02
   6.723929e-02
   6.727321e-02
   6.730714e-02
   6.734107e-02
   6.737500e-02
   6.740893e-02
   6.744286e-02
   6.747679e-02
   6.751071e-02
   6.754464e-02
   6.757857e-02
   6.761250e-02
   6.764643e-02
   6.768036e-02
   6.771429e-02
   6.774821e-02
   6.778214e-02
   6.781607e-02
   6.785000e-02
   6.788393e-02
   6.791786e-02
   6.795179e-02
   6.798571e-02
   6.801964e-02
   6.805357e-02
   6.808750e-02
   6.812143e-02
   6.815536e-02
   6.818929e-02
   6.822321e-02
   6.825714e-02
   6.829107e-02
   6.832500e-02
   6.835893e-02
   6.839286e-02
   6.842679e-02
   6.846071e-02
   6.849464e-02
   6.852857e-02
   6.856250e-02
   6.859643e-02
   6.863036e-02
   6.866429e-02
   6.869821e-02
   6.873214e-02
   6.876607e-02
   6.880000e-02
   6.883393e-02
   6.886786e-02
   6.890179e-02
   6.893571e-02
   6.896964e-02
   6.900357e-02
   6.903750e-02
   6.907143e-02
   6.910536e-02
   6.913929e-02
   6.917321e-02
   6.920714e-02
   6.924107e-02
   6.927500e-02
   6.930893e-02
   6.934286e-02
   6.937679e-02
   6.941071e-02
   6.944464e-02
   6.947857e-02
   6.951250e-02
   6.954643e-02
   6.958036e-02
   6.961429e-02
   6.964821e-02
   6.968214e-02
   6.971607e-02
   6.975000e-02
   6.978393e-02
   6.981786e-02
   6.985179e-02
   6.988571e-02
   6.991964e-02
   6.995357e-02
   6.998750e-02
   7.002143e-02
   7.005536e-02
   7.008929e-02
   7.012321e-02
   7.015714e-02
   7.019107e-02
   7.022500e-02
   7.025893e-02
   7.029286e-02
   7.032679e-02
   7.036071e-02
   7.039464e-02
   7.042857e-02
   7.046250e-02
   7.049643e-02
   7.053036e-02
   7.056429e-02
   7.059821e-02
   7.063214e-02
   7.066607e-02
   7.070000e-02
   7.073393e-02
   7.076786e-02
   7.080179e-02
   7.083571e-02
   7.086964e-02
   7.090357e-02
   7.093750e-02
   7.097143e-02
   7.100536e-02
   7.103929e-02
   7.107321e-02
   7.110714e-02
   7.114107e-02
   7.117500e-02
   7.120893e-02
   7.124286e-02
   7.127679e-02
   7.131071e-02
   7.134464e-02
   7.137857e-02
   7.141250e-02
   7.144643e-02
   7.148036e-02
   7.151429e-02
   7.154821e-02
   7.158214e-02
   7.161607e-02
   7.165000e-02
   7.168393e-02
   7.171786e-02
   7.175179e-02
   7.178571e-02
   7.181964e-02
   7.185357e-02
   7.188750e-02
   7.192143e-02
   7.195536e-02
   7.198929e-02
   7.202321e-02
   7.205714e-02
   7.209107e-02
   7.212500e-02
   7.215893e-02
   7.219286e-02
   7.222679e-02
   7.226071e-02
   7.229464e-02
   7.232857e-02
   7.236250e-02
   7.239643e-02
   7.243036e-02
   7.246429e-02
   7.249821e-02
   7.253214e-02
   7.256607e-02
   7.260000e-02
   7.263393e-02
   7.266786e-02
   7.270179e-02
   7.273571e-02
   7.276964e-02
   7.280357e-02
   7.283750e-02
   7.287143e-02
   7.290536e-02
   7.293929e-02
   7.297321e-02
   7.300714e-02
   7.304107e-02
   7.307500e-02
   7.310893e-02
   7.314286e-02
   7.317679e-02
   7.321071e-02
   7.324464e-02
   7.327857e-02
   7.331250e-02
   7.334643e-02
   7.338036e-02
   7.341429e-02
   7.344821e-02
   7.348214e-02
   7.351607e-02
   7.355000e-02
   7.358393e-02
   7.361786e-02
   7.365179e-02
   7.368571e-02
   7.371964e-02
   7.375357e-02
   7.378750e-02
   7.382143e-02
   7.385536e-02
   7.388929e-02
   7.392321e-02
   7.395714e-02
   7.399107e-02
   7.402500e-02
   7.405893e-02
   7.409286e-02
   7.412679e-02
   7.416071e-02
   7.419464e-02
   7.422857e-02
   7.426250e-02
   7.429643e-02
   7.433036e-02
   7.436429e-02
   7.439821e-02
   7.443214e-02
   7.446607e-02
   7.450000e-02
   7.453393e-02
   7.456786e-02
   7.460179e-02
   7.463571e-02
   7.466964e-02
   7.470357e-02
   7.473750e-02
   7.477143e-02
   7.480536e-02
   7.483929e-02
   7.487321e-02
   7.490714e-02
   7.494107e-02
   7.497500e-02
   7.500893e-02
   7.504286e-02
   7.507679e-02
   7.511071e-02
   7.514464e-02
   7.517857e-02
   7.521250e-02
   7.524643e-02
   7.528036e-02
   7.531429e-02
   7.534821e-02
   7.538214e-02
   7.541607e-02
   7.545000e-02
   7.548393e-02
   7.551786e-02
   7.555179e-02
   7.558571e-02
   7.561964e-02
   7.565357e-02
   7.568750e-02
   7.572143e-02
   7.575536e-02
   7.578929e-02
   7.582321e-02
   7.585714e-02
   7.589107e-02
   7.592500e-02
   7.595893e-02
   7.599286e-02
   7.602679e-02
   7.606071e-02
   7.609464e-02
   7.612857e-02
   7.616250e-02
   7.619643e-02
   7.623036e-02
   7.626429e-02
   7.629821e-02
   7.633214e-02
   7.636607e-02
   7.640000e-02
   7.643393e-02
   7.646786e-02
   7.650179e-02
   7.653571e-02
   7.656964e-02
   7.660357e-02
   7.663750e-02
   7.667143e-02
   7.670536e-02
   7.673929e-02
   7.677321e-02
   7.680714e-02
   7.684107e-02
   7.687500e-02
   7.690893e-02
   7.694286e-02
   7.697679e-02
   7.701071e-02
   7.704464e-02
   7.707857e-02
   7.711250e-02
   7.714643e-02
   7.718036e-02
   7.721429e-02
   7.724821e-02
   7.728214e-02
   7.731607e-02
   7.735000e-02
   7.738393e-02
   7.741786e-02
   7.745179e-02
   7.748571e-02
   7.751964e-02
   7.755357e-02
   7.758750e-02
   7.762143e-02
   7.765536e-02
   7.768929e-02
   7.772321e-02
   7.775714e-02
   7.779107e-02
   7.782500e-02
   7.785893e-02
   7.789286e-02
   7.792679e-02
   7.796071e-02
   7.799464e-02
   7.802857e-02
   7.806250e-02
   7.809643e-02
   7.813036e-02
   7.816429e-02
   7.819821e-02
   7.823214e-02
   7.826607e-02
   7.830000e-02
   7.833393e-02
   7.836786e-02
   7.840179e-02
   7.843571e-02
   7.846964e-02
   7.850357e-02
   7.853750e-02
   7.857143e-02
   7.860536e-02
   7.863929e-02
   7.867321e-02
   7.870714e-02
   7.874107e-02
   7.877500e-02
   7.880893e-02
   7.884286e-02
   7.887679e-02
   7.891071e-02
   7.894464e-02
   7.897857e-02
   7.901250e-02
   7.904643e-02
   7.908036e-02
   7.911429e-02
   7.914821e-02
   7.918214e-02
   7.921607e-02
   7.925000e-02
   7.928393e-02
   7.931786e-02
   7.935179e-02
   7.938571e-02
   7.941964e-02
   7.945357e-02
   7.948750e-02
   7.952143e-02
   7.955536e-02
   7.958929e-02
   7.962321e-02
   7.965714e-02
   7.969107e-02
   7.972500e-02
   7.975893e-02
   7.979286e-02
   7.982679e-02
   7.986071e-02
   7.989464e-02
   7.992857e-02
   7.996250e-02
   7.999643e-02
   8.003036e-02
   8.006429e-02
   8.009821e-02
   8.013214e-02
   8.016607e-02
   8.020000e-02
   8.023393e-02
   8.026786e-02
   8.030179e-02
   8.033571e-02
   8.036964e-02
   8.040357e-02
   8.043750e-02
   8.047143e-02
   8.050536e-02
   8.053929e-02
   8.057321e-02
   8.060714e-02
   8.064107e-02
   8.067500e-02
   8.070893e-02
   8.074286e-02
   8.077679e-02
   8.081071e-02
   8.084464e-02
   8.087857e-02
   8.091250e-02
   8.094643e-02
   8.098036e-02
   8.101429e-02
   8.104821e-02
   8.108214e-02
   8.111607e-02
   8.115000e-02
   8.118393e-02
   8.121786e-02
   8.125179e-02
   8.128571e-02
   8.131964e-02
   8.135357e-02
   8.138750e-02
   8.142143e-02
   8.145536e-02
   8.148929e-02
   8.152321e-02
   8.155714e-02
   8.159107e-02
   8.162500e-02
   8.165893e-02
   8.169286e-02
   8.172679e-02
   8.176071e-02
   8.179464e-02
   8.182857e-02
   8.186250e-02
   8.189643e-02
   8.193036e-02
   8.196429e-02
   8.199821e-02
   8.203214e-02
   8.206607e-02
   8.210000e-02
   8.213393e-02
   8.216786e-02
   8.220179e-02
   8.223571e-02
   8.226964e-02
   8.230357e-02
   8.233750e-02
   8.237143e-02
   8.240536e-02
   8.243929e-02
   8.247321e-02
   8.250714e-02
   8.254107e-02
   8.257500e-02
   8.260893e-02
   8.264286e-02
   8.267679e-02
   8.271071e-02
   8.274464e-02
   8.277857e-02
   8.281250e-02
   8.284643e-02
   8.288036e-02
   8.291429e-02
   8.294821e-02
   8.298214e-02
   8.301607e-02
   8.305000e-02
   8.308393e-02
   8.311786e-02
   8.315179e-02
   8.318571e-02
   8.321964e-02
   8.325357e-02
   8.328750e-02
   8.332143e-02
   8.335536e-02
   8.338929e-02
   8.342321e-02
   8.345714e-02
   8.349107e-02
   8.352500e-02
   8.355893e-02
   8.359286e-02
   8.362679e-02
   8.366071e-02
   8.369464e-02
   8.372857e-02
   8.376250e-02
   8.379643e-02
   8.383036e-02
   8.386429e-02
   8.389821e-02
   8.393214e-02
   8.396607e-02
   8.400000e-02
   8.403393e-02
   8.406786e-02
   8.410179e-02
   8.413571e-02
   8.416964e-02
   8.420357e-02
   8.423750e-02
   8.427143e-02
   8.430536e-02
   8.433929e-02
   8.437321e-02
   8.440714e-02
   8.444107e-02
   8.447500e-02
   8.450893e-02
   8.454286e-02
   8.457679e-02
   8.461071e-02
   8.464464e-02
   8.467857e-02
   8.471250e-02
   8.474643e-02
   8.478036e-02
   8.481429e-02
   8.484821e-02
   8.488214e-02
   8.491607e-02
   8.495000e-02
   8.498393e-02
   8.501786e-02
   8.505179e-02
   8.508571e-02
   8.511964e-02
   8.515357e-02
   8.518750e-02
   8.522143e-02
   8.525536e-02
   8.528929e-02
   8.532321e-02
   8.535714e-02
   8.539107e-02
   8.542500e-02
   8.545893e-02
   8.549286e-02
   8.552679e-02
   8.556071e-02
   8.559464e-02
   8.562857e-02
   8.566250e-02
   8.569643e-02
   8.573036e-02
   8.576429e-02
   8.579821e-02
   8.583214e-02
   8.586607e-02
   8.590000e-02
   8.593393e-02
   8.596786e-02
   8.600179e-02
   8.603571e-02
   8.606964e-02
   8.610357e-02
   8.613750e-02
   8.617143e-02
   8.620536e-02
   8.623929e-02
   8.627321e-02
   8.630714e-02
   8.634107e-02
   8.637500e-02
   8.640893e-02
   8.644286e-02
   8.647679e-02
   8.651071e-02
   8.654464e-02
   8.657857e-02
   8.661250e-02
   8.664643e-02
   8.668036e-02
   8.671429e-02
   8.674821e-02
   8.678214e-02
   8.681607e-02
   8.685000e-02
   8.688393e-02
   8.691786e-02
   8.695179e-02
   8.698571e-02
   8.701964e-02
   8.705357e-02
   8.708750e-02
   8.712143e-02
   8.715536e-02
   8.718929e-02
   8.722321e-02
   8.725714e-02
   8.729107e-02
   8.732500e-02
   8.735893e-02
   8.739286e-02
   8.742679e-02
   8.746071e-02
   8.749464e-02
   8.752857e-02
   8.756250e-02
   8.759643e-02
   8.763036e-02
   8.766429e-02
   8.769821e-02
   8.773214e-02
   8.776607e-02
   8.780000e-02
   8.783393e-02
   8.786786e-02
   8.790179e-02
   8.793571e-02
   8.796964e-02
   8.800357e-02
   8.803750e-02
   8.807143e-02
   8.810536e-02
   8.813929e-02
   8.817321e-02
   8.820714e-02
   8.824107e-02
   8.827500e-02
   8.830893e-02
   8.834286e-02
   8.837679e-02
   8.841071e-02
   8.844464e-02
   8.847857e-02
   8.851250e-02
   8.854643e-02
   8.858036e-02
   8.861429e-02
   8.864821e-02
   8.868214e-02
   8.871607e-02
   8.875000e-02
   8.878393e-02
   8.881786e-02
   8.885179e-02
   8.888571e-02
   8.891964e-02
   8.895357e-02
   8.898750e-02
   8.902143e-02
   8.905536e-02
   8.908929e-02
   8.912321e-02
   8.915714e-02
   8.919107e-02
   8.922500e-02
   8.925893e-02
   8.929286e-02
   8.932679e-02
   8.936071e-02
   8.939464e-02
   8.942857e-02
   8.946250e-02
   8.949643e-02
   8.953036e-02
   8.956429e-02
   8.959821e-02
   8.963214e-02
   8.966607e-02
   8.970000e-02
   8.973393e-02
   8.976786e-02
   8.980179e-02
   8.983571e-02
   8.986964e-02
   8.990357e-02
   8.993750e-02
   8.997143e-02
   9.000536e-02
   9.003929e-02
   9.007321e-02
   9.010714e-02
   9.014107e-02
   9.017500e-02
   9.020893e-02
   9.024286e-02
   9.027679e-02
   9.031071e-02
   9.034464e-02
   9.037857e-02
   9.041250e-02
   9.044643e-02
   9.048036e-02
   9.051429e-02
   9.054821e-02
   9.058214e-02
   9.061607e-02
   9.065000e-02
   9.068393e-02
   9.071786e-02
   9.075179e-02
   9.078571e-02
   9.081964e-02
   9.085357e-02
   9.088750e-02
   9.092143e-02
   9.095536e-02
   9.098929e-02
   9.102321e-02
   9.105714e-02
   9.109107e-02
   9.112500e-02
   9.115893e-02
   9.119286e-02
   9.122679e-02
   9.126071e-02
   9.129464e-02
   9.132857e-02
   9.136250e-02
   9.139643e-02
   9.143036e-02
   9.146429e-02
   9.149821e-02
   9.153214e-02
   9.156607e-02
   9.160000e-02
   9.163393e-02
   9.166786e-02
   9.170179e-02
   9.173571e-02
   9.176964e-02
   9.180357e-02
   9.183750e-02
   9.187143e-02
   9.190536e-02
   9.193929e-02
   9.197321e-02
   9.200714e-02
   9.204107e-02
   9.207500e-02
   9.210893e-02
   9.214286e-02
   9.217679e-02
   9.221071e-02
   9.224464e-02
   9.227857e-02
   9.231250e-02
   9.234643e-02
   9.238036e-02
   9.241429e-02
   9.244821e-02
   9.248214e-02
   9.251607e-02
   9.255000e-02
   9.258393e-02
   9.261786e-02
   9.265179e-02
   9.268571e-02
   9.271964e-02
   9.275357e-02
   9.278750e-02
   9.282143e-02
   9.285536e-02
   9.288929e-02
   9.292321e-02
   9.295714e-02
   9.299107e-02
   9.302500e-02
   9.305893e-02
   9.309286e-02
   9.312679e-02
   9.316071e-02
   9.319464e-02
   9.322857e-02
   9.326250e-02
   9.329643e-02
   9.333036e-02
   9.336429e-02
   9.339821e-02
   9.343214e-02
   9.346607e-02
   9.350000e-02
   9.353393e-02
   9.356786e-02
   9.360179e-02
   9.363571e-02
   9.366964e-02
   9.370357e-02
   9.373750e-02
   9.377143e-02
   9.380536e-02
   9.383929e-02
   9.387321e-02
   9.390714e-02
   9.394107e-02
   9.397500e-02
   9.400893e-02
   9.404286e-02
   9.407679e-02
   9.411071e-02
   9.414464e-02
   9.417857e-02
   9.421250e-02
   9.424643e-02
   9.428036e-02
   9.431429e-02
   9.434821e-02
   9.438214e-02
   9.441607e-02
   9.445000e-02
   9.448393e-02
   9.451786e-02
   9.455179e-02
   9.458571e-02
   9.461964e-02
   9.465357e-02
   9.468750e-02
   9.472143e-02
   9.475536e-02
   9.478929e-02
   9.482321e-02
   9.485714e-02
   9.489107e-02
   9.492500e-02
   9.495893e-02
   9.499286e-02
   9.502679e-02
   9.506071e-02
   9.509464e-02
   9.512857e-02
   9.516250e-02
   9.519643e-02
   9.523036e-02
   9.526429e-02
   9.529821e-02
   9.533214e-02
   9.536607e-02
   9.540000e-02
   9.543393e-02
   9.546786e-02
   9.550179e-02
   9.553571e-02
   9.556964e-02
   9.560357e-02
   9.563750e-02
   9.567143e-02
   9.570536e-02
   9.573929e-02
   9.577321e-02
   9.580714e-02
   9.584107e-02
   9.587500e-02
   9.590893e-02
   9.594286e-02
   9.597679e-02
   9.601071e-02
   9.604464e-02
   9.607857e-02
   9.611250e-02
   9.614643e-02
   9.618036e-02
   9.621429e-02
   9.624821e-02
   9.628214e-02
   9.631607e-02
   9.635000e-02
   9.638393e-02
   9.641786e-02
   9.645179e-02
   9.648571e-02
   9.651964e-02
   9.655357e-02
   9.658750e-02
   9.662143e-02
   9.665536e-02
   9.668929e-02
   9.672321e-02
   9.675714e-02
   9.679107e-02
   9.682500e-02
   9.685893e-02
   9.689286e-02
   9.692679e-02
   9.696071e-02
   9.699464e-02
   9.702857e-02
   9.706250e-02
   9.709643e-02
   9.713036e-02
   9.716429e-02
   9.719821e-02
   9.723214e-02
   9.726607e-02
   9.730000e-02
   9.733393e-02
   9.736786e-02
   9.740179e-02
   9.743571e-02
   9.746964e-02
   9.750357e-02
   9.753750e-02
   9.757143e-02
   9.760536e-02
   9.763929e-02
   9.767321e-02
   9.770714e-02
   9.774107e-02
   9.777500e-02
   9.780893e-02
   9.784286e-02
   9.787679e-02
   9.791071e-02
   9.794464e-02
   9.797857e-02
   9.801250e-02
   9.804643e-02
   9.808036e-02
   9.811429e-02
   9.814821e-02
   9.818214e-02
   9.821607e-02
   9.825000e-02
   9.828393e-02
   9.831786e-02
   9.835179e-02
   9.838571e-02
   9.841964e-02
   9.845357e-02
   9.848750e-02
   9.852143e-02
   9.855536e-02
   9.858929e-02
   9.862321e-02
   9.865714e-02
   9.869107e-02
   9.872500e-02
   9.875893e-02
   9.879286e-02
   9.882679e-02
   9.886071e-02
   9.889464e-02
   9.892857e-02
   9.896250e-02
   9.899643e-02
   9.903036e-02
   9.906429e-02
   9.909821e-02
   9.913214e-02
   9.916607e-02
   9.920000e-02
   9.923393e-02
   9.926786e-02
   9.930179e-02
   9.933571e-02
   9.936964e-02
   9.940357e-02
   9.943750e-02
   9.947143e-02
   9.950536e-02
   9.953929e-02
   9.957321e-02
   9.960714e-02
   9.964107e-02
   9.967500e-02
   9.970893e-02
   9.974286e-02
   9.977679e-02
   9.981071e-02
   9.984464e-02
   9.987857e-02
   9.991250e-02
   9.994643e-02
   9.998036e-02
   1.000143e-01
   1.000482e-01
   1.000821e-01
   1.001161e-01
   1.001500e-01
   1.001839e-01
   1.002179e-01
   1.002518e-01
   1.002857e-01
   1.003196e-01
   1.003536e-01
   1.003875e-01
   1.004214e-01
   1.004554e-01
   1.004893e-01
   1.005232e-01
   1.005571e-01
   1.005911e-01
   1.006250e-01
   1.006589e-01
   1.006929e-01
   1.007268e-01
   1.007607e-01
   1.007946e-01
   1.008286e-01
   1.008625e-01
   1.008964e-01
   1.009304e-01
   1.009643e-01
   1.009982e-01
   1.010321e-01
   1.010661e-01
   1.011000e-01
   1.011339e-01
   1.011679e-01
   1.012018e-01
   1.012357e-01
   1.012696e-01
   1.013036e-01
   1.013375e-01
   1.013714e-01
   1.014054e-01
   1.014393e-01
   1.014732e-01
   1.015071e-01
   1.015411e-01
   1.015750e-01
   1.016089e-01
   1.016429e-01
   1.016768e-01
   1.017107e-01
   1.017446e-01
   1.017786e-01
   1.018125e-01
   1.018464e-01
   1.018804e-01
   1.019143e-01
   1.019482e-01
   1.019821e-01
   1.020161e-01
   1.020500e-01
   1.020839e-01
   1.021179e-01
   1.021518e-01
   1.021857e-01
   1.022196e-01
   1.022536e-01
   1.022875e-01
   1.023214e-01
   1.023554e-01
   1.023893e-01
   1.024232e-01
   1.024571e-01
   1.024911e-01
   1.025250e-01
   1.025589e-01
   1.025929e-01
   1.026268e-01
   1.026607e-01
   1.026946e-01
   1.027286e-01
   1.027625e-01
   1.027964e-01
   1.028304e-01
   1.028643e-01
   1.028982e-01
   1.029321e-01
   1.029661e-01
   1.030000e-01
   1.030339e-01
   1.030679e-01
   1.031018e-01
   1.031357e-01
   1.031696e-01
   1.032036e-01
   1.032375e-01
   1.032714e-01
   1.033054e-01
   1.033393e-01
   1.033732e-01
   1.034071e-01
   1.034411e-01
   1.034750e-01
   1.035089e-01
   1.035429e-01
   1.035768e-01
   1.036107e-01
   1.036446e-01
   1.036786e-01
   1.037125e-01
   1.037464e-01
   1.037804e-01
   1.038143e-01
   1.038482e-01
   1.038821e-01
   1.039161e-01
   1.039500e-01
   1.039839e-01
   1.040179e-01
   1.040518e-01
   1.040857e-01
   1.041196e-01
   1.041536e-01
   1.041875e-01
   1.042214e-01
   1.042554e-01
   1.042893e-01
   1.043232e-01
   1.043571e-01
   1.043911e-01
   1.044250e-01
   1.044589e-01
   1.044929e-01
   1.045268e-01
   1.045607e-01
   1.045946e-01
   1.046286e-01
   1.046625e-01
   1.046964e-01
   1.047304e-01
   1.047643e-01
   1.047982e-01
   1.048321e-01
   1.048661e-01
   1.049000e-01
   1.049339e-01
   1.049679e-01
   1.050018e-01
   1.050357e-01
   1.050696e-01
   1.051036e-01
   1.051375e-01
   1.051714e-01
   1.052054e-01
   1.052393e-01
   1.052732e-01
   1.053071e-01
   1.053411e-01
   1.053750e-01
   1.054089e-01
   1.054429e-01
   1.054768e-01
   1.055107e-01
   1.055446e-01
   1.055786e-01
   1.056125e-01
   1.056464e-01
   1.056804e-01
   1.057143e-01
   1.057482e-01
   1.057821e-01
   1.058161e-01
   1.058500e-01
   1.058839e-01
   1.059179e-01
   1.059518e-01
   1.059857e-01
   1.060196e-01
   1.060536e-01
   1.060875e-01
   1.061214e-01
   1.061554e-01
   1.061893e-01
   1.062232e-01
   1.062571e-01
   1.062911e-01
   1.063250e-01
   1.063589e-01
   1.063929e-01
   1.064268e-01
   1.064607e-01
   1.064946e-01
   1.065286e-01
   1.065625e-01
   1.065964e-01
   1.066304e-01
   1.066643e-01
   1.066982e-01
   1.067321e-01
   1.067661e-01
   1.068000e-01
   1.068339e-01
   1.068679e-01
   1.069018e-01
   1.069357e-01
   1.069696e-01
   1.070036e-01
   1.070375e-01
   1.070714e-01
   1.071054e-01
   1.071393e-01
   1.071732e-01
   1.072071e-01
   1.072411e-01
   1.072750e-01
   1.073089e-01
   1.073429e-01
   1.073768e-01
   1.074107e-01
   1.074446e-01
   1.074786e-01
   1.075125e-01
   1.075464e-01
   1.075804e-01
   1.076143e-01
   1.076482e-01
   1.076821e-01
   1.077161e-01
   1.077500e-01
   1.077839e-01
   1.078179e-01
   1.078518e-01
   1.078857e-01
   1.079196e-01
   1.079536e-01
   1.079875e-01
   1.080214e-01
   1.080554e-01
   1.080893e-01
   1.081232e-01
   1.081571e-01
   1.081911e-01
   1.082250e-01
   1.082589e-01
   1.082929e-01
   1.083268e-01
   1.083607e-01
   1.083946e-01
   1.084286e-01
   1.084625e-01
   1.084964e-01
   1.085304e-01
   1.085643e-01
   1.085982e-01
   1.086321e-01
   1.086661e-01
   1.087000e-01
   1.087339e-01
   1.087679e-01
   1.088018e-01
   1.088357e-01
   1.088696e-01
   1.089036e-01
   1.089375e-01
   1.089714e-01
   1.090054e-01
   1.090393e-01
   1.090732e-01
   1.091071e-01
   1.091411e-01
   1.091750e-01
   1.092089e-01
   1.092429e-01
   1.092768e-01
   1.093107e-01
   1.093446e-01
   1.093786e-01
   1.094125e-01
   1.094464e-01
   1.094804e-01
   1.095143e-01
   1.095482e-01
   1.095821e-01
   1.096161e-01
   1.096500e-01
   1.096839e-01
   1.097179e-01
   1.097518e-01
   1.097857e-01
   1.098196e-01
   1.098536e-01
   1.098875e-01
   1.099214e-01
   1.099554e-01
   1.099893e-01
   1.100232e-01
   1.100571e-01
   1.100911e-01
   1.101250e-01
   1.101589e-01
   1.101929e-01
   1.102268e-01
   1.102607e-01
   1.102946e-01
   1.103286e-01
   1.103625e-01
   1.103964e-01
   1.104304e-01
   1.104643e-01
   1.104982e-01
   1.105321e-01
   1.105661e-01
   1.106000e-01
   1.106339e-01
   1.106679e-01
   1.107018e-01
   1.107357e-01
   1.107696e-01
   1.108036e-01
   1.108375e-01
   1.108714e-01
   1.109054e-01
   1.109393e-01
   1.109732e-01
   1.110071e-01
   1.110411e-01
   1.110750e-01
   1.111089e-01
   1.111429e-01
   1.111768e-01
   1.112107e-01
   1.112446e-01
   1.112786e-01
   1.113125e-01
   1.113464e-01
   1.113804e-01
   1.114143e-01
   1.114482e-01
   1.114821e-01
   1.115161e-01
   1.115500e-01
   1.115839e-01
   1.116179e-01
   1.116518e-01
   1.116857e-01
   1.117196e-01
   1.117536e-01
   1.117875e-01
   1.118214e-01
   1.118554e-01
   1.118893e-01
   1.119232e-01
   1.119571e-01
   1.119911e-01
   1.120250e-01
   1.120589e-01
   1.120929e-01
   1.121268e-01
   1.121607e-01
   1.121946e-01
   1.122286e-01
   1.122625e-01
   1.122964e-01
   1.123304e-01
   1.123643e-01
   1.123982e-01
   1.124321e-01
   1.124661e-01
   1.125000e-01
   1.125339e-01
   1.125679e-01
   1.126018e-01
   1.126357e-01
   1.126696e-01
   1.127036e-01
   1.127375e-01
   1.127714e-01
   1.128054e-01
   1.128393e-01
   1.128732e-01
   1.129071e-01
   1.129411e-01
   1.129750e-01
   1.130089e-01
   1.130429e-01
   1.130768e-01
   1.131107e-01
   1.131446e-01
   1.131786e-01
   1.132125e-01
   1.132464e-01
   1.132804e-01
   1.133143e-01
   1.133482e-01
   1.133821e-01
   1.134161e-01
   1.134500e-01
   1.134839e-01
   1.135179e-01
   1.135518e-01
   1.135857e-01
   1.136196e-01
   1.136536e-01
   1.136875e-01
   1.137214e-01
   1.137554e-01
   1.137893e-01
   1.138232e-01
   1.138571e-01
   1.138911e-01
   1.139250e-01
   1.139589e-01
   1.139929e-01
   1.140268e-01
   1.140607e-01
   1.140946e-01
   1.141286e-01
   1.141625e-01
   1.141964e-01
   1.142304e-01
   1.142643e-01
   1.142982e-01
   1.143321e-01
   1.143661e-01
   1.144000e-01
   1.144339e-01
   1.144679e-01
   1.145018e-01
   1.145357e-01
   1.145696e-01
   1.146036e-01
   1.146375e-01
   1.146714e-01
   1.147054e-01
   1.147393e-01
   1.147732e-01
   1.148071e-01
   1.148411e-01
   1.148750e-01
   1.149089e-01
   1.149429e-01
   1.149768e-01
   1.150107e-01
   1.150446e-01
   1.150786e-01
   1.151125e-01
   1.151464e-01
   1.151804e-01
   1.152143e-01
   1.152482e-01
   1.152821e-01
   1.153161e-01
   1.153500e-01
   1.153839e-01
   1.154179e-01
   1.154518e-01
   1.154857e-01
   1.155196e-01
   1.155536e-01
   1.155875e-01
   1.156214e-01
   1.156554e-01
   1.156893e-01
   1.157232e-01
   1.157571e-01
   1.157911e-01
   1.158250e-01
   1.158589e-01
   1.158929e-01
   1.159268e-01
   1.159607e-01
   1.159946e-01
   1.160286e-01
   1.160625e-01
   1.160964e-01
   1.161304e-01
   1.161643e-01
   1.161982e-01
   1.162321e-01
   1.162661e-01
   1.163000e-01
   1.163339e-01
   1.163679e-01
   1.164018e-01
   1.164357e-01
   1.164696e-01
   1.165036e-01
   1.165375e-01
   1.165714e-01
   1.166054e-01
   1.166393e-01
   1.166732e-01
   1.167071e-01
   1.167411e-01
   1.167750e-01
   1.168089e-01
   1.168429e-01
   1.168768e-01
   1.169107e-01
   1.169446e-01
   1.169786e-01
   1.170125e-01
   1.170464e-01
   1.170804e-01
   1.171143e-01
   1.171482e-01
   1.171821e-01
   1.172161e-01
   1.172500e-01
   1.172839e-01
   1.173179e-01
   1.173518e-01
   1.173857e-01
   1.174196e-01
   1.174536e-01
   1.174875e-01
   1.175214e-01
   1.175554e-01
   1.175893e-01
   1.176232e-01
   1.176571e-01
   1.176911e-01
   1.177250e-01
   1.177589e-01
   1.177929e-01
   1.178268e-01
   1.178607e-01
   1.178946e-01
   1.179286e-01
   1.179625e-01
   1.179964e-01
   1.180304e-01
   1.180643e-01
   1.180982e-01
   1.181321e-01
   1.181661e-01
   1.182000e-01
   1.182339e-01
   1.182679e-01
   1.183018e-01
   1.183357e-01
   1.183696e-01
   1.184036e-01
   1.184375e-01
   1.184714e-01
   1.185054e-01
   1.185393e-01
   1.185732e-01
   1.186071e-01
   1.186411e-01
   1.186750e-01
   1.187089e-01
   1.187429e-01
   1.187768e-01
   1.188107e-01
   1.188446e-01
   1.188786e-01
   1.189125e-01
   1.189464e-01
   1.189804e-01
   1.190143e-01
   1.190482e-01
   1.190821e-01
   1.191161e-01
   1.191500e-01
   1.191839e-01
   1.192179e-01
   1.192518e-01
   1.192857e-01
   1.193196e-01
   1.193536e-01
   1.193875e-01
   1.194214e-01
   1.194554e-01
   1.194893e-01
   1.195232e-01
   1.195571e-01
   1.195911e-01
   1.196250e-01
   1.196589e-01
   1.196929e-01
   1.197268e-01
   1.197607e-01
   1.197946e-01
   1.198286e-01
   1.198625e-01
   1.198964e-01
   1.199304e-01
   1.199643e-01
   1.199982e-01
   1.200321e-01
   1.200661e-01
   1.201000e-01
   1.201339e-01
   1.201679e-01
   1.202018e-01
   1.202357e-01
   1.202696e-01
   1.203036e-01
   1.203375e-01
   1.203714e-01
   1.204054e-01
   1.204393e-01
   1.204732e-01
   1.205071e-01
   1.205411e-01
   1.205750e-01
   1.206089e-01
   1.206429e-01
   1.206768e-01
   1.207107e-01
   1.207446e-01
   1.207786e-01
   1.208125e-01
   1.208464e-01
   1.208804e-01
   1.209143e-01
   1.209482e-01
   1.209821e-01
   1.210161e-01
   1.210500e-01
   1.210839e-01
   1.211179e-01
   1.211518e-01
   1.211857e-01
   1.212196e-01
   1.212536e-01
   1.212875e-01
   1.213214e-01
   1.213554e-01
   1.213893e-01
   1.214232e-01
   1.214571e-01
   1.214911e-01
   1.215250e-01
   1.215589e-01
   1.215929e-01
   1.216268e-01
   1.216607e-01
   1.216946e-01
   1.217286e-01
   1.217625e-01
   1.217964e-01
   1.218304e-01
   1.218643e-01
   1.218982e-01
   1.219321e-01
   1.219661e-01
   1.220000e-01
   1.220339e-01
   1.220679e-01
   1.221018e-01
   1.221357e-01
   1.221696e-01
   1.222036e-01
   1.222375e-01
   1.222714e-01
   1.223054e-01
   1.223393e-01
   1.223732e-01
   1.224071e-01
   1.224411e-01
   1.224750e-01
   1.225089e-01
   1.225429e-01
   1.225768e-01
   1.226107e-01
   1.226446e-01
   1.226786e-01
   1.227125e-01
   1.227464e-01
   1.227804e-01
   1.228143e-01
   1.228482e-01
   1.228821e-01
   1.229161e-01
   1.229500e-01
   1.229839e-01
   1.230179e-01
   1.230518e-01
   1.230857e-01
   1.231196e-01
   1.231536e-01
   1.231875e-01
   1.232214e-01
   1.232554e-01
   1.232893e-01
   1.233232e-01
   1.233571e-01
   1.233911e-01
   1.234250e-01
   1.234589e-01
   1.234929e-01
   1.235268e-01
   1.235607e-01
   1.235946e-01
   1.236286e-01
   1.236625e-01
   1.236964e-01
   1.237304e-01
   1.237643e-01
   1.237982e-01
   1.238321e-01
   1.238661e-01
   1.239000e-01
   1.239339e-01
   1.239679e-01
   1.240018e-01
   1.240357e-01
   1.240696e-01
   1.241036e-01
   1.241375e-01
   1.241714e-01
   1.242054e-01
   1.242393e-01
   1.242732e-01
   1.243071e-01
   1.243411e-01
   1.243750e-01
   1.244089e-01
   1.244429e-01
   1.244768e-01
   1.245107e-01
   1.245446e-01
   1.245786e-01
   1.246125e-01
   1.246464e-01
   1.246804e-01
   1.247143e-01
   1.247482e-01
   1.247821e-01
   1.248161e-01
   1.248500e-01
   1.248839e-01
   1.249179e-01
   1.249518e-01
   1.249857e-01
   1.250196e-01
   1.250536e-01
   1.250875e-01
   1.251214e-01
   1.251554e-01
   1.251893e-01
   1.252232e-01
   1.252571e-01
   1.252911e-01
   1.253250e-01
   1.253589e-01
   1.253929e-01
   1.254268e-01
   1.254607e-01
   1.254946e-01
   1.255286e-01
   1.255625e-01
   1.255964e-01
   1.256304e-01
   1.256643e-01
   1.256982e-01
   1.257321e-01
   1.257661e-01
   1.258000e-01
   1.258339e-01
   1.258679e-01
   1.259018e-01
   1.259357e-01
   1.259696e-01
   1.260036e-01
   1.260375e-01
   1.260714e-01
   1.261054e-01
   1.261393e-01
   1.261732e-01
   1.262071e-01
   1.262411e-01
   1.262750e-01
   1.263089e-01
   1.263429e-01
   1.263768e-01
   1.264107e-01
   1.264446e-01
   1.264786e-01
   1.265125e-01
   1.265464e-01
   1.265804e-01
   1.266143e-01
   1.266482e-01
   1.266821e-01
   1.267161e-01
   1.267500e-01
   1.267839e-01
   1.268179e-01
   1.268518e-01
   1.268857e-01
   1.269196e-01
   1.269536e-01
   1.269875e-01
   1.270214e-01
   1.270554e-01
   1.270893e-01
   1.271232e-01
   1.271571e-01
   1.271911e-01
   1.272250e-01
   1.272589e-01
   1.272929e-01
   1.273268e-01
   1.273607e-01
   1.273946e-01
   1.274286e-01
   1.274625e-01
   1.274964e-01
   1.275304e-01
   1.275643e-01
   1.275982e-01
   1.276321e-01
   1.276661e-01
   1.277000e-01
   1.277339e-01
   1.277679e-01
   1.278018e-01
   1.278357e-01
   1.278696e-01
   1.279036e-01
   1.279375e-01
   1.279714e-01
   1.280054e-01
   1.280393e-01
   1.280732e-01
   1.281071e-01
   1.281411e-01
   1.281750e-01
   1.282089e-01
   1.282429e-01
   1.282768e-01
   1.283107e-01
   1.283446e-01
   1.283786e-01
   1.284125e-01
   1.284464e-01
   1.284804e-01
   1.285143e-01
   1.285482e-01
   1.285821e-01
   1.286161e-01
   1.286500e-01
   1.286839e-01
   1.287179e-01
   1.287518e-01
   1.287857e-01
   1.288196e-01
   1.288536e-01
   1.288875e-01
   1.289214e-01
   1.289554e-01
   1.289893e-01
   1.290232e-01
   1.290571e-01
   1.290911e-01
   1.291250e-01
   1.291589e-01
   1.291929e-01
   1.292268e-01
   1.292607e-01
   1.292946e-01
   1.293286e-01
   1.293625e-01
   1.293964e-01
   1.294304e-01
   1.294643e-01
   1.294982e-01
   1.295321e-01
   1.295661e-01
   1.296000e-01
   1.296339e-01
   1.296679e-01
   1.297018e-01
   1.297357e-01
   1.297696e-01
   1.298036e-01
   1.298375e-01
   1.298714e-01
   1.299054e-01
   1.299393e-01
   1.299732e-01
   1.300071e-01
   1.300411e-01
   1.300750e-01
   1.301089e-01
   1.301429e-01
   1.301768e-01
   1.302107e-01
   1.302446e-01
   1.302786e-01
   1.303125e-01
   1.303464e-01
   1.303804e-01
   1.304143e-01
   1.304482e-01
   1.304821e-01
   1.305161e-01
   1.305500e-01
   1.305839e-01
   1.306179e-01
   1.306518e-01
   1.306857e-01
   1.307196e-01
   1.307536e-01
   1.307875e-01
   1.308214e-01
   1.308554e-01
   1.308893e-01
   1.309232e-01
   1.309571e-01
   1.309911e-01
   1.310250e-01
   1.310589e-01
   1.310929e-01
   1.311268e-01
   1.311607e-01
   1.311946e-01
   1.312286e-01
   1.312625e-01
   1.312964e-01
   1.313304e-01
   1.313643e-01
   1.313982e-01
   1.314321e-01
   1.314661e-01
   1.315000e-01
   1.315339e-01
   1.315679e-01
   1.316018e-01
   1.316357e-01
   1.316696e-01
   1.317036e-01
   1.317375e-01
   1.317714e-01
   1.318054e-01
   1.318393e-01
   1.318732e-01
   1.319071e-01
   1.319411e-01
   1.319750e-01
   1.320089e-01
   1.320429e-01
   1.320768e-01
   1.321107e-01
   1.321446e-01
   1.321786e-01
   1.322125e-01
   1.322464e-01
   1.322804e-01
   1.323143e-01
   1.323482e-01
   1.323821e-01
   1.324161e-01
   1.324500e-01
   1.324839e-01
   1.325179e-01
   1.325518e-01
   1.325857e-01
   1.326196e-01
   1.326536e-01
   1.326875e-01
   1.327214e-01
   1.327554e-01
   1.327893e-01
   1.328232e-01
   1.328571e-01
   1.328911e-01
   1.329250e-01
   1.329589e-01
   1.329929e-01
   1.330268e-01
   1.330607e-01
   1.330946e-01
   1.331286e-01
   1.331625e-01
   1.331964e-01
   1.332304e-01
   1.332643e-01
   1.332982e-01
   1.333321e-01
   1.333661e-01
   1.334000e-01
   1.334339e-01
   1.334679e-01
   1.335018e-01
   1.335357e-01
   1.335696e-01
   1.336036e-01
   1.336375e-01
   1.336714e-01
   1.337054e-01
   1.337393e-01
   1.337732e-01
   1.338071e-01
   1.338411e-01
   1.338750e-01
   1.339089e-01
   1.339429e-01
   1.339768e-01
   1.340107e-01
   1.340446e-01
   1.340786e-01
   1.341125e-01
   1.341464e-01
   1.341804e-01
   1.342143e-01
   1.342482e-01
   1.342821e-01
   1.343161e-01
   1.343500e-01
   1.343839e-01
   1.344179e-01
   1.344518e-01
   1.344857e-01
   1.345196e-01
   1.345536e-01
   1.345875e-01
   1.346214e-01
   1.346554e-01
   1.346893e-01
   1.347232e-01
   1.347571e-01
   1.347911e-01
   1.348250e-01
   1.348589e-01
   1.348929e-01
   1.349268e-01
   1.349607e-01
   1.349946e-01
   1.350286e-01
   1.350625e-01
   1.350964e-01
   1.351304e-01
   1.351643e-01
   1.351982e-01
   1.352321e-01
   1.352661e-01
   1.353000e-01
   1.353339e-01
   1.353679e-01
   1.354018e-01
   1.354357e-01
   1.354696e-01
   1.355036e-01
   1.355375e-01
   1.355714e-01
   1.356054e-01
   1.356393e-01
   1.356732e-01
   1.357071e-01
   1.357411e-01
   1.357750e-01
   1.358089e-01
   1.358429e-01
   1.358768e-01
   1.359107e-01
   1.359446e-01
   1.359786e-01
   1.360125e-01
   1.360464e-01
   1.360804e-01
   1.361143e-01
   1.361482e-01
   1.361821e-01
   1.362161e-01
   1.362500e-01
   1.362839e-01
   1.363179e-01
   1.363518e-01
   1.363857e-01
   1.364196e-01
   1.364536e-01
   1.364875e-01
   1.365214e-01
   1.365554e-01
   1.365893e-01
   1.366232e-01
   1.366571e-01
   1.366911e-01
   1.367250e-01
   1.367589e-01
   1.367929e-01
   1.368268e-01
   1.368607e-01
   1.368946e-01
   1.369286e-01
   1.369625e-01
   1.369964e-01
   1.370304e-01
   1.370643e-01
   1.370982e-01
   1.371321e-01
   1.371661e-01
   1.372000e-01
   1.372339e-01
   1.372679e-01
   1.373018e-01
   1.373357e-01
   1.373696e-01
   1.374036e-01
   1.374375e-01
   1.374714e-01
   1.375054e-01
   1.375393e-01
   1.375732e-01
   1.376071e-01
   1.376411e-01
   1.376750e-01
   1.377089e-01
   1.377429e-01
   1.377768e-01
   1.378107e-01
   1.378446e-01
   1.378786e-01
   1.379125e-01
   1.379464e-01
   1.379804e-01
   1.380143e-01
   1.380482e-01
   1.380821e-01
   1.381161e-01
   1.381500e-01
   1.381839e-01
   1.382179e-01
   1.382518e-01
   1.382857e-01
   1.383196e-01
   1.383536e-01
   1.383875e-01
   1.384214e-01
   1.384554e-01
   1.384893e-01
   1.385232e-01
   1.385571e-01
   1.385911e-01
   1.386250e-01
   1.386589e-01
   1.386929e-01
   1.387268e-01
   1.387607e-01
   1.387946e-01
   1.388286e-01
   1.388625e-01
   1.388964e-01
   1.389304e-01
   1.389643e-01
   1.389982e-01
   1.390321e-01
   1.390661e-01
   1.391000e-01
   1.391339e-01
   1.391679e-01
   1.392018e-01
   1.392357e-01
   1.392696e-01
   1.393036e-01
   1.393375e-01
   1.393714e-01
   1.394054e-01
   1.394393e-01
   1.394732e-01
   1.395071e-01
   1.395411e-01
   1.395750e-01
   1.396089e-01
   1.396429e-01
   1.396768e-01
   1.397107e-01
   1.397446e-01
   1.397786e-01
   1.398125e-01
   1.398464e-01
   1.398804e-01
   1.399143e-01
   1.399482e-01
   1.399821e-01
   1.400161e-01
   1.400500e-01
   1.400839e-01
   1.401179e-01
   1.401518e-01
   1.401857e-01
   1.402196e-01
   1.402536e-01
   1.402875e-01
   1.403214e-01
   1.403554e-01
   1.403893e-01
   1.404232e-01
   1.404571e-01
   1.404911e-01
   1.405250e-01
   1.405589e-01
   1.405929e-01
   1.406268e-01
   1.406607e-01
   1.406946e-01
   1.407286e-01
   1.407625e-01
   1.407964e-01
   1.408304e-01
   1.408643e-01
   1.408982e-01
   1.409321e-01
   1.409661e-01
   1.410000e-01
   1.410339e-01
   1.410679e-01
   1.411018e-01
   1.411357e-01
   1.411696e-01
   1.412036e-01
   1.412375e-01
   1.412714e-01
   1.413054e-01
   1.413393e-01
   1.413732e-01
   1.414071e-01
   1.414411e-01
   1.414750e-01
   1.415089e-01
   1.415429e-01
   1.415768e-01
   1.416107e-01
   1.416446e-01
   1.416786e-01
   1.417125e-01
   1.417464e-01
   1.417804e-01
   1.418143e-01
   1.418482e-01
   1.418821e-01
   1.419161e-01
   1.419500e-01
   1.419839e-01
   1.420179e-01
   1.420518e-01
   1.420857e-01
   1.421196e-01
   1.421536e-01
   1.421875e-01
   1.422214e-01
   1.422554e-01
   1.422893e-01
   1.423232e-01
   1.423571e-01
   1.423911e-01
   1.424250e-01
   1.424589e-01
   1.424929e-01
   1.425268e-01
   1.425607e-01
   1.425946e-01
   1.426286e-01
   1.426625e-01
   1.426964e-01
   1.427304e-01
   1.427643e-01
   1.427982e-01
   1.428321e-01
   1.428661e-01
   1.429000e-01
   1.429339e-01
   1.429679e-01
   1.430018e-01
   1.430357e-01
   1.430696e-01
   1.431036e-01
   1.431375e-01
   1.431714e-01
   1.432054e-01
   1.432393e-01
   1.432732e-01
   1.433071e-01
   1.433411e-01
   1.433750e-01
   1.434089e-01
   1.434429e-01
   1.434768e-01
   1.435107e-01
   1.435446e-01
   1.435786e-01
   1.436125e-01
   1.436464e-01
   1.436804e-01
   1.437143e-01
   1.437482e-01
   1.437821e-01
   1.438161e-01
   1.438500e-01
   1.438839e-01
   1.439179e-01
   1.439518e-01
   1.439857e-01
   1.440196e-01
   1.440536e-01
   1.440875e-01
   1.441214e-01
   1.441554e-01
   1.441893e-01
   1.442232e-01
   1.442571e-01
   1.442911e-01
   1.443250e-01
   1.443589e-01
   1.443929e-01
   1.444268e-01
   1.444607e-01
   1.444946e-01
   1.445286e-01
   1.445625e-01
   1.445964e-01
   1.446304e-01
   1.446643e-01
   1.446982e-01
   1.447321e-01
   1.447661e-01
   1.448000e-01
   1.448339e-01
   1.448679e-01
   1.449018e-01
   1.449357e-01
   1.449696e-01
   1.450036e-01
   1.450375e-01
   1.450714e-01
   1.451054e-01
   1.451393e-01
   1.451732e-01
   1.452071e-01
   1.452411e-01
   1.452750e-01
   1.453089e-01
   1.453429e-01
   1.453768e-01
   1.454107e-01
   1.454446e-01
   1.454786e-01
   1.455125e-01
   1.455464e-01
   1.455804e-01
   1.456143e-01
   1.456482e-01
   1.456821e-01
   1.457161e-01
   1.457500e-01
   1.457839e-01
   1.458179e-01
   1.458518e-01
   1.458857e-01
   1.459196e-01
   1.459536e-01
   1.459875e-01
   1.460214e-01
   1.460554e-01
   1.460893e-01
   1.461232e-01
   1.461571e-01
   1.461911e-01
   1.462250e-01
   1.462589e-01
   1.462929e-01
   1.463268e-01
   1.463607e-01
   1.463946e-01
   1.464286e-01
   1.464625e-01
   1.464964e-01
   1.465304e-01
   1.465643e-01
   1.465982e-01
   1.466321e-01
   1.466661e-01
   1.467000e-01
   1.467339e-01
   1.467679e-01
   1.468018e-01
   1.468357e-01
   1.468696e-01
   1.469036e-01
   1.469375e-01
   1.469714e-01
   1.470054e-01
   1.470393e-01
   1.470732e-01
   1.471071e-01
   1.471411e-01
   1.471750e-01
   1.472089e-01
   1.472429e-01
   1.472768e-01
   1.473107e-01
   1.473446e-01
   1.473786e-01
   1.474125e-01
   1.474464e-01
   1.474804e-01
   1.475143e-01
   1.475482e-01
   1.475821e-01
   1.476161e-01
   1.476500e-01
   1.476839e-01
   1.477179e-01
   1.477518e-01
   1.477857e-01
   1.478196e-01
   1.478536e-01
   1.478875e-01
   1.479214e-01
   1.479554e-01
   1.479893e-01
   1.480232e-01
   1.480571e-01
   1.480911e-01
   1.481250e-01
   1.481589e-01
   1.481929e-01
   1.482268e-01
   1.482607e-01
   1.482946e-01
   1.483286e-01
   1.483625e-01
   1.483964e-01
   1.484304e-01
   1.484643e-01
   1.484982e-01
   1.485321e-01
   1.485661e-01
   1.486000e-01
   1.486339e-01
   1.486679e-01
   1.487018e-01
   1.487357e-01
   1.487696e-01
   1.488036e-01
   1.488375e-01
   1.488714e-01
   1.489054e-01
   1.489393e-01
   1.489732e-01
   1.490071e-01
   1.490411e-01
   1.490750e-01
   1.491089e-01
   1.491429e-01
   1.491768e-01
   1.492107e-01
   1.492446e-01
   1.492786e-01
   1.493125e-01
   1.493464e-01
   1.493804e-01
   1.494143e-01
   1.494482e-01
   1.494821e-01
   1.495161e-01
   1.495500e-01
   1.495839e-01
   1.496179e-01
   1.496518e-01
   1.496857e-01
   1.497196e-01
   1.497536e-01
   1.497875e-01
   1.498214e-01
   1.498554e-01
   1.498893e-01
   1.499232e-01
   1.499571e-01
   1.499911e-01
   1.500250e-01
   1.500589e-01
   1.500929e-01
   1.501268e-01
   1.501607e-01
   1.501946e-01
   1.502286e-01
   1.502625e-01
   1.502964e-01
   1.503304e-01
   1.503643e-01
   1.503982e-01
   1.504321e-01
   1.504661e-01
   1.505000e-01
   1.505339e-01
   1.505679e-01
   1.506018e-01
   1.506357e-01
   1.506696e-01
   1.507036e-01
   1.507375e-01
   1.507714e-01
   1.508054e-01
   1.508393e-01
   1.508732e-01
   1.509071e-01
   1.509411e-01
   1.509750e-01
   1.510089e-01
   1.510429e-01
   1.510768e-01
   1.511107e-01
   1.511446e-01
   1.511786e-01
   1.512125e-01
   1.512464e-01
   1.512804e-01
   1.513143e-01
   1.513482e-01
   1.513821e-01
   1.514161e-01
   1.514500e-01
   1.514839e-01
   1.515179e-01
   1.515518e-01
   1.515857e-01
   1.516196e-01
   1.516536e-01
   1.516875e-01
   1.517214e-01
   1.517554e-01
   1.517893e-01
   1.518232e-01
   1.518571e-01
   1.518911e-01
   1.519250e-01
   1.519589e-01
   1.519929e-01
   1.520268e-01
   1.520607e-01
   1.520946e-01
   1.521286e-01
   1.521625e-01
   1.521964e-01
   1.522304e-01
   1.522643e-01
   1.522982e-01
   1.523321e-01
   1.523661e-01
   1.524000e-01
   1.524339e-01
   1.524679e-01
   1.525018e-01
   1.525357e-01
   1.525696e-01
   1.526036e-01
   1.526375e-01
   1.526714e-01
   1.527054e-01
   1.527393e-01
   1.527732e-01
   1.528071e-01
   1.528411e-01
   1.528750e-01
   1.529089e-01
   1.529429e-01
   1.529768e-01
   1.530107e-01
   1.530446e-01
   1.530786e-01
   1.531125e-01
   1.531464e-01
   1.531804e-01
   1.532143e-01
   1.532482e-01
   1.532821e-01
   1.533161e-01
   1.533500e-01
   1.533839e-01
   1.534179e-01
   1.534518e-01
   1.534857e-01
   1.535196e-01
   1.535536e-01
   1.535875e-01
   1.536214e-01
   1.536554e-01
   1.536893e-01
   1.537232e-01
   1.537571e-01
   1.537911e-01
   1.538250e-01
   1.538589e-01
   1.538929e-01
   1.539268e-01
   1.539607e-01
   1.539946e-01
   1.540286e-01
   1.540625e-01
   1.540964e-01
   1.541304e-01
   1.541643e-01
   1.541982e-01
   1.542321e-01
   1.542661e-01
   1.543000e-01
   1.543339e-01
   1.543679e-01
   1.544018e-01
   1.544357e-01
   1.544696e-01
   1.545036e-01
   1.545375e-01
   1.545714e-01
   1.546054e-01
   1.546393e-01
   1.546732e-01
   1.547071e-01
   1.547411e-01
   1.547750e-01
   1.548089e-01
   1.548429e-01
   1.548768e-01
   1.549107e-01
   1.549446e-01
   1.549786e-01
   1.550125e-01
   1.550464e-01
   1.550804e-01
   1.551143e-01
   1.551482e-01
   1.551821e-01
   1.552161e-01
   1.552500e-01
   1.552839e-01
   1.553179e-01
   1.553518e-01
   1.553857e-01
   1.554196e-01
   1.554536e-01
   1.554875e-01
   1.555214e-01
   1.555554e-01
   1.555893e-01
   1.556232e-01
   1.556571e-01
   1.556911e-01
   1.557250e-01
   1.557589e-01
   1.557929e-01
   1.558268e-01
   1.558607e-01
   1.558946e-01
   1.559286e-01
   1.559625e-01
   1.559964e-01
   1.560304e-01
   1.560643e-01
   1.560982e-01
   1.561321e-01
   1.561661e-01
   1.562000e-01
   1.562339e-01
   1.562679e-01
   1.563018e-01
   1.563357e-01
   1.563696e-01
   1.564036e-01
   1.564375e-01
   1.564714e-01
   1.565054e-01
   1.565393e-01
   1.565732e-01
   1.566071e-01
   1.566411e-01
   1.566750e-01
   1.567089e-01
   1.567429e-01
   1.567768e-01
   1.568107e-01
   1.568446e-01
   1.568786e-01
   1.569125e-01
   1.569464e-01
   1.569804e-01
   1.570143e-01
   1.570482e-01
   1.570821e-01
   1.571161e-01
   1.571500e-01
   1.571839e-01
   1.572179e-01
   1.572518e-01
   1.572857e-01
   1.573196e-01
   1.573536e-01
   1.573875e-01
   1.574214e-01
   1.574554e-01
   1.574893e-01
   1.575232e-01
   1.575571e-01
   1.575911e-01
   1.576250e-01
   1.576589e-01
   1.576929e-01
   1.577268e-01
   1.577607e-01
   1.577946e-01
   1.578286e-01
   1.578625e-01
   1.578964e-01
   1.579304e-01
   1.579643e-01
   1.579982e-01
   1.580321e-01
   1.580661e-01
   1.581000e-01
   1.581339e-01
   1.581679e-01
   1.582018e-01
   1.582357e-01
   1.582696e-01
   1.583036e-01
   1.583375e-01
   1.583714e-01
   1.584054e-01
   1.584393e-01
   1.584732e-01
   1.585071e-01
   1.585411e-01
   1.585750e-01
   1.586089e-01
   1.586429e-01
   1.586768e-01
   1.587107e-01
   1.587446e-01
   1.587786e-01
   1.588125e-01
   1.588464e-01
   1.588804e-01
   1.589143e-01
   1.589482e-01
   1.589821e-01
   1.590161e-01
   1.590500e-01
   1.590839e-01
   1.591179e-01
   1.591518e-01
   1.591857e-01
   1.592196e-01
   1.592536e-01
   1.592875e-01
   1.593214e-01
   1.593554e-01
   1.593893e-01
   1.594232e-01
   1.594571e-01
   1.594911e-01
   1.595250e-01
   1.595589e-01
   1.595929e-01
   1.596268e-01
   1.596607e-01
   1.596946e-01
   1.597286e-01
   1.597625e-01
   1.597964e-01
   1.598304e-01
   1.598643e-01
   1.598982e-01
   1.599321e-01
   1.599661e-01
   1.600000e-01
   1.600339e-01
   1.600679e-01
   1.601018e-01
   1.601357e-01
   1.601696e-01
   1.602036e-01
   1.602375e-01
   1.602714e-01
   1.603054e-01
   1.603393e-01
   1.603732e-01
   1.604071e-01
   1.604411e-01
   1.604750e-01
   1.605089e-01
   1.605429e-01
   1.605768e-01
   1.606107e-01
   1.606446e-01
   1.606786e-01
   1.607125e-01
   1.607464e-01
   1.607804e-01
   1.608143e-01
   1.608482e-01
   1.608821e-01
   1.609161e-01
   1.609500e-01
   1.609839e-01
   1.610179e-01
   1.610518e-01
   1.610857e-01
   1.611196e-01
   1.611536e-01
   1.611875e-01
   1.612214e-01
   1.612554e-01
   1.612893e-01
   1.613232e-01
   1.613571e-01
   1.613911e-01
   1.614250e-01
   1.614589e-01
   1.614929e-01
   1.615268e-01
   1.615607e-01
   1.615946e-01
   1.616286e-01
   1.616625e-01
   1.616964e-01
   1.617304e-01
   1.617643e-01
   1.617982e-01
   1.618321e-01
   1.618661e-01
   1.619000e-01
   1.619339e-01
   1.619679e-01
   1.620018e-01
   1.620357e-01
   1.620696e-01
   1.621036e-01
   1.621375e-01
   1.621714e-01
   1.622054e-01
   1.622393e-01
   1.622732e-01
   1.623071e-01
   1.623411e-01
   1.623750e-01
   1.624089e-01
   1.624429e-01
   1.624768e-01
   1.625107e-01
   1.625446e-01
   1.625786e-01
   1.626125e-01
   1.626464e-01
   1.626804e-01
   1.627143e-01
   1.627482e-01
   1.627821e-01
   1.628161e-01
   1.628500e-01
   1.628839e-01
   1.629179e-01
   1.629518e-01
   1.629857e-01
   1.630196e-01
   1.630536e-01
   1.630875e-01
   1.631214e-01
   1.631554e-01
   1.631893e-01
   1.632232e-01
   1.632571e-01
   1.632911e-01
   1.633250e-01
   1.633589e-01
   1.633929e-01
   1.634268e-01
   1.634607e-01
   1.634946e-01
   1.635286e-01
   1.635625e-01
   1.635964e-01
   1.636304e-01
   1.636643e-01
   1.636982e-01
   1.637321e-01
   1.637661e-01
   1.638000e-01
   1.638339e-01
   1.638679e-01
   1.639018e-01
   1.639357e-01
   1.639696e-01
   1.640036e-01
   1.640375e-01
   1.640714e-01
   1.641054e-01
   1.641393e-01
   1.641732e-01
   1.642071e-01
   1.642411e-01
   1.642750e-01
   1.643089e-01
   1.643429e-01
   1.643768e-01
   1.644107e-01
   1.644446e-01
   1.644786e-01
   1.645125e-01
   1.645464e-01
   1.645804e-01
   1.646143e-01
   1.646482e-01
   1.646821e-01
   1.647161e-01
   1.647500e-01
   1.647839e-01
   1.648179e-01
   1.648518e-01
   1.648857e-01
   1.649196e-01
   1.649536e-01
   1.649875e-01
   1.650214e-01
   1.650554e-01
   1.650893e-01
   1.651232e-01
   1.651571e-01
   1.651911e-01
   1.652250e-01
   1.652589e-01
   1.652929e-01
   1.653268e-01
   1.653607e-01
   1.653946e-01
   1.654286e-01
   1.654625e-01
   1.654964e-01
   1.655304e-01
   1.655643e-01
   1.655982e-01
   1.656321e-01
   1.656661e-01
   1.657000e-01
   1.657339e-01
   1.657679e-01
   1.658018e-01
   1.658357e-01
   1.658696e-01
   1.659036e-01
   1.659375e-01
   1.659714e-01
   1.660054e-01
   1.660393e-01
   1.660732e-01
   1.661071e-01
   1.661411e-01
   1.661750e-01
   1.662089e-01
   1.662429e-01
   1.662768e-01
   1.663107e-01
   1.663446e-01
   1.663786e-01
   1.664125e-01
   1.664464e-01
   1.664804e-01
   1.665143e-01
   1.665482e-01
   1.665821e-01
   1.666161e-01
   1.666500e-01
   1.666839e-01
   1.667179e-01
   1.667518e-01
   1.667857e-01
   1.668196e-01
   1.668536e-01
   1.668875e-01
   1.669214e-01
   1.669554e-01
   1.669893e-01
   1.670232e-01
   1.670571e-01
   1.670911e-01
   1.671250e-01
   1.671589e-01
   1.671929e-01
   1.672268e-01
   1.672607e-01
   1.672946e-01
   1.673286e-01
   1.673625e-01
   1.673964e-01
   1.674304e-01
   1.674643e-01
   1.674982e-01
   1.675321e-01
   1.675661e-01
   1.676000e-01
   1.676339e-01
   1.676679e-01
   1.677018e-01
   1.677357e-01
   1.677696e-01
   1.678036e-01
   1.678375e-01
   1.678714e-01
   1.679054e-01
   1.679393e-01
   1.679732e-01
   1.680071e-01
   1.680411e-01
   1.680750e-01
   1.681089e-01
   1.681429e-01
   1.681768e-01
   1.682107e-01
   1.682446e-01
   1.682786e-01
   1.683125e-01
   1.683464e-01
   1.683804e-01
   1.684143e-01
   1.684482e-01
   1.684821e-01
   1.685161e-01
   1.685500e-01
   1.685839e-01
   1.686179e-01
   1.686518e-01
   1.686857e-01
   1.687196e-01
   1.687536e-01
   1.687875e-01
   1.688214e-01
   1.688554e-01
   1.688893e-01
   1.689232e-01
   1.689571e-01
   1.689911e-01
   1.690250e-01
   1.690589e-01
   1.690929e-01
   1.691268e-01
   1.691607e-01
   1.691946e-01
   1.692286e-01
   1.692625e-01
   1.692964e-01
   1.693304e-01
   1.693643e-01
   1.693982e-01
   1.694321e-01
   1.694661e-01
   1.695000e-01
   1.695339e-01
   1.695679e-01
   1.696018e-01
   1.696357e-01
   1.696696e-01
   1.697036e-01
   1.697375e-01
   1.697714e-01
   1.698054e-01
   1.698393e-01
   1.698732e-01
   1.699071e-01
   1.699411e-01
   1.699750e-01
   1.700089e-01
   1.700429e-01
   1.700768e-01
   1.701107e-01
   1.701446e-01
   1.701786e-01
   1.702125e-01
   1.702464e-01
   1.702804e-01
   1.703143e-01
   1.703482e-01
   1.703821e-01
   1.704161e-01
   1.704500e-01
   1.704839e-01
   1.705179e-01
   1.705518e-01
   1.705857e-01
   1.706196e-01
   1.706536e-01
   1.706875e-01
   1.707214e-01
   1.707554e-01
   1.707893e-01
   1.708232e-01
   1.708571e-01
   1.708911e-01
   1.709250e-01
   1.709589e-01
   1.709929e-01
   1.710268e-01
   1.710607e-01
   1.710946e-01
   1.711286e-01
   1.711625e-01
   1.711964e-01
   1.712304e-01
   1.712643e-01
   1.712982e-01
   1.713321e-01
   1.713661e-01
   1.714000e-01
   1.714339e-01
   1.714679e-01
   1.715018e-01
   1.715357e-01
   1.715696e-01
   1.716036e-01
   1.716375e-01
   1.716714e-01
   1.717054e-01
   1.717393e-01
   1.717732e-01
   1.718071e-01
   1.718411e-01
   1.718750e-01
   1.719089e-01
   1.719429e-01
   1.719768e-01
   1.720107e-01
   1.720446e-01
   1.720786e-01
   1.721125e-01
   1.721464e-01
   1.721804e-01
   1.722143e-01
   1.722482e-01
   1.722821e-01
   1.723161e-01
   1.723500e-01
   1.723839e-01
   1.724179e-01
   1.724518e-01
   1.724857e-01
   1.725196e-01
   1.725536e-01
   1.725875e-01
   1.726214e-01
   1.726554e-01
   1.726893e-01
   1.727232e-01
   1.727571e-01
   1.727911e-01
   1.728250e-01
   1.728589e-01
   1.728929e-01
   1.729268e-01
   1.729607e-01
   1.729946e-01
   1.730286e-01
   1.730625e-01
   1.730964e-01
   1.731304e-01
   1.731643e-01
   1.731982e-01
   1.732321e-01
   1.732661e-01
   1.733000e-01
   1.733339e-01
   1.733679e-01
   1.734018e-01
   1.734357e-01
   1.734696e-01
   1.735036e-01
   1.735375e-01
   1.735714e-01
   1.736054e-01
   1.736393e-01
   1.736732e-01
   1.737071e-01
   1.737411e-01
   1.737750e-01
   1.738089e-01
   1.738429e-01
   1.738768e-01
   1.739107e-01
   1.739446e-01
   1.739786e-01
   1.740125e-01
   1.740464e-01
   1.740804e-01
   1.741143e-01
   1.741482e-01
   1.741821e-01
   1.742161e-01
   1.742500e-01
   1.742839e-01
   1.743179e-01
   1.743518e-01
   1.743857e-01
   1.744196e-01
   1.744536e-01
   1.744875e-01
   1.745214e-01
   1.745554e-01
   1.745893e-01
   1.746232e-01
   1.746571e-01
   1.746911e-01
   1.747250e-01
   1.747589e-01
   1.747929e-01
   1.748268e-01
   1.748607e-01
   1.748946e-01
   1.749286e-01
   1.749625e-01
   1.749964e-01
   1.750304e-01
   1.750643e-01
   1.750982e-01
   1.751321e-01
   1.751661e-01
   1.752000e-01
   1.752339e-01
   1.752679e-01
   1.753018e-01
   1.753357e-01
   1.753696e-01
   1.754036e-01
   1.754375e-01
   1.754714e-01
   1.755054e-01
   1.755393e-01
   1.755732e-01
   1.756071e-01
   1.756411e-01
   1.756750e-01
   1.757089e-01
   1.757429e-01
   1.757768e-01
   1.758107e-01
   1.758446e-01
   1.758786e-01
   1.759125e-01
   1.759464e-01
   1.759804e-01
   1.760143e-01
   1.760482e-01
   1.760821e-01
   1.761161e-01
   1.761500e-01
   1.761839e-01
   1.762179e-01
   1.762518e-01
   1.762857e-01
   1.763196e-01
   1.763536e-01
   1.763875e-01
   1.764214e-01
   1.764554e-01
   1.764893e-01
   1.765232e-01
   1.765571e-01
   1.765911e-01
   1.766250e-01
   1.766589e-01
   1.766929e-01
   1.767268e-01
   1.767607e-01
   1.767946e-01
   1.768286e-01
   1.768625e-01
   1.768964e-01
   1.769304e-01
   1.769643e-01
   1.769982e-01
   1.770321e-01
   1.770661e-01
   1.771000e-01
   1.771339e-01
   1.771679e-01
   1.772018e-01
   1.772357e-01
   1.772696e-01
   1.773036e-01
   1.773375e-01
   1.773714e-01
   1.774054e-01
   1.774393e-01
   1.774732e-01
   1.775071e-01
   1.775411e-01
   1.775750e-01
   1.776089e-01
   1.776429e-01
   1.776768e-01
   1.777107e-01
   1.777446e-01
   1.777786e-01
   1.778125e-01
   1.778464e-01
   1.778804e-01
   1.779143e-01
   1.779482e-01
   1.779821e-01
   1.780161e-01
   1.780500e-01
   1.780839e-01
   1.781179e-01
   1.781518e-01
   1.781857e-01
   1.782196e-01
   1.782536e-01
   1.782875e-01
   1.783214e-01
   1.783554e-01
   1.783893e-01
   1.784232e-01
   1.784571e-01
   1.784911e-01
   1.785250e-01
   1.785589e-01
   1.785929e-01
   1.786268e-01
   1.786607e-01
   1.786946e-01
   1.787286e-01
   1.787625e-01
   1.787964e-01
   1.788304e-01
   1.788643e-01
   1.788982e-01
   1.789321e-01
   1.789661e-01
   1.790000e-01
   1.790339e-01
   1.790679e-01
   1.791018e-01
   1.791357e-01
   1.791696e-01
   1.792036e-01
   1.792375e-01
   1.792714e-01
   1.793054e-01
   1.793393e-01
   1.793732e-01
   1.794071e-01
   1.794411e-01
   1.794750e-01
   1.795089e-01
   1.795429e-01
   1.795768e-01
   1.796107e-01
   1.796446e-01
   1.796786e-01
   1.797125e-01
   1.797464e-01
   1.797804e-01
   1.798143e-01
   1.798482e-01
   1.798821e-01
   1.799161e-01
   1.799500e-01
   1.799839e-01
   1.800179e-01
   1.800518e-01
   1.800857e-01
   1.801196e-01
   1.801536e-01
   1.801875e-01
   1.802214e-01
   1.802554e-01
   1.802893e-01
   1.803232e-01
   1.803571e-01
   1.803911e-01
   1.804250e-01
   1.804589e-01
   1.804929e-01
   1.805268e-01
   1.805607e-01
   1.805946e-01
   1.806286e-01
   1.806625e-01
   1.806964e-01
   1.807304e-01
   1.807643e-01
   1.807982e-01
   1.808321e-01
   1.808661e-01
   1.809000e-01
   1.809339e-01
   1.809679e-01
   1.810018e-01
   1.810357e-01
   1.810696e-01
   1.811036e-01
   1.811375e-01
   1.811714e-01
   1.812054e-01
   1.812393e-01
   1.812732e-01
   1.813071e-01
   1.813411e-01
   1.813750e-01
   1.814089e-01
   1.814429e-01
   1.814768e-01
   1.815107e-01
   1.815446e-01
   1.815786e-01
   1.816125e-01
   1.816464e-01
   1.816804e-01
   1.817143e-01
   1.817482e-01
   1.817821e-01
   1.818161e-01
   1.818500e-01
   1.818839e-01
   1.819179e-01
   1.819518e-01
   1.819857e-01
   1.820196e-01
   1.820536e-01
   1.820875e-01
   1.821214e-01
   1.821554e-01
   1.821893e-01
   1.822232e-01
   1.822571e-01
   1.822911e-01
   1.823250e-01
   1.823589e-01
   1.823929e-01
   1.824268e-01
   1.824607e-01
   1.824946e-01
   1.825286e-01
   1.825625e-01
   1.825964e-01
   1.826304e-01
   1.826643e-01
   1.826982e-01
   1.827321e-01
   1.827661e-01
   1.828000e-01
   1.828339e-01
   1.828679e-01
   1.829018e-01
   1.829357e-01
   1.829696e-01
   1.830036e-01
   1.830375e-01
   1.830714e-01
   1.831054e-01
   1.831393e-01
   1.831732e-01
   1.832071e-01
   1.832411e-01
   1.832750e-01
   1.833089e-01
   1.833429e-01
   1.833768e-01
   1.834107e-01
   1.834446e-01
   1.834786e-01
   1.835125e-01
   1.835464e-01
   1.835804e-01
   1.836143e-01
   1.836482e-01
   1.836821e-01
   1.837161e-01
   1.837500e-01
   1.837839e-01
   1.838179e-01
   1.838518e-01
   1.838857e-01
   1.839196e-01
   1.839536e-01
   1.839875e-01
   1.840214e-01
   1.840554e-01
   1.840893e-01
   1.841232e-01
   1.841571e-01
   1.841911e-01
   1.842250e-01
   1.842589e-01
   1.842929e-01
   1.843268e-01
   1.843607e-01
   1.843946e-01
   1.844286e-01
   1.844625e-01
   1.844964e-01
   1.845304e-01
   1.845643e-01
   1.845982e-01
   1.846321e-01
   1.846661e-01
   1.847000e-01
   1.847339e-01
   1.847679e-01
   1.848018e-01
   1.848357e-01
   1.848696e-01
   1.849036e-01
   1.849375e-01
   1.849714e-01
   1.850054e-01
   1.850393e-01
   1.850732e-01
   1.851071e-01
   1.851411e-01
   1.851750e-01
   1.852089e-01
   1.852429e-01
   1.852768e-01
   1.853107e-01
   1.853446e-01
   1.853786e-01
   1.854125e-01
   1.854464e-01
   1.854804e-01
   1.855143e-01
   1.855482e-01
   1.855821e-01
   1.856161e-01
   1.856500e-01
   1.856839e-01
   1.857179e-01
   1.857518e-01
   1.857857e-01
   1.858196e-01
   1.858536e-01
   1.858875e-01
   1.859214e-01
   1.859554e-01
   1.859893e-01
   1.860232e-01
   1.860571e-01
   1.860911e-01
   1.861250e-01
   1.861589e-01
   1.861929e-01
   1.862268e-01
   1.862607e-01
   1.862946e-01
   1.863286e-01
   1.863625e-01
   1.863964e-01
   1.864304e-01
   1.864643e-01
   1.864982e-01
   1.865321e-01
   1.865661e-01
   1.866000e-01
   1.866339e-01
   1.866679e-01
   1.867018e-01
   1.867357e-01
   1.867696e-01
   1.868036e-01
   1.868375e-01
   1.868714e-01
   1.869054e-01
   1.869393e-01
   1.869732e-01
   1.870071e-01
   1.870411e-01
   1.870750e-01
   1.871089e-01
   1.871429e-01
   1.871768e-01
   1.872107e-01
   1.872446e-01
   1.872786e-01
   1.873125e-01
   1.873464e-01
   1.873804e-01
   1.874143e-01
   1.874482e-01
   1.874821e-01
   1.875161e-01
   1.875500e-01
   1.875839e-01
   1.876179e-01
   1.876518e-01
   1.876857e-01
   1.877196e-01
   1.877536e-01
   1.877875e-01
   1.878214e-01
   1.878554e-01
   1.878893e-01
   1.879232e-01
   1.879571e-01
   1.879911e-01
   1.880250e-01
   1.880589e-01
   1.880929e-01
   1.881268e-01
   1.881607e-01
   1.881946e-01
   1.882286e-01
   1.882625e-01
   1.882964e-01
   1.883304e-01
   1.883643e-01
   1.883982e-01
   1.884321e-01
   1.884661e-01
   1.885000e-01
   1.885339e-01
   1.885679e-01
   1.886018e-01
   1.886357e-01
   1.886696e-01
   1.887036e-01
   1.887375e-01
   1.887714e-01
   1.888054e-01
   1.888393e-01
   1.888732e-01
   1.889071e-01
   1.889411e-01
   1.889750e-01
   1.890089e-01
   1.890429e-01
   1.890768e-01
   1.891107e-01
   1.891446e-01
   1.891786e-01
   1.892125e-01
   1.892464e-01
   1.892804e-01
   1.893143e-01
   1.893482e-01
   1.893821e-01
   1.894161e-01
   1.894500e-01
   1.894839e-01
   1.895179e-01
   1.895518e-01
   1.895857e-01
   1.896196e-01
   1.896536e-01
   1.896875e-01
   1.897214e-01
   1.897554e-01
   1.897893e-01
   1.898232e-01
   1.898571e-01
   1.898911e-01
   1.899250e-01
   1.899589e-01
   1.899929e-01
   1.900268e-01
   1.900607e-01
   1.900946e-01
   1.901286e-01
   1.901625e-01
   1.901964e-01
   1.902304e-01
   1.902643e-01
   1.902982e-01
   1.903321e-01
   1.903661e-01
   1.904000e-01
   1.904339e-01
   1.904679e-01
   1.905018e-01
   1.905357e-01
   1.905696e-01
   1.906036e-01
   1.906375e-01
   1.906714e-01
   1.907054e-01
   1.907393e-01
   1.907732e-01
   1.908071e-01
   1.908411e-01
   1.908750e-01
   1.909089e-01
   1.909429e-01
   1.909768e-01
   1.910107e-01
   1.910446e-01
   1.910786e-01
   1.911125e-01
   1.911464e-01
   1.911804e-01
   1.912143e-01
   1.912482e-01
   1.912821e-01
   1.913161e-01
   1.913500e-01
   1.913839e-01
   1.914179e-01
   1.914518e-01
   1.914857e-01
   1.915196e-01
   1.915536e-01
   1.915875e-01
   1.916214e-01
   1.916554e-01
   1.916893e-01
   1.917232e-01
   1.917571e-01
   1.917911e-01
   1.918250e-01
   1.918589e-01
   1.918929e-01
   1.919268e-01
   1.919607e-01
   1.919946e-01
   1.920286e-01
   1.920625e-01
   1.920964e-01
   1.921304e-01
   1.921643e-01
   1.921982e-01
   1.922321e-01
   1.922661e-01
   1.923000e-01
   1.923339e-01
   1.923679e-01
   1.924018e-01
   1.924357e-01
   1.924696e-01
   1.925036e-01
   1.925375e-01
   1.925714e-01
   1.926054e-01
   1.926393e-01
   1.926732e-01
   1.927071e-01
   1.927411e-01
   1.927750e-01
   1.928089e-01
   1.928429e-01
   1.928768e-01
   1.929107e-01
   1.929446e-01
   1.929786e-01
   1.930125e-01
   1.930464e-01
   1.930804e-01
   1.931143e-01
   1.931482e-01
   1.931821e-01
   1.932161e-01
   1.932500e-01
   1.932839e-01
   1.933179e-01
   1.933518e-01
   1.933857e-01
   1.934196e-01
   1.934536e-01
   1.934875e-01
   1.935214e-01
   1.935554e-01
   1.935893e-01
   1.936232e-01
   1.936571e-01
   1.936911e-01
   1.937250e-01
   1.937589e-01
   1.937929e-01
   1.938268e-01
   1.938607e-01
   1.938946e-01
   1.939286e-01
   1.939625e-01
   1.939964e-01
   1.940304e-01
   1.940643e-01
   1.940982e-01
   1.941321e-01
   1.941661e-01
   1.942000e-01
   1.942339e-01
   1.942679e-01
   1.943018e-01
   1.943357e-01
   1.943696e-01
   1.944036e-01
   1.944375e-01
   1.944714e-01
   1.945054e-01
   1.945393e-01
   1.945732e-01
   1.946071e-01
   1.946411e-01
   1.946750e-01
   1.947089e-01
   1.947429e-01
   1.947768e-01
   1.948107e-01
   1.948446e-01
   1.948786e-01
   1.949125e-01
   1.949464e-01
   1.949804e-01
   1.950143e-01
   1.950482e-01
   1.950821e-01
   1.951161e-01
   1.951500e-01
   1.951839e-01
   1.952179e-01
   1.952518e-01
   1.952857e-01
   1.953196e-01
   1.953536e-01
   1.953875e-01
   1.954214e-01
   1.954554e-01
   1.954893e-01
   1.955232e-01
   1.955571e-01
   1.955911e-01
   1.956250e-01
   1.956589e-01
   1.956929e-01
   1.957268e-01
   1.957607e-01
   1.957946e-01
   1.958286e-01
   1.958625e-01
   1.958964e-01
   1.959304e-01
   1.959643e-01
   1.959982e-01
   1.960321e-01
   1.960661e-01
   1.961000e-01
   1.961339e-01
   1.961679e-01
   1.962018e-01
   1.962357e-01
   1.962696e-01
   1.963036e-01
   1.963375e-01
   1.963714e-01
   1.964054e-01
   1.964393e-01
   1.964732e-01
   1.965071e-01
   1.965411e-01
   1.965750e-01
   1.966089e-01
   1.966429e-01
   1.966768e-01
   1.967107e-01
   1.967446e-01
   1.967786e-01
   1.968125e-01
   1.968464e-01
   1.968804e-01
   1.969143e-01
   1.969482e-01
   1.969821e-01
   1.970161e-01
   1.970500e-01
   1.970839e-01
   1.971179e-01
   1.971518e-01
   1.971857e-01
   1.972196e-01
   1.972536e-01
   1.972875e-01
   1.973214e-01
   1.973554e-01
   1.973893e-01
   1.974232e-01
   1.974571e-01
   1.974911e-01
   1.975250e-01
   1.975589e-01
   1.975929e-01
   1.976268e-01
   1.976607e-01
   1.976946e-01
   1.977286e-01
   1.977625e-01
   1.977964e-01
   1.978304e-01
   1.978643e-01
   1.978982e-01
   1.979321e-01
   1.979661e-01
   1.980000e-01
   1.980339e-01
   1.980679e-01
   1.981018e-01
   1.981357e-01
   1.981696e-01
   1.982036e-01
   1.982375e-01
   1.982714e-01
   1.983054e-01
   1.983393e-01
   1.983732e-01
   1.984071e-01
   1.984411e-01
   1.984750e-01
   1.985089e-01
   1.985429e-01
   1.985768e-01
   1.986107e-01
   1.986446e-01
   1.986786e-01
   1.987125e-01
   1.987464e-01
   1.987804e-01
   1.988143e-01
   1.988482e-01
   1.988821e-01
   1.989161e-01
   1.989500e-01
   1.989839e-01
   1.990179e-01
   1.990518e-01
   1.990857e-01
   1.991196e-01
   1.991536e-01
   1.991875e-01
   1.992214e-01
   1.992554e-01
   1.992893e-01
   1.993232e-01
   1.993571e-01
   1.993911e-01
   1.994250e-01
   1.994589e-01
   1.994929e-01
   1.995268e-01
   1.995607e-01
   1.995946e-01
   1.996286e-01
   1.996625e-01
   1.996964e-01
   1.997304e-01
   1.997643e-01
   1.997982e-01
   1.998321e-01
   1.998661e-01
   1.999000e-01
   1.999339e-01
   1.999679e-01
   2.000018e-01
   2.000357e-01
   2.000696e-01
   2.001036e-01
   2.001375e-01
   2.001714e-01
   2.002054e-01
   2.002393e-01
   2.002732e-01
   2.003071e-01
   2.003411e-01
   2.003750e-01
   2.004089e-01
   2.004429e-01
   2.004768e-01
   2.005107e-01
   2.005446e-01
   2.005786e-01
   2.006125e-01
   2.006464e-01
   2.006804e-01
   2.007143e-01
   2.007482e-01
   2.007821e-01
   2.008161e-01
   2.008500e-01
   2.008839e-01
   2.009179e-01
   2.009518e-01
   2.009857e-01
   2.010196e-01
   2.010536e-01
   2.010875e-01
   2.011214e-01
   2.011554e-01
   2.011893e-01
   2.012232e-01
   2.012571e-01
   2.012911e-01
   2.013250e-01
   2.013589e-01
   2.013929e-01
   2.014268e-01
   2.014607e-01
   2.014946e-01
   2.015286e-01
   2.015625e-01
   2.015964e-01
   2.016304e-01
   2.016643e-01
   2.016982e-01
   2.017321e-01
   2.017661e-01
   2.018000e-01
   2.018339e-01
   2.018679e-01
   2.019018e-01
   2.019357e-01
   2.019696e-01
   2.020036e-01
   2.020375e-01
   2.020714e-01
   2.021054e-01
   2.021393e-01
   2.021732e-01
   2.022071e-01
   2.022411e-01
   2.022750e-01
   2.023089e-01
   2.023429e-01
   2.023768e-01
   2.024107e-01
   2.024446e-01
   2.024786e-01
   2.025125e-01
   2.025464e-01
   2.025804e-01
   2.026143e-01
   2.026482e-01
   2.026821e-01
   2.027161e-01
   2.027500e-01
   2.027839e-01
   2.028179e-01
   2.028518e-01
   2.028857e-01
   2.029196e-01
   2.029536e-01
   2.029875e-01
   2.030214e-01
   2.030554e-01
   2.030893e-01
   2.031232e-01
   2.031571e-01
   2.031911e-01
   2.032250e-01
   2.032589e-01
   2.032929e-01
   2.033268e-01
   2.033607e-01
   2.033946e-01
   2.034286e-01
   2.034625e-01
   2.034964e-01
   2.035304e-01
   2.035643e-01
   2.035982e-01
   2.036321e-01
   2.036661e-01
   2.037000e-01
   2.037339e-01
   2.037679e-01
   2.038018e-01
   2.038357e-01
   2.038696e-01
   2.039036e-01
   2.039375e-01
   2.039714e-01
   2.040054e-01
   2.040393e-01
   2.040732e-01
   2.041071e-01
   2.041411e-01
   2.041750e-01
   2.042089e-01
   2.042429e-01
   2.042768e-01
   2.043107e-01
   2.043446e-01
   2.043786e-01
   2.044125e-01
   2.044464e-01
   2.044804e-01
   2.045143e-01
   2.045482e-01
   2.045821e-01
   2.046161e-01
   2.046500e-01
   2.046839e-01
   2.047179e-01
   2.047518e-01
   2.047857e-01
   2.048196e-01
   2.048536e-01
   2.048875e-01
   2.049214e-01
   2.049554e-01
   2.049893e-01
   2.050232e-01
   2.050571e-01
   2.050911e-01
   2.051250e-01
   2.051589e-01
   2.051929e-01
   2.052268e-01
   2.052607e-01
   2.052946e-01
   2.053286e-01
   2.053625e-01
   2.053964e-01
   2.054304e-01
   2.054643e-01
   2.054982e-01
   2.055321e-01
   2.055661e-01
   2.056000e-01
   2.056339e-01
   2.056679e-01
   2.057018e-01
   2.057357e-01
   2.057696e-01
   2.058036e-01
   2.058375e-01
   2.058714e-01
   2.059054e-01
   2.059393e-01
   2.059732e-01
   2.060071e-01
   2.060411e-01
   2.060750e-01
   2.061089e-01
   2.061429e-01
   2.061768e-01
   2.062107e-01
   2.062446e-01
   2.062786e-01
   2.063125e-01
   2.063464e-01
   2.063804e-01
   2.064143e-01
   2.064482e-01
   2.064821e-01
   2.065161e-01
   2.065500e-01
   2.065839e-01
   2.066179e-01
   2.066518e-01
   2.066857e-01
   2.067196e-01
   2.067536e-01
   2.067875e-01
   2.068214e-01
   2.068554e-01
   2.068893e-01
   2.069232e-01
   2.069571e-01
   2.069911e-01
   2.070250e-01
   2.070589e-01
   2.070929e-01
   2.071268e-01
   2.071607e-01
   2.071946e-01
   2.072286e-01
   2.072625e-01
   2.072964e-01
   2.073304e-01
   2.073643e-01
   2.073982e-01
   2.074321e-01
   2.074661e-01
   2.075000e-01
   2.075339e-01
   2.075679e-01
   2.076018e-01
   2.076357e-01
   2.076696e-01
   2.077036e-01
   2.077375e-01
   2.077714e-01
   2.078054e-01
   2.078393e-01
   2.078732e-01
   2.079071e-01
   2.079411e-01
   2.079750e-01
   2.080089e-01
   2.080429e-01
   2.080768e-01
   2.081107e-01
   2.081446e-01
   2.081786e-01
   2.082125e-01
   2.082464e-01
   2.082804e-01
   2.083143e-01
   2.083482e-01
   2.083821e-01
   2.084161e-01
   2.084500e-01
   2.084839e-01
   2.085179e-01
   2.085518e-01
   2.085857e-01
   2.086196e-01
   2.086536e-01
   2.086875e-01
   2.087214e-01
   2.087554e-01
   2.087893e-01
   2.088232e-01
   2.088571e-01
   2.088911e-01
   2.089250e-01
   2.089589e-01
   2.089929e-01
   2.090268e-01
   2.090607e-01
   2.090946e-01
   2.091286e-01
   2.091625e-01
   2.091964e-01
   2.092304e-01
   2.092643e-01
   2.092982e-01
   2.093321e-01
   2.093661e-01
   2.094000e-01
   2.094339e-01
   2.094679e-01
   2.095018e-01
   2.095357e-01
   2.095696e-01
   2.096036e-01
   2.096375e-01
   2.096714e-01
   2.097054e-01
   2.097393e-01
   2.097732e-01
   2.098071e-01
   2.098411e-01
   2.098750e-01
   2.099089e-01
   2.099429e-01
   2.099768e-01
   2.100107e-01
   2.100446e-01
   2.100786e-01
   2.101125e-01
   2.101464e-01
   2.101804e-01
   2.102143e-01
   2.102482e-01
   2.102821e-01
   2.103161e-01
   2.103500e-01
   2.103839e-01
   2.104179e-01
   2.104518e-01
   2.104857e-01
   2.105196e-01
   2.105536e-01
   2.105875e-01
   2.106214e-01
   2.106554e-01
   2.106893e-01
   2.107232e-01
   2.107571e-01
   2.107911e-01
   2.108250e-01
   2.108589e-01
   2.108929e-01
   2.109268e-01
   2.109607e-01
   2.109946e-01
   2.110286e-01
   2.110625e-01
   2.110964e-01
   2.111304e-01
   2.111643e-01
   2.111982e-01
   2.112321e-01
   2.112661e-01
   2.113000e-01
   2.113339e-01
   2.113679e-01
   2.114018e-01
   2.114357e-01
   2.114696e-01
   2.115036e-01
   2.115375e-01
   2.115714e-01
   2.116054e-01
   2.116393e-01
   2.116732e-01
   2.117071e-01
   2.117411e-01
   2.117750e-01
   2.118089e-01
   2.118429e-01
   2.118768e-01
   2.119107e-01
   2.119446e-01
   2.119786e-01
   2.120125e-01
   2.120464e-01
   2.120804e-01
   2.121143e-01
   2.121482e-01
   2.121821e-01
   2.122161e-01
   2.122500e-01
   2.122839e-01
   2.123179e-01
   2.123518e-01
   2.123857e-01
   2.124196e-01
   2.124536e-01
   2.124875e-01
   2.125214e-01
   2.125554e-01
   2.125893e-01
   2.126232e-01
   2.126571e-01
   2.126911e-01
   2.127250e-01
   2.127589e-01
   2.127929e-01
   2.128268e-01
   2.128607e-01
   2.128946e-01
   2.129286e-01
   2.129625e-01
   2.129964e-01
   2.130304e-01
   2.130643e-01
   2.130982e-01
   2.131321e-01
   2.131661e-01
   2.132000e-01
   2.132339e-01
   2.132679e-01
   2.133018e-01
   2.133357e-01
   2.133696e-01
   2.134036e-01
   2.134375e-01
   2.134714e-01
   2.135054e-01
   2.135393e-01
   2.135732e-01
   2.136071e-01
   2.136411e-01
   2.136750e-01
   2.137089e-01
   2.137429e-01
   2.137768e-01
   2.138107e-01
   2.138446e-01
   2.138786e-01
   2.139125e-01
   2.139464e-01
   2.139804e-01
   2.140143e-01
   2.140482e-01
   2.140821e-01
   2.141161e-01
   2.141500e-01
   2.141839e-01
   2.142179e-01
   2.142518e-01
   2.142857e-01
   2.143196e-01
   2.143536e-01
   2.143875e-01
   2.144214e-01
   2.144554e-01
   2.144893e-01
   2.145232e-01
   2.145571e-01
   2.145911e-01
   2.146250e-01
   2.146589e-01
   2.146929e-01
   2.147268e-01
   2.147607e-01
   2.147946e-01
   2.148286e-01
   2.148625e-01
   2.148964e-01
   2.149304e-01
   2.149643e-01
   2.149982e-01
   2.150321e-01
   2.150661e-01
   2.151000e-01
   2.151339e-01
   2.151679e-01
   2.152018e-01
   2.152357e-01
   2.152696e-01
   2.153036e-01
   2.153375e-01
   2.153714e-01
   2.154054e-01
   2.154393e-01
   2.154732e-01
   2.155071e-01
   2.155411e-01
   2.155750e-01
   2.156089e-01
   2.156429e-01
   2.156768e-01
   2.157107e-01
   2.157446e-01
   2.157786e-01
   2.158125e-01
   2.158464e-01
   2.158804e-01
   2.159143e-01
   2.159482e-01
   2.159821e-01
   2.160161e-01
   2.160500e-01
   2.160839e-01
   2.161179e-01
   2.161518e-01
   2.161857e-01
   2.162196e-01
   2.162536e-01
   2.162875e-01
   2.163214e-01
   2.163554e-01
   2.163893e-01
   2.164232e-01
   2.164571e-01
   2.164911e-01
   2.165250e-01
   2.165589e-01
   2.165929e-01
   2.166268e-01
   2.166607e-01
   2.166946e-01
   2.167286e-01
   2.167625e-01
   2.167964e-01
   2.168304e-01
   2.168643e-01
   2.168982e-01
   2.169321e-01
   2.169661e-01
   2.170000e-01
   2.170339e-01
   2.170679e-01
   2.171018e-01
   2.171357e-01
   2.171696e-01
   2.172036e-01
   2.172375e-01
   2.172714e-01
   2.173054e-01
   2.173393e-01
   2.173732e-01
   2.174071e-01
   2.174411e-01
   2.174750e-01
   2.175089e-01
   2.175429e-01
   2.175768e-01
   2.176107e-01
   2.176446e-01
   2.176786e-01
   2.177125e-01
   2.177464e-01
   2.177804e-01
   2.178143e-01
   2.178482e-01
   2.178821e-01
   2.179161e-01
   2.179500e-01
   2.179839e-01
   2.180179e-01
   2.180518e-01
   2.180857e-01
   2.181196e-01
   2.181536e-01
   2.181875e-01
   2.182214e-01
   2.182554e-01
   2.182893e-01
   2.183232e-01
   2.183571e-01
   2.183911e-01
   2.184250e-01
   2.184589e-01
   2.184929e-01
   2.185268e-01
   2.185607e-01
   2.185946e-01
   2.186286e-01
   2.186625e-01
   2.186964e-01
   2.187304e-01
   2.187643e-01
   2.187982e-01
   2.188321e-01
   2.188661e-01
   2.189000e-01
   2.189339e-01
   2.189679e-01
   2.190018e-01
   2.190357e-01
   2.190696e-01
   2.191036e-01
   2.191375e-01
   2.191714e-01
   2.192054e-01
   2.192393e-01
   2.192732e-01
   2.193071e-01
   2.193411e-01
   2.193750e-01
   2.194089e-01
   2.194429e-01
   2.194768e-01
   2.195107e-01
   2.195446e-01
   2.195786e-01
   2.196125e-01
   2.196464e-01
   2.196804e-01
   2.197143e-01
   2.197482e-01
   2.197821e-01
   2.198161e-01
   2.198500e-01
   2.198839e-01
   2.199179e-01
   2.199518e-01
   2.199857e-01
   2.200196e-01
   2.200536e-01
   2.200875e-01
   2.201214e-01
   2.201554e-01
   2.201893e-01
   2.202232e-01
   2.202571e-01
   2.202911e-01
   2.203250e-01
   2.203589e-01
   2.203929e-01
   2.204268e-01
   2.204607e-01
   2.204946e-01
   2.205286e-01
   2.205625e-01
   2.205964e-01
   2.206304e-01
   2.206643e-01
   2.206982e-01
   2.207321e-01
   2.207661e-01
   2.208000e-01
   2.208339e-01
   2.208679e-01
   2.209018e-01
   2.209357e-01
   2.209696e-01
   2.210036e-01
   2.210375e-01
   2.210714e-01
   2.211054e-01
   2.211393e-01
   2.211732e-01
   2.212071e-01
   2.212411e-01
   2.212750e-01
   2.213089e-01
   2.213429e-01
   2.213768e-01
   2.214107e-01
   2.214446e-01
   2.214786e-01
   2.215125e-01
   2.215464e-01
   2.215804e-01
   2.216143e-01
   2.216482e-01
   2.216821e-01
   2.217161e-01
   2.217500e-01
   2.217839e-01
   2.218179e-01
   2.218518e-01
   2.218857e-01
   2.219196e-01
   2.219536e-01
   2.219875e-01
   2.220214e-01
   2.220554e-01
   2.220893e-01
   2.221232e-01
   2.221571e-01
   2.221911e-01
   2.222250e-01
   2.222589e-01
   2.222929e-01
   2.223268e-01
   2.223607e-01
   2.223946e-01
   2.224286e-01
   2.224625e-01
   2.224964e-01
   2.225304e-01
   2.225643e-01
   2.225982e-01
   2.226321e-01
   2.226661e-01
   2.227000e-01
   2.227339e-01
   2.227679e-01
   2.228018e-01
   2.228357e-01
   2.228696e-01
   2.229036e-01
   2.229375e-01
   2.229714e-01
   2.230054e-01
   2.230393e-01
   2.230732e-01
   2.231071e-01
   2.231411e-01
   2.231750e-01
   2.232089e-01
   2.232429e-01
   2.232768e-01
   2.233107e-01
   2.233446e-01
   2.233786e-01
   2.234125e-01
   2.234464e-01
   2.234804e-01
   2.235143e-01
   2.235482e-01
   2.235821e-01
   2.236161e-01
   2.236500e-01
   2.236839e-01
   2.237179e-01
   2.237518e-01
   2.237857e-01
   2.238196e-01
   2.238536e-01
   2.238875e-01
   2.239214e-01
   2.239554e-01
   2.239893e-01
   2.240232e-01
   2.240571e-01
   2.240911e-01
   2.241250e-01
   2.241589e-01
   2.241929e-01
   2.242268e-01
   2.242607e-01
   2.242946e-01
   2.243286e-01
   2.243625e-01
   2.243964e-01
   2.244304e-01
   2.244643e-01
   2.244982e-01
   2.245321e-01
   2.245661e-01
   2.246000e-01
   2.246339e-01
   2.246679e-01
   2.247018e-01
   2.247357e-01
   2.247696e-01
   2.248036e-01
   2.248375e-01
   2.248714e-01
   2.249054e-01
   2.249393e-01
   2.249732e-01
   2.250071e-01
   2.250411e-01
   2.250750e-01
   2.251089e-01
   2.251429e-01
   2.251768e-01
   2.252107e-01
   2.252446e-01
   2.252786e-01
   2.253125e-01
   2.253464e-01
   2.253804e-01
   2.254143e-01
   2.254482e-01
   2.254821e-01
   2.255161e-01
   2.255500e-01
   2.255839e-01
   2.256179e-01
   2.256518e-01
   2.256857e-01
   2.257196e-01
   2.257536e-01
   2.257875e-01
   2.258214e-01
   2.258554e-01
   2.258893e-01
   2.259232e-01
   2.259571e-01
   2.259911e-01
   2.260250e-01
   2.260589e-01
   2.260929e-01
   2.261268e-01
   2.261607e-01
   2.261946e-01
   2.262286e-01
   2.262625e-01
   2.262964e-01
   2.263304e-01
   2.263643e-01
   2.263982e-01
   2.264321e-01
   2.264661e-01
   2.265000e-01
   2.265339e-01
   2.265679e-01
   2.266018e-01
   2.266357e-01
   2.266696e-01
   2.267036e-01
   2.267375e-01
   2.267714e-01
   2.268054e-01
   2.268393e-01
   2.268732e-01
   2.269071e-01
   2.269411e-01
   2.269750e-01
   2.270089e-01
   2.270429e-01
   2.270768e-01
   2.271107e-01
   2.271446e-01
   2.271786e-01
   2.272125e-01
   2.272464e-01
   2.272804e-01
   2.273143e-01
   2.273482e-01
   2.273821e-01
   2.274161e-01
   2.274500e-01
   2.274839e-01
   2.275179e-01
   2.275518e-01
   2.275857e-01
   2.276196e-01
   2.276536e-01
   2.276875e-01
   2.277214e-01
   2.277554e-01
   2.277893e-01
   2.278232e-01
   2.278571e-01
   2.278911e-01
   2.279250e-01
   2.279589e-01
   2.279929e-01
   2.280268e-01
   2.280607e-01
   2.280946e-01
   2.281286e-01
   2.281625e-01
   2.281964e-01
   2.282304e-01
   2.282643e-01
   2.282982e-01
   2.283321e-01
   2.283661e-01
   2.284000e-01
   2.284339e-01
   2.284679e-01
   2.285018e-01
   2.285357e-01
   2.285696e-01
   2.286036e-01
   2.286375e-01
   2.286714e-01
   2.287054e-01
   2.287393e-01
   2.287732e-01
   2.288071e-01
   2.288411e-01
   2.288750e-01
   2.289089e-01
   2.289429e-01
   2.289768e-01
   2.290107e-01
   2.290446e-01
   2.290786e-01
   2.291125e-01
   2.291464e-01
   2.291804e-01
   2.292143e-01
   2.292482e-01
   2.292821e-01
   2.293161e-01
   2.293500e-01
   2.293839e-01
   2.294179e-01
   2.294518e-01
   2.294857e-01
   2.295196e-01
   2.295536e-01
   2.295875e-01
   2.296214e-01
   2.296554e-01
   2.296893e-01
   2.297232e-01
   2.297571e-01
   2.297911e-01
   2.298250e-01
   2.298589e-01
   2.298929e-01
   2.299268e-01
   2.299607e-01
   2.299946e-01
   2.300286e-01
   2.300625e-01
   2.300964e-01
   2.301304e-01
   2.301643e-01
   2.301982e-01
   2.302321e-01
   2.302661e-01
   2.303000e-01
   2.303339e-01
   2.303679e-01
   2.304018e-01
   2.304357e-01
   2.304696e-01
   2.305036e-01
   2.305375e-01
   2.305714e-01
   2.306054e-01
   2.306393e-01
   2.306732e-01
   2.307071e-01
   2.307411e-01
   2.307750e-01
   2.308089e-01
   2.308429e-01
   2.308768e-01
   2.309107e-01
   2.309446e-01
   2.309786e-01
   2.310125e-01
   2.310464e-01
   2.310804e-01
   2.311143e-01
   2.311482e-01
   2.311821e-01
   2.312161e-01
   2.312500e-01
   2.312839e-01
   2.313179e-01
   2.313518e-01
   2.313857e-01
   2.314196e-01
   2.314536e-01
   2.314875e-01
   2.315214e-01
   2.315554e-01
   2.315893e-01
   2.316232e-01
   2.316571e-01
   2.316911e-01
   2.317250e-01
   2.317589e-01
   2.317929e-01
   2.318268e-01
   2.318607e-01
   2.318946e-01
   2.319286e-01
   2.319625e-01
   2.319964e-01
   2.320304e-01
   2.320643e-01
   2.320982e-01
   2.321321e-01
   2.321661e-01
   2.322000e-01
   2.322339e-01
   2.322679e-01
   2.323018e-01
   2.323357e-01
   2.323696e-01
   2.324036e-01
   2.324375e-01
   2.324714e-01
   2.325054e-01
   2.325393e-01
   2.325732e-01
   2.326071e-01
   2.326411e-01
   2.326750e-01
   2.327089e-01
   2.327429e-01
   2.327768e-01
   2.328107e-01
   2.328446e-01
   2.328786e-01
   2.329125e-01
   2.329464e-01
   2.329804e-01
   2.330143e-01
   2.330482e-01
   2.330821e-01
   2.331161e-01
   2.331500e-01
   2.331839e-01
   2.332179e-01
   2.332518e-01
   2.332857e-01
   2.333196e-01
   2.333536e-01
   2.333875e-01
   2.334214e-01
   2.334554e-01
   2.334893e-01
   2.335232e-01
   2.335571e-01
   2.335911e-01
   2.336250e-01
   2.336589e-01
   2.336929e-01
   2.337268e-01
   2.337607e-01
   2.337946e-01
   2.338286e-01
   2.338625e-01
   2.338964e-01
   2.339304e-01
   2.339643e-01
   2.339982e-01
   2.340321e-01
   2.340661e-01
   2.341000e-01
   2.341339e-01
   2.341679e-01
   2.342018e-01
   2.342357e-01
   2.342696e-01
   2.343036e-01
   2.343375e-01
   2.343714e-01
   2.344054e-01
   2.344393e-01
   2.344732e-01
   2.345071e-01
   2.345411e-01
   2.345750e-01
   2.346089e-01
   2.346429e-01
