 0.00000000000000E+0000   0.00000000000000E+0000
 1.00000000000000E+0000   0.00000000000000E+0000
 2.00000000000000E+0000   0.00000000000000E+0000
 3.00000000000000E+0000   0.00000000000000E+0000
 4.00000000000000E+0000   0.00000000000000E+0000
 5.00000000000000E+0000   0.00000000000000E+0000
 6.00000000000000E+0000   0.00000000000000E+0000
 7.00000000000000E+0000   0.00000000000000E+0000
 8.00000000000000E+0000   0.00000000000000E+0000
 9.00000000000000E+0000   0.00000000000000E+0000
 1.00000000000000E+0001   0.00000000000000E+0000
 1.10000000000000E+0001   0.00000000000000E+0000
 1.20000000000000E+0001   0.00000000000000E+0000
 1.30000000000000E+0001   0.00000000000000E+0000
 1.40000000000000E+0001   0.00000000000000E+0000
 1.50000000000000E+0001   0.00000000000000E+0000
 1.60000000000000E+0001   0.00000000000000E+0000
 1.70000000000000E+0001   0.00000000000000E+0000
 1.80000000000000E+0001   0.00000000000000E+0000
 1.90000000000000E+0001   0.00000000000000E+0000
 2.00000000000000E+0001   0.00000000000000E+0000
 2.10000000000000E+0001   0.00000000000000E+0000
 2.20000000000000E+0001   0.00000000000000E+0000
 2.30000000000000E+0001   0.00000000000000E+0000
 2.40000000000000E+0001   0.00000000000000E+0000
 2.50000000000000E+0001   0.00000000000000E+0000
 2.60000000000000E+0001   0.00000000000000E+0000
 2.70000000000000E+0001   0.00000000000000E+0000
 2.80000000000000E+0001   0.00000000000000E+0000
 2.90000000000000E+0001   0.00000000000000E+0000
 3.00000000000000E+0001   0.00000000000000E+0000
 3.10000000000000E+0001   0.00000000000000E+0000
 3.20000000000000E+0001   0.00000000000000E+0000
 3.30000000000000E+0001   0.00000000000000E+0000
 3.40000000000000E+0001   0.00000000000000E+0000
 3.50000000000000E+0001   0.00000000000000E+0000
 3.60000000000000E+0001   0.00000000000000E+0000
 3.70000000000000E+0001   0.00000000000000E+0000
 3.80000000000000E+0001   0.00000000000000E+0000
 3.90000000000000E+0001   0.00000000000000E+0000
 4.00000000000000E+0001   0.00000000000000E+0000
 4.10000000000000E+0001   0.00000000000000E+0000
 4.20000000000000E+0001   0.00000000000000E+0000
 4.30000000000000E+0001   0.00000000000000E+0000
 4.40000000000000E+0001   0.00000000000000E+0000
 4.50000000000000E+0001   0.00000000000000E+0000
 4.60000000000000E+0001   0.00000000000000E+0000
 4.70000000000000E+0001   0.00000000000000E+0000
 4.80000000000000E+0001   0.00000000000000E+0000
 4.90000000000000E+0001   0.00000000000000E+0000
 5.00000000000000E+0001   0.00000000000000E+0000
 5.10000000000000E+0001   0.00000000000000E+0000
 5.20000000000000E+0001   0.00000000000000E+0000
 5.30000000000000E+0001   0.00000000000000E+0000
 5.40000000000000E+0001   0.00000000000000E+0000
 5.50000000000000E+0001   0.00000000000000E+0000
 5.60000000000000E+0001   0.00000000000000E+0000
 5.70000000000000E+0001   0.00000000000000E+0000
 5.80000000000000E+0001   0.00000000000000E+0000
 5.90000000000000E+0001   0.00000000000000E+0000
 6.00000000000000E+0001   0.00000000000000E+0000
 6.10000000000000E+0001   0.00000000000000E+0000
 6.20000000000000E+0001   0.00000000000000E+0000
 6.30000000000000E+0001   0.00000000000000E+0000
 6.40000000000000E+0001   0.00000000000000E+0000
 6.50000000000000E+0001   0.00000000000000E+0000
 6.60000000000000E+0001   0.00000000000000E+0000
 6.70000000000000E+0001   0.00000000000000E+0000
 6.80000000000000E+0001   0.00000000000000E+0000
 6.90000000000000E+0001   0.00000000000000E+0000
 7.00000000000000E+0001   0.00000000000000E+0000
 7.10000000000000E+0001   0.00000000000000E+0000
 7.20000000000000E+0001   0.00000000000000E+0000
 7.30000000000000E+0001   0.00000000000000E+0000
 7.40000000000000E+0001   0.00000000000000E+0000
 7.50000000000000E+0001   0.00000000000000E+0000
 7.60000000000000E+0001   0.00000000000000E+0000
 7.70000000000000E+0001   0.00000000000000E+0000
 7.80000000000000E+0001   0.00000000000000E+0000
 7.90000000000000E+0001   0.00000000000000E+0000
 8.00000000000000E+0001   0.00000000000000E+0000
 8.10000000000000E+0001   0.00000000000000E+0000
 8.20000000000000E+0001   0.00000000000000E+0000
 8.30000000000000E+0001   0.00000000000000E+0000
 8.40000000000000E+0001   0.00000000000000E+0000
 8.50000000000000E+0001   0.00000000000000E+0000
 8.60000000000000E+0001   0.00000000000000E+0000
 8.70000000000000E+0001   0.00000000000000E+0000
 8.80000000000000E+0001   0.00000000000000E+0000
 8.90000000000000E+0001   0.00000000000000E+0000
 9.00000000000000E+0001   0.00000000000000E+0000
 9.10000000000000E+0001   0.00000000000000E+0000
 9.20000000000000E+0001   4.90290870773977E-0013
 9.30000000000000E+0001   8.30084677506760E-0006
 9.40000000000000E+0001   7.49316981255654E-0004
 9.50000000000000E+0001   1.11070236118807E-0002
 9.60000000000000E+0001   7.55726284674660E-0002
 9.70000000000000E+0001   3.31360659596050E-0001
 9.80000000000000E+0001   1.09298117825654E+0000
 9.90000000000000E+0001   2.94901323113486E+0000
 1.00000000000000E+0002   6.84606366006346E+0000
 1.01000000000000E+0002   1.41316703632175E+0001
 1.02000000000000E+0002   2.65326686319995E+0001
 1.03000000000000E+0002   4.60574785841265E+0001
 1.04000000000000E+0002   7.48270208261330E+0001
 1.05000000000000E+0002   1.14855365507211E+0002
 1.06000000000000E+0002   1.67813460618294E+0002
 1.07000000000000E+0002   2.34814110796878E+0002
 1.08000000000000E+0002   3.16252484581711E+0002
 1.09000000000000E+0002   4.11724830387835E+0002
 1.10000000000000E+0002   5.20031829571949E+0002
 1.11000000000000E+0002   6.39256346855280E+0002
 1.12000000000000E+0002   7.66892505210440E+0002
 1.13000000000000E+0002   8.99997107485865E+0002
 1.14000000000000E+0002   1.03533654832643E+0003
 1.15000000000000E+0002   1.16951133923044E+0003
 1.16000000000000E+0002   1.29905314366105E+0003
 1.17000000000000E+0002   1.42050173384140E+0003
 1.18000000000000E+0002   1.53047766988044E+0003
 1.19000000000000E+0002   1.62576820423195E+0003
 1.20000000000000E+0002   1.70343841280973E+0003
 1.21000000000000E+0002   1.76096852358227E+0003
 1.22000000000000E+0002   1.79640523934880E+0003
 1.23000000000000E+0002   1.80850365186330E+0003
 1.24000000000000E+0002   1.79683077730169E+0003
 1.25000000000000E+0002   1.76180393557635E+0003
 1.26000000000000E+0002   1.70464710379270E+0003
 1.27000000000000E+0002   1.62726375299429E+0003
 1.28000000000000E+0002   1.53204167911052E+0003
 1.29000000000000E+0002   1.42161956565957E+0003
 1.30000000000000E+0002   1.29865273562820E+0003
 1.31000000000000E+0002   1.16561473409169E+0003
 1.32000000000000E+0002   1.02466226960603E+0003
 1.33000000000000E+0002   8.77576069576524E+0002
 1.34000000000000E+0002   7.25773332485016E+0002
 1.35000000000000E+0002   5.70373069519824E+0002
 1.36000000000000E+0002   4.12287312130902E+0002
 1.37000000000000E+0002   2.52310742265193E+0002
 1.38000000000000E+0002   9.11883535755677E+0001
 1.39000000000000E+0002  -7.03472367663738E+0001
 1.40000000000000E+0002  -2.31564084110038E+0002
 1.41000000000000E+0002  -3.91729910490208E+0002
 1.42000000000000E+0002  -5.50102775909431E+0002
 1.43000000000000E+0002  -7.05897598452123E+0002
 1.44000000000000E+0002  -8.58222223531451E+0002
 1.45000000000000E+0002  -1.00598970245039E+0003
 1.46000000000000E+0002  -1.14782582806044E+0003
 1.47000000000000E+0002  -1.28199884598480E+0003
 1.48000000000000E+0002  -1.40639887675155E+0003
 1.49000000000000E+0002  -1.51858723028989E+0003
 1.50000000000000E+0002  -1.61592201540549E+0003
 1.51000000000000E+0002  -1.69574965362421E+0003
 1.52000000000000E+0002  -1.75563644528358E+0003
 1.53000000000000E+0002  -1.79360428773585E+0003
 1.54000000000000E+0002  -1.80833269534744E+0003
 1.55000000000000E+0002  -1.79929595834843E+0003
 1.56000000000000E+0002  -1.76681784689878E+0003
 1.57000000000000E+0002  -1.71204315538297E+0003
 1.58000000000000E+0002  -1.63684120996722E+0003
 1.59000000000000E+0002  -1.54366724474462E+0003
 1.60000000000000E+0002  -1.43541079161293E+0003
 1.61000000000000E+0002  -1.31525558575809E+0003
 1.62000000000000E+0002  -1.18656483350212E+0003
 1.63000000000000E+0002  -1.05279253630036E+0003
 1.64000000000000E+0002  -9.17410040500932E+0002
 1.65000000000000E+0002  -7.83830629600648E+0002
 1.66000000000000E+0002  -6.55315729717263E+0002
 1.67000000000000E+0002  -5.34853930811149E+0002
 1.68000000000000E+0002  -4.25016208141071E+0002
 1.69000000000000E+0002  -3.27803705037896E+0002
 1.70000000000000E+0002  -2.44514111002031E+0002
 1.71000000000000E+0002  -1.75655787586105E+0002
 1.72000000000000E+0002  -1.20933911868747E+0002
 1.73000000000000E+0002  -7.93208304845803E+0001
 1.74000000000000E+0002  -4.92064187961884E+0001
 1.75000000000000E+0002  -2.86076833877044E+0001
 1.76000000000000E+0002  -1.54044407555408E+0001
 1.77000000000000E+0002  -7.56291180775566E+0000
 1.78000000000000E+0002  -3.31279704497912E+0000
 1.79000000000000E+0002  -1.25482976875253E+0000
 1.80000000000000E+0002  -3.91897216896582E-0001
 1.81000000000000E+0002  -9.33370294549834E-0002
 1.82000000000000E+0002  -1.47104937718544E-0002
 1.83000000000000E+0002  -1.13374499381786E-0003
 1.84000000000000E+0002  -1.79921963698108E-0005
 1.85000000000000E+0002  -1.49312448791888E-0010
 1.86000000000000E+0002   0.00000000000000E+0000
 1.87000000000000E+0002   0.00000000000000E+0000
 1.88000000000000E+0002   0.00000000000000E+0000
 1.89000000000000E+0002   0.00000000000000E+0000
 1.90000000000000E+0002   0.00000000000000E+0000
 1.91000000000000E+0002   0.00000000000000E+0000
 1.92000000000000E+0002   0.00000000000000E+0000
 1.93000000000000E+0002   0.00000000000000E+0000
 1.94000000000000E+0002   0.00000000000000E+0000
 1.95000000000000E+0002   0.00000000000000E+0000
 1.96000000000000E+0002   0.00000000000000E+0000
 1.97000000000000E+0002   0.00000000000000E+0000
 1.98000000000000E+0002   0.00000000000000E+0000
 1.99000000000000E+0002   0.00000000000000E+0000
 2.00000000000000E+0002   0.00000000000000E+0000
 2.01000000000000E+0002   0.00000000000000E+0000
 2.02000000000000E+0002   0.00000000000000E+0000
 2.03000000000000E+0002   0.00000000000000E+0000
 2.04000000000000E+0002   0.00000000000000E+0000
 2.05000000000000E+0002   0.00000000000000E+0000
 2.06000000000000E+0002   0.00000000000000E+0000
 2.07000000000000E+0002   0.00000000000000E+0000
 2.08000000000000E+0002   0.00000000000000E+0000
 2.09000000000000E+0002   0.00000000000000E+0000
 2.10000000000000E+0002   0.00000000000000E+0000
 2.11000000000000E+0002   0.00000000000000E+0000
 2.12000000000000E+0002   0.00000000000000E+0000
 2.13000000000000E+0002   0.00000000000000E+0000
 2.14000000000000E+0002   0.00000000000000E+0000
 2.15000000000000E+0002   0.00000000000000E+0000
 2.16000000000000E+0002   0.00000000000000E+0000
 2.17000000000000E+0002   0.00000000000000E+0000
 2.18000000000000E+0002   0.00000000000000E+0000
 2.19000000000000E+0002   0.00000000000000E+0000
 2.20000000000000E+0002   0.00000000000000E+0000
 2.21000000000000E+0002   0.00000000000000E+0000
 2.22000000000000E+0002   0.00000000000000E+0000
 2.23000000000000E+0002   0.00000000000000E+0000
 2.24000000000000E+0002   0.00000000000000E+0000
 2.25000000000000E+0002   0.00000000000000E+0000
 2.26000000000000E+0002   0.00000000000000E+0000
 2.27000000000000E+0002   0.00000000000000E+0000
 2.28000000000000E+0002   0.00000000000000E+0000
 2.29000000000000E+0002   0.00000000000000E+0000
 2.30000000000000E+0002   0.00000000000000E+0000
 2.31000000000000E+0002   0.00000000000000E+0000
 2.32000000000000E+0002   0.00000000000000E+0000
 2.33000000000000E+0002   0.00000000000000E+0000
 2.34000000000000E+0002   0.00000000000000E+0000
 2.35000000000000E+0002   0.00000000000000E+0000
 2.36000000000000E+0002   0.00000000000000E+0000
 2.37000000000000E+0002   0.00000000000000E+0000
 2.38000000000000E+0002   0.00000000000000E+0000
 2.39000000000000E+0002   0.00000000000000E+0000
 2.40000000000000E+0002   0.00000000000000E+0000
 2.41000000000000E+0002   0.00000000000000E+0000
 2.42000000000000E+0002   0.00000000000000E+0000
 2.43000000000000E+0002   0.00000000000000E+0000
 2.44000000000000E+0002   0.00000000000000E+0000
 2.45000000000000E+0002   0.00000000000000E+0000
 2.46000000000000E+0002   0.00000000000000E+0000
 2.47000000000000E+0002   0.00000000000000E+0000
 2.48000000000000E+0002   0.00000000000000E+0000
 2.49000000000000E+0002   0.00000000000000E+0000
 2.50000000000000E+0002   0.00000000000000E+0000
 2.51000000000000E+0002   0.00000000000000E+0000
 2.52000000000000E+0002   0.00000000000000E+0000
 2.53000000000000E+0002   0.00000000000000E+0000
 2.54000000000000E+0002   0.00000000000000E+0000
 2.55000000000000E+0002   0.00000000000000E+0000
 2.56000000000000E+0002   0.00000000000000E+0000
 2.57000000000000E+0002   0.00000000000000E+0000
 2.58000000000000E+0002   0.00000000000000E+0000
 2.59000000000000E+0002   0.00000000000000E+0000
 2.60000000000000E+0002   0.00000000000000E+0000
 2.61000000000000E+0002   0.00000000000000E+0000
 2.62000000000000E+0002   0.00000000000000E+0000
 2.63000000000000E+0002   0.00000000000000E+0000
 2.64000000000000E+0002   0.00000000000000E+0000
 2.65000000000000E+0002   0.00000000000000E+0000
 2.66000000000000E+0002   0.00000000000000E+0000
 2.67000000000000E+0002   0.00000000000000E+0000
 2.68000000000000E+0002   0.00000000000000E+0000
 2.69000000000000E+0002   0.00000000000000E+0000
 2.70000000000000E+0002   0.00000000000000E+0000
 2.71000000000000E+0002   0.00000000000000E+0000
 2.72000000000000E+0002   0.00000000000000E+0000
 2.73000000000000E+0002   0.00000000000000E+0000
 2.74000000000000E+0002   0.00000000000000E+0000
 2.75000000000000E+0002   0.00000000000000E+0000
 2.76000000000000E+0002   0.00000000000000E+0000
 2.77000000000000E+0002   0.00000000000000E+0000
 2.78000000000000E+0002   0.00000000000000E+0000
 2.79000000000000E+0002   0.00000000000000E+0000
 2.80000000000000E+0002   0.00000000000000E+0000
 2.81000000000000E+0002   0.00000000000000E+0000
 2.82000000000000E+0002   0.00000000000000E+0000
 2.83000000000000E+0002   0.00000000000000E+0000
 2.84000000000000E+0002   0.00000000000000E+0000
 2.85000000000000E+0002   0.00000000000000E+0000
 2.86000000000000E+0002   0.00000000000000E+0000
 2.87000000000000E+0002   0.00000000000000E+0000
 2.88000000000000E+0002   0.00000000000000E+0000
 2.89000000000000E+0002   0.00000000000000E+0000
 2.90000000000000E+0002   0.00000000000000E+0000
 2.91000000000000E+0002   0.00000000000000E+0000
 2.92000000000000E+0002   0.00000000000000E+0000
 2.93000000000000E+0002   0.00000000000000E+0000
 2.94000000000000E+0002   0.00000000000000E+0000
 2.95000000000000E+0002   0.00000000000000E+0000
 2.96000000000000E+0002   0.00000000000000E+0000
 2.97000000000000E+0002   0.00000000000000E+0000
 2.98000000000000E+0002   0.00000000000000E+0000
 2.99000000000000E+0002   0.00000000000000E+0000
 3.00000000000000E+0002   0.00000000000000E+0000
 3.01000000000000E+0002   0.00000000000000E+0000
 3.02000000000000E+0002   0.00000000000000E+0000
 3.03000000000000E+0002   0.00000000000000E+0000
 3.04000000000000E+0002   0.00000000000000E+0000
 3.05000000000000E+0002   0.00000000000000E+0000
 3.06000000000000E+0002   0.00000000000000E+0000
 3.07000000000000E+0002   0.00000000000000E+0000
 3.08000000000000E+0002   0.00000000000000E+0000
 3.09000000000000E+0002   0.00000000000000E+0000
 3.10000000000000E+0002   0.00000000000000E+0000
 3.11000000000000E+0002   0.00000000000000E+0000
 3.12000000000000E+0002   0.00000000000000E+0000
 3.13000000000000E+0002   0.00000000000000E+0000
 3.14000000000000E+0002   0.00000000000000E+0000
 3.15000000000000E+0002   0.00000000000000E+0000
 3.16000000000000E+0002   0.00000000000000E+0000
 3.17000000000000E+0002   0.00000000000000E+0000
 3.18000000000000E+0002   0.00000000000000E+0000
 3.19000000000000E+0002   0.00000000000000E+0000
 3.20000000000000E+0002   0.00000000000000E+0000
 3.21000000000000E+0002   0.00000000000000E+0000
 3.22000000000000E+0002   0.00000000000000E+0000
 3.23000000000000E+0002   0.00000000000000E+0000
 3.24000000000000E+0002   0.00000000000000E+0000
 3.25000000000000E+0002   0.00000000000000E+0000
 3.26000000000000E+0002   0.00000000000000E+0000
 3.27000000000000E+0002   0.00000000000000E+0000
 3.28000000000000E+0002   0.00000000000000E+0000
 3.29000000000000E+0002   0.00000000000000E+0000
 3.30000000000000E+0002   0.00000000000000E+0000
 3.31000000000000E+0002   0.00000000000000E+0000
 3.32000000000000E+0002   0.00000000000000E+0000
 3.33000000000000E+0002   0.00000000000000E+0000
 3.34000000000000E+0002   0.00000000000000E+0000
 3.35000000000000E+0002   0.00000000000000E+0000
 3.36000000000000E+0002   0.00000000000000E+0000
 3.37000000000000E+0002   0.00000000000000E+0000
 3.38000000000000E+0002   0.00000000000000E+0000
 3.39000000000000E+0002   0.00000000000000E+0000
 3.40000000000000E+0002   0.00000000000000E+0000
 3.41000000000000E+0002   0.00000000000000E+0000
 3.42000000000000E+0002   0.00000000000000E+0000
 3.43000000000000E+0002   0.00000000000000E+0000
 3.44000000000000E+0002   0.00000000000000E+0000
 3.45000000000000E+0002   0.00000000000000E+0000
 3.46000000000000E+0002   0.00000000000000E+0000
 3.47000000000000E+0002   0.00000000000000E+0000
 3.48000000000000E+0002   0.00000000000000E+0000
 3.49000000000000E+0002   0.00000000000000E+0000
 3.50000000000000E+0002   0.00000000000000E+0000
 3.51000000000000E+0002   0.00000000000000E+0000
 3.52000000000000E+0002   0.00000000000000E+0000
 3.53000000000000E+0002   0.00000000000000E+0000
 3.54000000000000E+0002   0.00000000000000E+0000
 3.55000000000000E+0002   0.00000000000000E+0000
 3.56000000000000E+0002   0.00000000000000E+0000
 3.57000000000000E+0002   0.00000000000000E+0000
 3.58000000000000E+0002   0.00000000000000E+0000
 3.59000000000000E+0002   0.00000000000000E+0000
 3.60000000000000E+0002   0.00000000000000E+0000
 3.61000000000000E+0002   0.00000000000000E+0000
 3.62000000000000E+0002   0.00000000000000E+0000
 3.63000000000000E+0002   0.00000000000000E+0000
 3.64000000000000E+0002   0.00000000000000E+0000
 3.65000000000000E+0002   0.00000000000000E+0000
 3.66000000000000E+0002   0.00000000000000E+0000
 3.67000000000000E+0002   0.00000000000000E+0000
 3.68000000000000E+0002   0.00000000000000E+0000
 3.69000000000000E+0002   0.00000000000000E+0000
 3.70000000000000E+0002   0.00000000000000E+0000
 3.71000000000000E+0002   0.00000000000000E+0000
 3.72000000000000E+0002   0.00000000000000E+0000
 3.73000000000000E+0002   0.00000000000000E+0000
 3.74000000000000E+0002   0.00000000000000E+0000
 3.75000000000000E+0002   0.00000000000000E+0000
 3.76000000000000E+0002   0.00000000000000E+0000
 3.77000000000000E+0002   0.00000000000000E+0000
 3.78000000000000E+0002   0.00000000000000E+0000
 3.79000000000000E+0002   0.00000000000000E+0000
 3.80000000000000E+0002   0.00000000000000E+0000
 3.81000000000000E+0002   0.00000000000000E+0000
 3.82000000000000E+0002   0.00000000000000E+0000
 3.83000000000000E+0002   0.00000000000000E+0000
 3.84000000000000E+0002   0.00000000000000E+0000
 3.85000000000000E+0002   0.00000000000000E+0000
 3.86000000000000E+0002   0.00000000000000E+0000
 3.87000000000000E+0002   0.00000000000000E+0000
 3.88000000000000E+0002   0.00000000000000E+0000
 3.89000000000000E+0002   0.00000000000000E+0000
 3.90000000000000E+0002   0.00000000000000E+0000
 3.91000000000000E+0002   0.00000000000000E+0000
 3.92000000000000E+0002   0.00000000000000E+0000
 3.93000000000000E+0002   0.00000000000000E+0000
 3.94000000000000E+0002   0.00000000000000E+0000
 3.95000000000000E+0002   0.00000000000000E+0000
 3.96000000000000E+0002   0.00000000000000E+0000
 3.97000000000000E+0002   0.00000000000000E+0000
 3.98000000000000E+0002   0.00000000000000E+0000
 3.99000000000000E+0002   0.00000000000000E+0000
 4.00000000000000E+0002   0.00000000000000E+0000

