 0.00000000000000E+0000   0.00000000000000E+0000
 1.00000000000000E+0000   0.00000000000000E+0000
 2.00000000000000E+0000  -5.02261735314366E-0014
 3.00000000000000E+0000  -6.11188784303647E-0013
 4.00000000000000E+0000  -8.47579790473293E-0013
 5.00000000000000E+0000  -4.88449580199101E-0013
 6.00000000000000E+0000   1.36542001550992E-0013
 7.00000000000000E+0000   4.82609823767296E-0013
 8.00000000000000E+0000   3.59138884563418E-0013
 9.00000000000000E+0000   3.04077668116579E-0014
 1.00000000000000E+0001  -1.54584649309642E-0013
 1.10000000000000E+0001  -9.98752704368963E-0014
 1.20000000000000E+0001   5.27568690958269E-0014
 1.30000000000000E+0001   1.58819407123346E-0013
 1.40000000000000E+0001   2.13734000075159E-0013
 1.50000000000000E+0001   2.77855630345898E-0013
 1.60000000000000E+0001   3.27006026192243E-0013
 1.70000000000000E+0001   2.91107146817789E-0013
 1.80000000000000E+0001   2.78381706003962E-0013
 1.90000000000000E+0001  -1.75147543313020E-0013
 2.00000000000000E+0001  -2.89491327842484E-0013
 2.10000000000000E+0001   4.46662036457149E-0012
 2.20000000000000E+0001  -1.05456202634960E-0011
 2.30000000000000E+0001  -3.36925974647522E-0011
 2.40000000000000E+0001   2.09964745043843E-0010
 2.50000000000000E+0001   6.78203064093913E-0011
 2.60000000000000E+0001  -2.68216155737530E-0009
 2.70000000000000E+0001   1.33453748858501E-0009
 2.80000000000000E+0001   3.08498716062477E-0008
 2.90000000000000E+0001  -1.30110614351850E-0008
 3.00000000000000E+0001  -3.48135593881181E-0007
 3.10000000000000E+0001  -1.77718187062763E-0007
 3.20000000000000E+0001   3.42583119264832E-0006
 3.30000000000000E+0001   7.73687983866510E-0006
 3.40000000000000E+0001  -1.78322018946517E-0005
 3.50000000000000E+0001  -1.20019028785546E-0004
 3.60000000000000E+0001  -1.76109703773974E-0004
 3.70000000000000E+0001   5.37671274243385E-0004
 3.80000000000000E+0001   3.49832371278524E-0003
 3.90000000000000E+0001   8.96101307735910E-0003
 4.00000000000000E+0001   8.43859978984787E-0003
 4.10000000000000E+0001  -3.23804119142244E-0002
 4.20000000000000E+0001  -2.02651651480394E-0001
 4.30000000000000E+0001  -6.85561298745827E-0001
 4.40000000000000E+0001  -1.80047115057106E+0000
 4.50000000000000E+0001  -4.03627830968622E+0000
 4.60000000000000E+0001  -8.06266853562549E+0000
 4.70000000000000E+0001  -1.47083351001377E+0001
 4.80000000000000E+0001  -2.49012613140746E+0001
 4.90000000000000E+0001  -3.95743669632071E+0001
 5.00000000000000E+0001  -5.95480974048895E+0001
 5.10000000000000E+0001  -8.54077157876934E+0001
 5.20000000000000E+0001  -1.17395468119850E+0002
 5.30000000000000E+0001  -1.55335712695064E+0002
 5.40000000000000E+0001  -1.98604999803204E+0002
 5.50000000000000E+0001  -2.46150474559285E+0002
 5.60000000000000E+0001  -2.96551018137847E+0002
 5.70000000000000E+0001  -3.48108452370010E+0002
 5.80000000000000E+0001  -3.98952566830987E+0002
 5.90000000000000E+0001  -4.47144345571048E+0002
 6.00000000000000E+0001  -4.90766072552630E+0002
 6.10000000000000E+0001  -5.27993486160919E+0002
 6.20000000000000E+0001  -5.57151787861962E+0002
 6.30000000000000E+0001  -5.76762085081163E+0002
 6.40000000000000E+0001  -5.85586379745565E+0002
 6.50000000000000E+0001  -5.82677131335153E+0002
 6.60000000000000E+0001  -5.67432470613346E+0002
 6.70000000000000E+0001  -5.39651954298453E+0002
 6.80000000000000E+0001  -4.99582381783425E+0002
 6.90000000000000E+0001  -4.47940504410395E+0002
 7.00000000000000E+0001  -3.85900568260028E+0002
 7.10000000000000E+0001  -3.15039582975217E+0002
 7.20000000000000E+0001  -2.37240923180931E+0002
 7.30000000000000E+0001  -1.54565431025836E+0002
 7.40000000000000E+0001  -6.91063710302813E+0001
 7.50000000000000E+0001   1.71515311025911E+0001
 7.60000000000000E+0001   1.02449237277497E+0002
 7.70000000000000E+0001   1.85331826475609E+0002
 7.80000000000000E+0001   2.64681237885214E+0002
 7.90000000000000E+0001   3.39705411912778E+0002
 8.00000000000000E+0001   4.09893812046166E+0002
 8.10000000000000E+0001   4.74954155296221E+0002
 8.20000000000000E+0001   5.34745944414776E+0002
 8.30000000000000E+0001   5.89223197355608E+0002
 8.40000000000000E+0001   6.38392809018208E+0002
 8.50000000000000E+0001   6.82288180990149E+0002
 8.60000000000000E+0001   7.20952202294823E+0002
 8.70000000000000E+0001   7.54421003479377E+0002
 8.80000000000000E+0001   7.82700872227068E+0002
 8.90000000000000E+0001   8.05734928363356E+0002
 9.00000000000000E+0001   8.23362226427336E+0002
 9.10000000000000E+0001   8.35277907029803E+0002
 9.20000000000000E+0001   8.41006860676472E+0002
 9.30000000000000E+0001   8.39903677905129E+0002
 9.40000000000000E+0001   8.31188014603884E+0002
 9.50000000000000E+0001   8.14017621730921E+0002
 9.60000000000000E+0001   7.87592857330301E+0002
 9.70000000000000E+0001   7.51278704511737E+0002
 9.80000000000000E+0001   7.04725251803873E+0002
 9.90000000000000E+0001   6.47966660366888E+0002
 1.00000000000000E+0002   5.81482176609257E+0002
 1.01000000000000E+0002   5.06209903866178E+0002
 1.02000000000000E+0002   4.23513030955024E+0002
 1.03000000000000E+0002   3.35106780466917E+0002
 1.04000000000000E+0002   2.42960396823548E+0002
 1.05000000000000E+0002   1.49190681472176E+0002
 1.06000000000000E+0002   5.59616253149573E+0001
 1.07000000000000E+0002  -3.46005479745015E+0001
 1.08000000000000E+0002  -1.20474391421618E+0002
 1.09000000000000E+0002  -1.99795978392856E+0002
 1.10000000000000E+0002  -2.70904865077982E+0002
 1.11000000000000E+0002  -3.32391068373587E+0002
 1.12000000000000E+0002  -3.83147682333963E+0002
 1.13000000000000E+0002  -4.22428178710670E+0002
 1.14000000000000E+0002  -4.49901292433583E+0002
 1.15000000000000E+0002  -4.65691736402308E+0002
 1.16000000000000E+0002  -4.70393490841650E+0002
 1.17000000000000E+0002  -4.65044856662805E+0002
 1.18000000000000E+0002  -4.51060504537748E+0002
 1.19000000000000E+0002  -4.30123988767656E+0002
 1.20000000000000E+0002  -4.04052542481054E+0002
 1.21000000000000E+0002  -3.74652234242019E+0002
 1.22000000000000E+0002  -3.43584052421242E+0002
 1.23000000000000E+0002  -3.12259474571436E+0002
 1.24000000000000E+0002  -2.81778036438373E+0002
 1.25000000000000E+0002  -2.52910856072662E+0002
 1.26000000000000E+0002  -2.26125149264680E+0002
 1.27000000000000E+0002  -2.01637711172166E+0002
 1.28000000000000E+0002  -1.79481827419040E+0002
 1.29000000000000E+0002  -1.59572794121178E+0002
 1.30000000000000E+0002  -1.41761545826569E+0002
 1.31000000000000E+0002  -1.25871985273856E+0002
 1.32000000000000E+0002  -1.11723122522116E+0002
 1.33000000000000E+0002  -9.91402718155645E+0001
 1.34000000000000E+0002  -8.79599520538437E+0001
 1.35000000000000E+0002  -7.80317883817062E+0001
 1.36000000000000E+0002  -6.92190635694113E+0001
 1.37000000000000E+0002  -6.13985265296689E+0001
 1.38000000000000E+0002  -5.44597069466924E+0001
 1.39000000000000E+0002  -4.83039450967766E+0001
 1.40000000000000E+0002  -4.28433229782736E+0001
 1.41000000000000E+0002  -3.79996106138763E+0001
 1.42000000000000E+0002  -3.37032724818561E+0001
 1.43000000000000E+0002  -2.98925467505232E+0001
 1.44000000000000E+0002  -2.65126024136198E+0001
 1.45000000000000E+0002  -2.35147765156522E+0001
 1.46000000000000E+0002  -2.08558893631260E+0001
 1.47000000000000E+0002  -1.84976323032485E+0001
 1.48000000000000E+0002  -1.64060216108690E+0001
 1.49000000000000E+0002  -1.45509121947851E+0001
 1.50000000000000E+0002  -1.29055651749442E+0001
 1.51000000000000E+0002  -1.14462637110047E+0001
 1.52000000000000E+0002  -1.01519718793029E+0001
 1.53000000000000E+0002  -9.00403188135510E+0000
 1.54000000000000E+0002  -7.98589534684793E+0000
 1.55000000000000E+0002  -7.08288493518936E+0000
 1.56000000000000E+0002  -6.28198284359747E+0000
 1.57000000000000E+0002  -5.57164319919668E+0000
 1.58000000000000E+0002  -4.94162564665537E+0000
 1.59000000000000E+0002  -4.38284774210474E+0000
 1.60000000000000E+0002  -3.88725403120227E+0000
 1.61000000000000E+0002  -3.44769992737299E+0000
 1.62000000000000E+0002  -3.05784871825589E+0000
 1.63000000000000E+0002  -2.71208021681989E+0000
 1.64000000000000E+0002  -2.40540974098305E+0000
 1.65000000000000E+0002  -2.13341625416894E+0000
 1.66000000000000E+0002  -1.89217863112224E+0000
 1.67000000000000E+0002  -1.67821913033378E+0000
 1.68000000000000E+0002  -1.48845325825483E+0000
 1.69000000000000E+0002  -1.32014530258859E+0000
 1.70000000000000E+0002  -1.17086889364970E+0000
 1.71000000000000E+0002  -1.03847202525360E+0000
 1.72000000000000E+0002  -9.21046030880158E-0001
 1.73000000000000E+0002  -8.16898067872765E-0001
 1.74000000000000E+0002  -7.24526713002823E-0001
 1.75000000000000E+0002  -6.42600317580574E-0001
 1.76000000000000E+0002  -5.69937810075643E-0001
 1.77000000000000E+0002  -5.05491669494527E-0001
 1.78000000000000E+0002  -4.48332824055410E-0001
 1.79000000000000E+0002  -3.97637257456245E-0001
 1.80000000000000E+0002  -3.52674129649279E-0001
 1.81000000000000E+0002  -3.12795240867092E-0001
 1.82000000000000E+0002  -2.77425687011030E-0001
 1.83000000000000E+0002  -2.46055571689583E-0001
 1.84000000000000E+0002  -2.18232655424518E-0001
 1.85000000000000E+0002  -1.93555836052182E-0001
 1.86000000000000E+0002  -1.71669366333039E-0001
 1.87000000000000E+0002  -1.52257725410212E-0001
 1.88000000000000E+0002  -1.35041070181880E-0001
 1.89000000000000E+0002  -1.19771201012808E-0001
 1.90000000000000E+0002  -1.06227983625677E-0001
 1.91000000000000E+0002  -9.42161755896532E-0002
 1.92000000000000E+0002  -8.35626116563836E-0002
 1.93000000000000E+0002  -7.41137073663226E-0002
 1.94000000000000E+0002  -6.57332449367543E-0002
 1.95000000000000E+0002  -5.83004095120109E-0002
 1.96000000000000E+0002  -5.17080474657986E-0002
 1.97000000000000E+0002  -4.58611216474549E-0002
 1.98000000000000E+0002  -4.06753413026746E-0002
 1.99000000000000E+0002  -3.60759469166896E-0002
 2.00000000000000E+0002  -3.19966324621554E-0002
 2.01000000000000E+0002  -2.83785895151501E-0002
 2.02000000000000E+0002  -2.51696594556528E-0002
 2.03000000000000E+0002  -2.23235815587350E-0002
 2.04000000000000E+0002  -1.97993256693562E-0002
 2.05000000000000E+0002  -1.75605034330255E-0002
 2.06000000000000E+0002   1.73991569457178E-0002
 2.07000000000000E+0002   1.96174087524212E-0002
 2.08000000000000E+0002   2.21184717030302E-0002
 2.09000000000000E+0002   2.49383997351419E-0002
 2.10000000000000E+0002   2.81178460319407E-0002
 2.11000000000000E+0002   3.17026462725240E-0002
 2.12000000000000E+0002   3.57444798418252E-0002
 2.13000000000000E+0002   4.03016148297144E-0002
 2.14000000000000E+0002   4.54397480413532E-0002
 2.15000000000000E+0002   5.12329520985946E-0002
 2.16000000000000E+0002   5.77647432893133E-0002
 2.17000000000000E+0002   6.51292855594525E-0002
 2.18000000000000E+0002   7.34327480042411E-0002
 2.19000000000000E+0002   8.27948354282421E-0002
 2.20000000000000E+0002   9.33505140400848E-0002
 2.21000000000000E+0002   1.05251957159695E-0001
 2.22000000000000E+0002   1.18670738986974E-0001
 2.23000000000000E+0002   1.33800308058473E-0001
 2.24000000000000E+0002   1.50858776050234E-0001
 2.25000000000000E+0002   1.70092062130646E-0001
 2.26000000000000E+0002   1.91777438193107E-0001
 2.27000000000000E+0002   2.16227526077531E-0001
 2.28000000000000E+0002   2.43794804405335E-0001
 2.29000000000000E+0002   2.74876689999772E-0001
 2.30000000000000E+0002   3.09921267147063E-0001
 2.31000000000000E+0002   3.49433747292776E-0001
 2.32000000000000E+0002   3.93983752297176E-0001
 2.33000000000000E+0002   4.44213526247066E-0001
 2.34000000000000E+0002   5.00847194208036E-0001
 2.35000000000000E+0002   5.64701201394170E-0001
 2.36000000000000E+0002   6.36696083248641E-0001
 2.37000000000000E+0002   7.17869736114812E-0001
 2.38000000000000E+0002   8.09392379812186E-0001
 2.39000000000000E+0002   9.12583427822304E-0001
 2.40000000000000E+0002   1.02893050828865E+0000
 2.41000000000000E+0002   1.16011091004366E+0000
 2.42000000000000E+0002   1.30801576283703E+0000
 2.43000000000000E+0002   1.47477730035337E+0000
 2.44000000000000E+0002   1.66279959905570E+0000
 2.45000000000000E+0002   1.87479323600102E+0000
 2.46000000000000E+0002   2.11381436527394E+0000
 2.47000000000000E+0002   2.38330877639479E+0000
 2.48000000000000E+0002   2.68716156989305E+0000
 2.49000000000000E+0002   3.02975316623495E+0000
 2.50000000000000E+0002   3.41602245563627E+0000
 2.51000000000000E+0002   3.85153799929632E+0000
 2.52000000000000E+0002   4.34257830876376E+0000
 2.53000000000000E+0002   4.89622236118700E+0000
 2.54000000000000E+0002   5.52045165606140E+0000
 2.55000000000000E+0002   6.22426528595110E+0000
 2.56000000000000E+0002   7.01780968202849E+0000
 2.57000000000000E+0002   7.91252490813934E+0000
 2.58000000000000E+0002   8.92130961812763E+0000
 2.59000000000000E+0002   1.00587070641320E+0001
 2.60000000000000E+0002   1.13411148522700E+0001
 2.61000000000000E+0002   1.27870214936275E+0001
 2.62000000000000E+0002   1.44172732061553E+0001
 2.63000000000000E+0002   1.62553748954313E+0001
 2.64000000000000E+0002   1.83278297694962E+0001
 2.65000000000000E+0002   2.06645226435147E+0001
 2.66000000000000E+0002   2.32991527930975E+0001
 2.67000000000000E+0002   2.62697233293007E+0001
 2.68000000000000E+0002   2.96190952189011E+0001
 2.69000000000000E+0002   3.33956149359789E+0001
 2.70000000000000E+0002   3.76538265087329E+0001
 2.71000000000000E+0002   4.24552840366208E+0001
 2.72000000000000E+0002   4.78694882428182E+0001
 2.73000000000000E+0002   5.39749717914892E+0001
 2.74000000000000E+0002   6.08605528331889E+0001
 2.75000000000000E+0002   6.86267958466381E+0001
 2.76000000000000E+0002   7.73877989791772E+0001
 2.77000000000000E+0002   8.72735171910007E+0001
 2.78000000000000E+0002   9.84327864033069E+0001
 2.79000000000000E+0002   1.11037039934311E+0002
 2.80000000000000E+0002   1.25284842029748E+0002
 2.81000000000000E+0002   1.41408407608501E+0002
 2.82000000000000E+0002   1.59685024006134E+0002
 2.83000000000000E+0002   1.80457032089206E+0002
 2.84000000000000E+0002   2.04161480930245E+0002
 2.85000000000000E+0002   2.31364161423106E+0002
 2.86000000000000E+0002   2.62784987355660E+0002
 2.87000000000000E+0002   2.99297071589508E+0002
 2.88000000000000E+0002   3.41883728898713E+0002
 2.89000000000000E+0002   3.91546261564916E+0002
 2.90000000000000E+0002   4.49168037827804E+0002
 2.91000000000000E+0002   5.15353057252206E+0002
 2.92000000000000E+0002   5.90266189722261E+0002
 2.93000000000000E+0002   6.73505028854230E+0002
 2.94000000000000E+0002   7.64028916788580E+0002
 2.95000000000000E+0002   8.60160133416612E+0002
 2.96000000000000E+0002   9.59658111446499E+0002
 2.97000000000000E+0002   1.05985341742392E+0003
 2.98000000000000E+0002   1.15781768234330E+0003
 2.99000000000000E+0002   1.25054122455457E+0003
 3.00000000000000E+0002   1.33509263928972E+0003
 3.01000000000000E+0002   1.40874308334821E+0003
 3.02000000000000E+0002   1.46904972429611E+0003
 3.03000000000000E+0002   1.51390439256466E+0003
 3.04000000000000E+0002   1.54156158024826E+0003
 3.05000000000000E+0002   1.55066238031429E+0003
 3.06000000000000E+0002   1.54026727591080E+0003
 3.07000000000000E+0002   1.50990222696433E+0003
 3.08000000000000E+0002   1.45961204403691E+0003
 3.09000000000000E+0002   1.39000598414613E+0003
 3.10000000000000E+0002   1.30227586733992E+0003
 3.11000000000000E+0002   1.19816854830917E+0003
 3.12000000000000E+0002   1.07990224416909E+0003
 3.13000000000000E+0002   9.50028169475044E+0002
 3.14000000000000E+0002   8.11252007101665E+0002
 3.15000000000000E+0002   6.66240364077119E+0002
 3.16000000000000E+0002   5.17442518201541E+0002
 3.17000000000000E+0002   3.66955877905600E+0002
 3.18000000000000E+0002   2.16454963771874E+0002
 3.19000000000000E+0002   6.71905000982589E+0001
 3.20000000000000E+0002  -7.99492594135239E+0001
 3.21000000000000E+0002  -2.24334881044304E+0002
 3.22000000000000E+0002  -3.65476307881890E+0002
 3.23000000000000E+0002  -5.02913898671751E+0002
 3.24000000000000E+0002  -6.36139508974962E+0002
 3.25000000000000E+0002  -7.64556178034250E+0002
 3.26000000000000E+0002  -8.87472993613560E+0002
 3.27000000000000E+0002  -1.00412218089185E+0003
 3.28000000000000E+0002  -1.11368104660823E+0003
 3.29000000000000E+0002  -1.21528319436567E+0003
 3.30000000000000E+0002  -1.30801064555496E+0003
 3.31000000000000E+0002  -1.39086876911168E+0003
 3.32000000000000E+0002  -1.46275594073697E+0003
 3.33000000000000E+0002  -1.52244636276769E+0003
 3.34000000000000E+0002  -1.56860522279119E+0003
 3.35000000000000E+0002  -1.59984976397189E+0003
 3.36000000000000E+0002  -1.61485915759762E+0003
 3.37000000000000E+0002  -1.61252310899890E+0003
 3.38000000000000E+0002  -1.59210744223575E+0003
 3.39000000000000E+0002  -1.55340780171695E+0003
 3.40000000000000E+0002  -1.49686220517431E+0003
 3.41000000000000E+0002  -1.42359981836444E+0003
 3.42000000000000E+0002  -1.33541543467044E+0003
 3.43000000000000E+0002  -1.23467369101810E+0003
 3.44000000000000E+0002  -1.12416034903505E+0003
 3.45000000000000E+0002  -1.00690669923174E+0003
 3.46000000000000E+0002  -8.86015264099451E+0002
 3.47000000000000E+0002  -7.64510264760005E+0002
 3.48000000000000E+0002  -6.45226414633763E+0002
 3.49000000000000E+0002  -5.30737524045732E+0002
 3.50000000000000E+0002  -4.23315657732595E+0002
 3.51000000000000E+0002  -3.24905200788187E+0002
 3.52000000000000E+0002  -2.37095824602361E+0002
 3.53000000000000E+0002  -1.61083856540518E+0002
 3.54000000000000E+0002  -9.76210448835385E+0001
 3.55000000000000E+0002  -4.69600809214204E+0001
 3.56000000000000E+0002  -8.81411193199651E+0000
 3.57000000000000E+0002   1.76498287455206E+0001
 3.58000000000000E+0002   3.37672250443885E+0001
 3.59000000000000E+0002   4.12754433385601E+0001
 3.60000000000000E+0002   4.21619044170635E+0001
 3.61000000000000E+0002   3.84795542464251E+0001
 3.62000000000000E+0002   3.21572013467885E+0001
 3.63000000000000E+0002   2.48351836557903E+0001
 3.64000000000000E+0002   1.77525658049087E+0001
 3.65000000000000E+0002   1.17015973103579E+0001
 3.66000000000000E+0002   7.05111280875110E+0000
 3.67000000000000E+0002   3.82651214339724E+0000
 3.68000000000000E+0002   1.82345210493281E+0000
 3.69000000000000E+0002   7.27919863876622E-0001
 3.70000000000000E+0002   2.17809336050992E-0001
 3.71000000000000E+0002   2.95621782603058E-0002
 3.72000000000000E+0002  -1.46861842915384E-0002
 3.73000000000000E+0002  -1.24392357920828E-0002
 3.74000000000000E+0002  -4.28310283748944E-0003
 3.75000000000000E+0002  -3.22696198754008E-0004
 3.76000000000000E+0002   3.95763444988006E-0004
 3.77000000000000E+0002   1.69798270703200E-0004
 3.78000000000000E+0002   2.68749232572913E-0006
 3.79000000000000E+0002  -1.82069423551574E-0005
 3.80000000000000E+0002  -3.63918607672268E-0006
 3.81000000000000E+0002   1.41049056864071E-0006
 3.82000000000000E+0002   5.01633969982995E-0007
 3.83000000000000E+0002  -1.15671604712654E-0007
 3.84000000000000E+0002  -4.92512911963648E-0008
 3.85000000000000E+0002   1.25372323591946E-0008
 3.86000000000000E+0002   3.58956174715116E-0009
 3.87000000000000E+0002  -1.50975182417477E-0009
 3.88000000000000E+0002  -8.90152954590302E-0011
 3.89000000000000E+0002   1.42640162646906E-0010
 3.90000000000000E+0002  -2.32828332409313E-0011
 3.91000000000000E+0002  -5.52000703301898E-0012
 3.92000000000000E+0002   3.29757046953642E-0012
 3.93000000000000E+0002  -5.97584768314378E-0013
 3.94000000000000E+0002  -3.57080671149350E-0014
 3.95000000000000E+0002   5.33806503744402E-0014
 3.96000000000000E+0002  -1.79641752370655E-0014
 3.97000000000000E+0002   3.92425131067374E-0015
 3.98000000000000E+0002  -6.15288859693267E-0016
 3.99000000000000E+0002   0.00000000000000E+0000
 4.00000000000000E+0002   0.00000000000000E+0000

