 0.00000000000000E+0000   0.00000000000000E+0000
 1.00000000000000E+0000   0.00000000000000E+0000
 2.00000000000000E+0000  -1.49482659319752E-0020
 3.00000000000000E+0000  -1.81901423899895E-0019
 4.00000000000000E+0000  -2.52255890021813E-0019
 5.00000000000000E+0000  -1.45371898868780E-0019
 6.00000000000000E+0000   4.06375004616049E-0020
 7.00000000000000E+0000   1.43633876121219E-0019
 8.00000000000000E+0000   1.06886572786731E-0019
 9.00000000000000E+0000   0.00000000000000E+0000
 1.00000000000000E+0001  -4.60073361040601E-0020
 1.10000000000000E+0001  -2.97247828681238E-0020
 1.20000000000000E+0001   1.57014491356627E-0020
 1.30000000000000E+0001   4.72676806914718E-0020
 1.40000000000000E+0001   6.36113095461783E-0020
 1.50000000000000E+0001   8.26951280791365E-0020
 1.60000000000000E+0001   9.73232220810246E-0020
 1.70000000000000E+0001   8.66390317910087E-0020
 1.80000000000000E+0001   8.28516982154648E-0020
 1.90000000000000E+0001  -5.21272450336369E-0020
 2.00000000000000E+0001  -8.61581332864536E-0020
 2.10000000000000E+0001   1.32935129897961E-0018
 2.20000000000000E+0001  -3.13857745937381E-0018
 2.30000000000000E+0001  -1.00275587692714E-0017
 2.40000000000000E+0001   6.24895074535246E-0017
 2.50000000000000E+0001   2.01846150027950E-0017
 2.60000000000000E+0001  -7.98262368266459E-0016
 2.70000000000000E+0001   3.97183776364587E-0016
 2.80000000000000E+0001   9.18150940662135E-0015
 2.90000000000000E+0001  -3.87233971285270E-0015
 3.00000000000000E+0001  -1.03611783893208E-0013
 3.10000000000000E+0001  -5.28923175782034E-0014
 3.20000000000000E+0001   1.01959261685962E-0012
 3.30000000000000E+0001   2.30264280912652E-0012
 3.40000000000000E+0001  -5.30720294483681E-0012
 3.50000000000000E+0001  -3.57199490433175E-0011
 3.60000000000000E+0001  -5.24136023136827E-0011
 3.70000000000000E+0001   1.60021212572436E-0010
 3.80000000000000E+0001   1.04116777166227E-0009
 3.90000000000000E+0001   2.66696817778545E-0009
 4.00000000000000E+0001   2.51148803269282E-0009
 4.10000000000000E+0001  -9.63702735542392E-0009
 4.20000000000000E+0001  -6.03129915120221E-0008
 4.30000000000000E+0001  -2.04036100817211E-0007
 4.40000000000000E+0001  -5.35854509098529E-0007
 4.50000000000000E+0001  -1.20127330645423E-0006
 4.60000000000000E+0001  -2.39960373084092E-0006
 4.70000000000000E+0001  -4.37748068456480E-0006
 4.80000000000000E+0001  -7.41108967680790E-0006
 4.90000000000000E+0001  -1.17780854057164E-0005
 5.00000000000000E+0001  -1.77226480371695E-0005
 5.10000000000000E+0001  -2.54189630320516E-0005
 5.20000000000000E+0001  -3.49391274166221E-0005
 5.30000000000000E+0001  -4.62308668735309E-0005
 5.40000000000000E+0001  -5.91086308938108E-0005
 5.50000000000000E+0001  -7.32590698093111E-0005
 5.60000000000000E+0001  -8.82592315886449E-0005
 5.70000000000000E+0001  -1.03603706062503E-0004
 5.80000000000000E+0001  -1.18735882985412E-0004
 5.90000000000000E+0001  -1.33078674277098E-0004
 6.00000000000000E+0001  -1.46061331116854E-0004
 6.10000000000000E+0001  -1.57140918500274E-0004
 6.20000000000000E+0001  -1.65818984482727E-0004
 6.30000000000000E+0001  -1.71655382464632E-0004
 6.40000000000000E+0001  -1.74281660638561E-0004
 6.50000000000000E+0001  -1.73415812897367E-0004
 6.60000000000000E+0001  -1.68878711492067E-0004
 6.70000000000000E+0001  -1.60610700684063E-0004
 6.80000000000000E+0001  -1.48685232673638E-0004
 6.90000000000000E+0001  -1.33315626312617E-0004
 7.00000000000000E+0001  -1.14851359601198E-0004
 7.10000000000000E+0001  -9.37617806473860E-0005
 7.20000000000000E+0001  -7.06074176133724E-0005
 7.30000000000000E+0001  -4.60016163767369E-0005
 7.40000000000000E+0001  -2.05673723304408E-0005
 7.50000000000000E+0001   5.10462235196167E-0006
 7.60000000000000E+0001   3.04908444278266E-0005
 7.70000000000000E+0001   5.51582816891695E-0005
 7.80000000000000E+0001   7.87741779420281E-0005
 7.90000000000000E+0001   1.01102801164517E-0004
 8.00000000000000E+0001   1.21992205966120E-0004
 8.10000000000000E+0001   1.41355403361971E-0004
 8.20000000000000E+0001   1.59150578694874E-0004
 8.30000000000000E+0001   1.75364046832026E-0004
 8.40000000000000E+0001   1.89997859826848E-0004
 8.50000000000000E+0001   2.03061958628021E-0004
 8.60000000000000E+0001   2.14569107825840E-0004
 8.70000000000000E+0001   2.24530060559338E-0004
 8.80000000000000E+0001   2.32946688162818E-0004
 8.90000000000000E+0001   2.39802062012904E-0004
 9.00000000000000E+0001   2.45048281674802E-0004
 9.10000000000000E+0001   2.48594615187441E-0004
 9.20000000000000E+0001   2.50299660915616E-0004
 9.30000000000000E+0001   2.49971332709860E-0004
 9.40000000000000E+0001   2.47377385298775E-0004
 9.50000000000000E+0001   2.42267149324679E-0004
 9.60000000000000E+0001   2.34402636110209E-0004
 9.70000000000000E+0001   2.23594852533255E-0004
 9.80000000000000E+0001   2.09739658274962E-0004
 9.90000000000000E+0001   1.92847220347288E-0004
 1.00000000000000E+0002   1.73060171609898E-0004
 1.01000000000000E+0002   1.50657709483982E-0004
 1.02000000000000E+0002   1.26045544927091E-0004
 1.03000000000000E+0002   9.97341608532491E-0005
 1.04000000000000E+0002   7.23096419117702E-0005
 1.05000000000000E+0002   4.44019885333857E-0005
 1.06000000000000E+0002   1.66552456294515E-0005
 1.07000000000000E+0002  -1.02977821352682E-0005
 1.08000000000000E+0002  -3.58554736373863E-0005
 1.09000000000000E+0002  -5.94630888073975E-0005
 1.10000000000000E+0002  -8.06264479398755E-0005
 1.11000000000000E+0002  -9.89259132064247E-0005
 1.12000000000000E+0002  -1.14032048313679E-0004
 1.13000000000000E+0002  -1.25722672235318E-0004
 1.14000000000000E+0002  -1.33899194176661E-0004
 1.15000000000000E+0002  -1.38598731072115E-0004
 1.16000000000000E+0002  -1.39998062750491E-0004
 1.17000000000000E+0002  -1.38406207340120E-0004
 1.18000000000000E+0002  -1.34244197779092E-0004
 1.19000000000000E+0002  -1.28013091895136E-0004
 1.20000000000000E+0002  -1.20253732881266E-0004
 1.21000000000000E+0002  -1.11503641143458E-0004
 1.22000000000000E+0002  -1.02257158458702E-0004
 1.23000000000000E+0002  -9.29343674319748E-0005
 1.24000000000000E+0002  -8.38625108447538E-0005
 1.25000000000000E+0002  -7.52710881168637E-0005
 1.26000000000000E+0002  -6.72991515668691E-0005
 1.27000000000000E+0002  -6.00112235631444E-0005
 1.28000000000000E+0002  -5.34172105413808E-0005
 1.29000000000000E+0002  -4.74919030122551E-0005
 1.30000000000000E+0002  -4.21909362579073E-0005
 1.31000000000000E+0002  -3.74619003791238E-0005
 1.32000000000000E+0002  -3.32509293220583E-0005
 1.33000000000000E+0002  -2.95060332784418E-0005
 1.34000000000000E+0002  -2.61785571588821E-0005
 1.35000000000000E+0002  -2.32237465421745E-0005
 1.36000000000000E+0002  -2.06009117766105E-0005
 1.37000000000000E+0002  -1.82733709909729E-0005
 1.38000000000000E+0002  -1.62082461150870E-0005
 1.39000000000000E+0002  -1.43761741359453E-0005
 1.40000000000000E+0002  -1.27509889816291E-0005
 1.41000000000000E+0002  -1.13094079207965E-0005
 1.42000000000000E+0002  -1.00307358576952E-0005
 1.43000000000000E+0002  -8.89659129479845E-0006
 1.44000000000000E+0002  -7.89065548024386E-0006
 1.45000000000000E+0002  -6.99844539156305E-0006
 1.46000000000000E+0002  -6.20710992950181E-0006
 1.47000000000000E+0002  -5.50524770930026E-0006
 1.48000000000000E+0002  -4.88274452704434E-0006
 1.49000000000000E+0002  -4.33062862940028E-0006
 1.50000000000000E+0002  -3.84094201635240E-0006
 1.51000000000000E+0002  -3.40662610446569E-0006
 1.52000000000000E+0002  -3.02142020217358E-0006
 1.53000000000000E+0002  -2.67977139326055E-0006
 1.54000000000000E+0002  -2.37675456751428E-0006
 1.55000000000000E+0002  -2.10800146880635E-0006
 1.56000000000000E+0002  -1.86963775107069E-0006
 1.57000000000000E+0002  -1.65822714261802E-0006
 1.58000000000000E+0002  -1.47072191864735E-0006
 1.59000000000000E+0002  -1.30441897086444E-0006
 1.60000000000000E+0002  -1.15692084261971E-0006
 1.61000000000000E+0002  -1.02610116886100E-0006
 1.62000000000000E+0002  -9.10074023290467E-0007
 1.63000000000000E+0002  -8.07166731196445E-0007
 1.64000000000000E+0002  -7.15895756244977E-0007
 1.65000000000000E+0002  -6.34945313740737E-0007
 1.66000000000000E+0002  -5.63148402119690E-0007
 1.67000000000000E+0002  -4.99469979265980E-0007
 1.68000000000000E+0002  -4.42992041147233E-0007
 1.69000000000000E+0002  -3.92900387675152E-0007
 1.70000000000000E+0002  -3.48472885014802E-0007
 1.71000000000000E+0002  -3.09069055134981E-0007
 1.72000000000000E+0002  -2.74120842523797E-0007
 1.73000000000000E+0002  -2.43124424962135E-0007
 1.74000000000000E+0002  -2.15632950298560E-0007
 1.75000000000000E+0002  -1.91250094518135E-0007
 1.76000000000000E+0002  -1.69624348236830E-0007
 1.77000000000000E+0002  -1.50443949254252E-0007
 1.78000000000000E+0002  -1.33432388111554E-0007
 1.79000000000000E+0002  -1.18344421861785E-0007
 1.80000000000000E+0002  -1.04962538585962E-0007
 1.81000000000000E+0002  -9.30938216865269E-0008
 1.82000000000000E+0002  -8.25671687531848E-0008
 1.83000000000000E+0002  -7.32308249075613E-0008
 1.84000000000000E+0002  -6.49501950667798E-0008
 1.85000000000000E+0002  -5.76059035868932E-0008
 1.86000000000000E+0002  -5.10920733133457E-0008
 1.87000000000000E+0002  -4.53147992291933E-0008
 1.88000000000000E+0002  -4.01907946969770E-0008
 1.89000000000000E+0002  -3.56461907776586E-0008
 1.90000000000000E+0002  -3.16154713172291E-0008
 1.91000000000000E+0002  -2.80405284493198E-0008
 1.92000000000000E+0002  -2.48698248976773E-0008
 1.93000000000000E+0002  -2.20576510018066E-0008
 1.94000000000000E+0002  -1.95634657549564E-0008
 1.95000000000000E+0002  -1.73513123547870E-0008
 1.96000000000000E+0002  -1.53892998410540E-0008
 1.97000000000000E+0002  -1.36491433474909E-0008
 1.98000000000000E+0002  -1.21057563400834E-0008
 1.99000000000000E+0002  -1.07368889632750E-0008
 2.00000000000000E+0002  -9.52280728038485E-0009
 2.01000000000000E+0002  -8.44600878418552E-0009
 2.02000000000000E+0002  -7.49097007721376E-0009
 2.03000000000000E+0002  -6.64392307561217E-0009
 2.04000000000000E+0002  -5.89265664949774E-0009
 2.05000000000000E+0002  -5.22633976629975E-0009
 2.06000000000000E+0002  -5.17831996021593E-0009
 2.07000000000000E+0002  -5.83851471586684E-0009
 2.08000000000000E+0002  -6.58287847550159E-0009
 2.09000000000000E+0002  -7.42214277952771E-0009
 2.10000000000000E+0002  -8.36840655709718E-0009
 2.11000000000000E+0002  -9.43531139065351E-0009
 2.12000000000000E+0002  -1.06382380481357E-0008
 2.13000000000000E+0002  -1.19945282231073E-0008
 2.14000000000000E+0002  -1.35237345361445E-0008
 2.15000000000000E+0002  -1.52479024104031E-0008
 2.16000000000000E+0002  -1.71918878839531E-0008
 2.17000000000000E+0002  -1.93837159406006E-0008
 2.18000000000000E+0002  -2.18549845252037E-0008
 2.19000000000000E+0002  -2.46413200677983E-0008
 2.20000000000000E+0002  -2.77828910831048E-0008
 2.21000000000000E+0002  -3.13249872497114E-0008
 2.22000000000000E+0002  -3.53186723174766E-0008
 2.23000000000000E+0002  -3.98215202555214E-0008
 2.24000000000000E+0002  -4.48984452531220E-0008
 2.25000000000000E+0002  -5.06226375389824E-0008
 2.26000000000000E+0002  -5.70766185099694E-0008
 2.27000000000000E+0002  -6.43534303802965E-0008
 2.28000000000000E+0002  -7.25579775015040E-0008
 2.29000000000000E+0002  -8.18085386901053E-0008
 2.30000000000000E+0002  -9.22384723648369E-0008
 2.31000000000000E+0002  -1.03998139075027E-0007
 2.32000000000000E+0002  -1.17257069136076E-0007
 2.33000000000000E+0002  -1.32206406621270E-0007
 2.34000000000000E+0002  -1.49061664942986E-0007
 2.35000000000000E+0002  -1.68065833748356E-0007
 2.36000000000000E+0002  -1.89492881919259E-0007
 2.37000000000000E+0002  -2.13651707176960E-0007
 2.38000000000000E+0002  -2.40890589229744E-0007
 2.39000000000000E+0002  -2.71602210661316E-0007
 2.40000000000000E+0002  -3.06229317942894E-0007
 2.41000000000000E+0002  -3.45271104179562E-0007
 2.42000000000000E+0002  -3.89290405606232E-0007
 2.43000000000000E+0002  -4.38921815581356E-0007
 2.44000000000000E+0002  -4.94880833052358E-0007
 2.45000000000000E+0002  -5.57974177381314E-0007
 2.46000000000000E+0002  -6.29111418236142E-0007
 2.47000000000000E+0002  -7.09318088212393E-0007
 2.48000000000000E+0002  -7.99750467229808E-0007
 2.49000000000000E+0002  -9.01712251855745E-0007
 2.50000000000000E+0002  -1.01667334989211E-0006
 2.51000000000000E+0002  -1.14629107121939E-0006
 2.52000000000000E+0002  -1.29243402046531E-0006
 2.53000000000000E+0002  -1.45720903606735E-0006
 2.54000000000000E+0002  -1.64299156430396E-0006
 2.55000000000000E+0002  -1.85245990653316E-0006
 2.56000000000000E+0002  -2.08863383393697E-0006
 2.57000000000000E+0002  -2.35491812742209E-0006
 2.58000000000000E+0002  -2.65515167206138E-0006
 2.59000000000000E+0002  -2.99366281670569E-0006
 2.60000000000000E+0002  -3.37533180127078E-0006
 2.61000000000000E+0002  -3.80566115881776E-0006
 2.62000000000000E+0002  -4.29085512087961E-0006
 2.63000000000000E+0002  -4.83790919506893E-0006
 2.64000000000000E+0002  -5.45471124092164E-0006
 2.65000000000000E+0002  -6.15015554866527E-0006
 2.66000000000000E+0002  -6.93427166461259E-0006
 2.67000000000000E+0002  -7.81837003848265E-0006
 2.68000000000000E+0002  -8.81520691038733E-0006
 2.69000000000000E+0002  -9.93917111189824E-0006
 2.70000000000000E+0002  -1.12064959847415E-0005
 2.71000000000000E+0002  -1.26355012013750E-0005
 2.72000000000000E+0002  -1.42468715008388E-0005
 2.73000000000000E+0002  -1.60639796998483E-0005
 2.74000000000000E+0002  -1.81132597717825E-0005
 2.75000000000000E+0002  -2.04246416210231E-0005
 2.76000000000000E+0002  -2.30320830295170E-0005
 2.77000000000000E+0002  -2.59742610687501E-0005
 2.78000000000000E+0002  -2.92954721438411E-0005
 2.79000000000000E+0002  -3.30467380756876E-0005
 2.80000000000000E+0002  -3.72871553659962E-0005
 2.81000000000000E+0002  -4.20858355977681E-0005
 2.82000000000000E+0002  -4.75253047637305E-0005
 2.83000000000000E+0002  -5.37074500265496E-0005
 2.84000000000000E+0002  -6.07623455149539E-0005
 2.85000000000000E+0002  -6.88583813759246E-0005
 2.86000000000000E+0002  -7.82098176653751E-0005
 2.87000000000000E+0002  -8.90765094016392E-0005
 2.88000000000000E+0002  -1.01751109791283E-0004
 2.89000000000000E+0002  -1.16531625465749E-0004
 2.90000000000000E+0002  -1.33680963639227E-0004
 2.91000000000000E+0002  -1.53378886086966E-0004
 2.92000000000000E+0002  -1.75674461226863E-0004
 2.93000000000000E+0002  -2.00447925254235E-0004
 2.94000000000000E+0002  -2.27389558568030E-0004
 2.95000000000000E+0002  -2.56000039707325E-0004
 2.96000000000000E+0002  -2.85612533168601E-0004
 2.97000000000000E+0002  -3.15432564709500E-0004
 2.98000000000000E+0002  -3.44588595935507E-0004
 2.99000000000000E+0002  -3.72184888260289E-0004
 3.00000000000000E+0002  -3.97348999788608E-0004
 3.01000000000000E+0002  -4.19268774806013E-0004
 3.02000000000000E+0002  -4.37217179850032E-0004
 3.03000000000000E+0002  -4.50566783501386E-0004
 3.04000000000000E+0002  -4.58798089359601E-0004
 3.05000000000000E+0002  -4.61506660807824E-0004
 3.06000000000000E+0002  -4.58412879735357E-0004
 3.07000000000000E+0002  -4.49375662787001E-0004
 3.08000000000000E+0002  -4.34408346439555E-0004
 3.09000000000000E+0002  -4.13692257186349E-0004
 3.10000000000000E+0002  -3.87582103374976E-0004
 3.11000000000000E+0002  -3.56597782234872E-0004
 3.12000000000000E+0002  -3.21399477431276E-0004
 3.13000000000000E+0002  -2.82746479010430E-0004
 3.14000000000000E+0002  -2.41444049732638E-0004
 3.15000000000000E+0002  -1.98285822641999E-0004
 3.16000000000000E+0002  -1.54000749464744E-0004
 3.17000000000000E+0002  -1.09213058900475E-0004
 3.18000000000000E+0002  -6.44211201702004E-0005
 3.19000000000000E+0002  -1.99971726482915E-0005
 3.20000000000000E+0002   2.37944224445010E-0005
 3.21000000000000E+0002   6.67663336441384E-0005
 3.22000000000000E+0002   1.08772710679134E-0004
 3.23000000000000E+0002   1.49676755557069E-0004
 3.24000000000000E+0002   1.89327234813977E-0004
 3.25000000000000E+0002   2.27546481557813E-0004
 3.26000000000000E+0002   2.64128867146893E-0004
 3.27000000000000E+0002   2.98845887170194E-0004
 3.28000000000000E+0002   3.31452692442927E-0004
 3.29000000000000E+0002   3.61691426894544E-0004
 3.30000000000000E+0002   3.89288882605642E-0004
 3.31000000000000E+0002   4.13949038426094E-0004
 3.32000000000000E+0002   4.35344029981242E-0004
 3.33000000000000E+0002   4.53109036538003E-0004
 3.34000000000000E+0002   4.66846792497377E-0004
 3.35000000000000E+0002   4.76145763086872E-0004
 3.36000000000000E+0002   4.80612844523102E-0004
 3.37000000000000E+0002   4.79917591963959E-0004
 3.38000000000000E+0002   4.73841500665401E-0004
 3.39000000000000E+0002   4.62323750510998E-0004
 3.40000000000000E+0002   4.45494703920924E-0004
 3.41000000000000E+0002   4.23690422132273E-0004
 3.42000000000000E+0002   3.97445069842394E-0004
 3.43000000000000E+0002   3.67462408041101E-0004
 3.44000000000000E+0002   3.34571532450909E-0004
 3.45000000000000E+0002   2.99674612866590E-0004
 3.46000000000000E+0002   2.63695019077217E-0004
 3.47000000000000E+0002   2.27532816892859E-0004
 3.48000000000000E+0002   1.92031671021953E-0004
 3.49000000000000E+0002   1.57957596442182E-0004
 3.50000000000000E+0002   1.25986802896606E-0004
 3.51000000000000E+0002   9.66979764250556E-0005
 3.52000000000000E+0002   7.05642335126074E-0005
 3.53000000000000E+0002   4.79416239703924E-0005
 3.54000000000000E+0002   2.90538824058150E-0005
 3.55000000000000E+0002   1.39762145599465E-0005
 3.56000000000000E+0002   2.62324759880849E-0006
 3.57000000000000E+0002  -5.25292522188114E-0006
 3.58000000000000E+0002  -1.00497693584489E-0005
 3.59000000000000E+0002  -1.22843581364762E-0005
 3.60000000000000E+0002  -1.25481858384117E-0005
 3.61000000000000E+0002  -1.14522482876265E-0005
 3.62000000000000E+0002  -9.57059563892515E-0006
 3.63000000000000E+0002  -7.39142370708044E-0006
 3.64000000000000E+0002  -5.28350172765141E-0006
 3.65000000000000E+0002  -3.48261824713035E-0006
 3.66000000000000E+0002  -2.09854547879497E-0006
 3.67000000000000E+0002  -1.13884289982060E-0006
 3.68000000000000E+0002  -5.42694078849050E-0007
 3.69000000000000E+0002  -2.16642816629947E-0007
 3.70000000000000E+0002  -6.48242071580333E-0008
 3.71000000000000E+0002  -8.79826733937672E-0009
 3.72000000000000E+0002   4.37088818200550E-0009
 3.73000000000000E+0002   3.70215350954845E-0009
 3.74000000000000E+0002   1.27473298734804E-0009
 3.75000000000000E+0002   9.60405353434548E-0011
 3.76000000000000E+0002  -1.17786739579764E-0010
 3.77000000000000E+0002  -5.05351996140476E-0011
 3.78000000000000E+0002  -7.99848906467004E-0013
 3.79000000000000E+0002   5.41873284379684E-0012
 3.80000000000000E+0002   1.08309109426270E-0012
 3.81000000000000E+0002  -4.19788859714498E-0013
 3.82000000000000E+0002  -1.49295824399701E-0013
 3.83000000000000E+0002   3.44260728311472E-0014
 3.84000000000000E+0002   1.46581223798705E-0014
 3.85000000000000E+0002  -3.73131915452223E-0015
 3.86000000000000E+0002  -1.06832194855689E-0015
 3.87000000000000E+0002   4.49330900052017E-0016
 3.88000000000000E+0002   2.64926474580447E-0017
 3.89000000000000E+0002  -4.24524293591981E-0017
 3.90000000000000E+0002   6.92941465503909E-0018
 3.91000000000000E+0002   1.64285923601755E-0018
 3.92000000000000E+0002  -9.81419782600125E-0019
 3.93000000000000E+0002   1.77852609617374E-0019
 3.94000000000000E+0002   1.06274009270640E-0020
 3.95000000000000E+0002  -1.58870983257263E-0020
 3.96000000000000E+0002   0.00000000000000E+0000
 3.97000000000000E+0002   0.00000000000000E+0000
 3.98000000000000E+0002   0.00000000000000E+0000
 3.99000000000000E+0002   0.00000000000000E+0000
 4.00000000000000E+0002   0.00000000000000E+0000

