 0.00000000000000E+0000   0.00000000000000E+0000
 1.00000000000000E+0000   0.00000000000000E+0000
 2.00000000000000E+0000   0.00000000000000E+0000
 3.00000000000000E+0000   0.00000000000000E+0000
 4.00000000000000E+0000   0.00000000000000E+0000
 5.00000000000000E+0000   0.00000000000000E+0000
 6.00000000000000E+0000   0.00000000000000E+0000
 7.00000000000000E+0000   0.00000000000000E+0000
 8.00000000000000E+0000   0.00000000000000E+0000
 9.00000000000000E+0000   0.00000000000000E+0000
 1.00000000000000E+0001   0.00000000000000E+0000
 1.10000000000000E+0001   0.00000000000000E+0000
 1.20000000000000E+0001   0.00000000000000E+0000
 1.30000000000000E+0001   0.00000000000000E+0000
 1.40000000000000E+0001   0.00000000000000E+0000
 1.50000000000000E+0001   0.00000000000000E+0000
 1.60000000000000E+0001   0.00000000000000E+0000
 1.70000000000000E+0001   0.00000000000000E+0000
 1.80000000000000E+0001   0.00000000000000E+0000
 1.90000000000000E+0001   0.00000000000000E+0000
 2.00000000000000E+0001   0.00000000000000E+0000
 2.10000000000000E+0001   0.00000000000000E+0000
 2.20000000000000E+0001   0.00000000000000E+0000
 2.30000000000000E+0001   0.00000000000000E+0000
 2.40000000000000E+0001   0.00000000000000E+0000
 2.50000000000000E+0001   0.00000000000000E+0000
 2.60000000000000E+0001   0.00000000000000E+0000
 2.70000000000000E+0001   0.00000000000000E+0000
 2.80000000000000E+0001   0.00000000000000E+0000
 2.90000000000000E+0001   0.00000000000000E+0000
 3.00000000000000E+0001   0.00000000000000E+0000
 3.10000000000000E+0001   0.00000000000000E+0000
 3.20000000000000E+0001   0.00000000000000E+0000
 3.30000000000000E+0001   0.00000000000000E+0000
 3.40000000000000E+0001   0.00000000000000E+0000
 3.50000000000000E+0001   0.00000000000000E+0000
 3.60000000000000E+0001   0.00000000000000E+0000
 3.70000000000000E+0001   0.00000000000000E+0000
 3.80000000000000E+0001   0.00000000000000E+0000
 3.90000000000000E+0001   0.00000000000000E+0000
 4.00000000000000E+0001   0.00000000000000E+0000
 4.10000000000000E+0001   0.00000000000000E+0000
 4.20000000000000E+0001   0.00000000000000E+0000
 4.30000000000000E+0001   0.00000000000000E+0000
 4.40000000000000E+0001   0.00000000000000E+0000
 4.50000000000000E+0001   0.00000000000000E+0000
 4.60000000000000E+0001   0.00000000000000E+0000
 4.70000000000000E+0001   0.00000000000000E+0000
 4.80000000000000E+0001   0.00000000000000E+0000
 4.90000000000000E+0001   0.00000000000000E+0000
 5.00000000000000E+0001   0.00000000000000E+0000
 5.10000000000000E+0001   0.00000000000000E+0000
 5.20000000000000E+0001   0.00000000000000E+0000
 5.30000000000000E+0001   0.00000000000000E+0000
 5.40000000000000E+0001   0.00000000000000E+0000
 5.50000000000000E+0001   0.00000000000000E+0000
 5.60000000000000E+0001   0.00000000000000E+0000
 5.70000000000000E+0001   0.00000000000000E+0000
 5.80000000000000E+0001   0.00000000000000E+0000
 5.90000000000000E+0001   0.00000000000000E+0000
 6.00000000000000E+0001   0.00000000000000E+0000
 6.10000000000000E+0001   0.00000000000000E+0000
 6.20000000000000E+0001   0.00000000000000E+0000
 6.30000000000000E+0001   0.00000000000000E+0000
 6.40000000000000E+0001   0.00000000000000E+0000
 6.50000000000000E+0001   0.00000000000000E+0000
 6.60000000000000E+0001   0.00000000000000E+0000
 6.70000000000000E+0001   0.00000000000000E+0000
 6.80000000000000E+0001   0.00000000000000E+0000
 6.90000000000000E+0001   0.00000000000000E+0000
 7.00000000000000E+0001   0.00000000000000E+0000
 7.10000000000000E+0001   0.00000000000000E+0000
 7.20000000000000E+0001   0.00000000000000E+0000
 7.30000000000000E+0001   0.00000000000000E+0000
 7.40000000000000E+0001   0.00000000000000E+0000
 7.50000000000000E+0001   0.00000000000000E+0000
 7.60000000000000E+0001   0.00000000000000E+0000
 7.70000000000000E+0001   0.00000000000000E+0000
 7.80000000000000E+0001   0.00000000000000E+0000
 7.90000000000000E+0001   0.00000000000000E+0000
 8.00000000000000E+0001   0.00000000000000E+0000
 8.10000000000000E+0001   0.00000000000000E+0000
 8.20000000000000E+0001   0.00000000000000E+0000
 8.30000000000000E+0001   0.00000000000000E+0000
 8.40000000000000E+0001   0.00000000000000E+0000
 8.50000000000000E+0001   0.00000000000000E+0000
 8.60000000000000E+0001   0.00000000000000E+0000
 8.70000000000000E+0001   0.00000000000000E+0000
 8.80000000000000E+0001   0.00000000000000E+0000
 8.90000000000000E+0001   0.00000000000000E+0000
 9.00000000000000E+0001   0.00000000000000E+0000
 9.10000000000000E+0001   0.00000000000000E+0000
 9.20000000000000E+0001  -1.45919902016064E-0019
 9.30000000000000E+0001  -2.47049011162726E-0012
 9.40000000000000E+0001  -2.23011006326087E-0010
 9.50000000000000E+0001  -3.30566178925021E-0009
 9.60000000000000E+0001  -2.24918537105554E-0008
 9.70000000000000E+0001  -9.86192439273960E-0008
 9.80000000000000E+0001  -3.25292017338256E-0007
 9.90000000000000E+0001  -8.77682509266326E-0007
 1.00000000000000E+0002  -2.03751894644746E-0006
 1.01000000000000E+0002  -4.20585427476712E-0006
 1.02000000000000E+0002  -7.89662756904746E-0006
 1.03000000000000E+0002  -1.37075829119423E-0005
 1.04000000000000E+0002  -2.22699466744443E-0005
 1.05000000000000E+0002  -3.41831444961937E-0005
 1.06000000000000E+0002  -4.99444823268733E-0005
 1.07000000000000E+0002  -6.98851520228803E-0005
 1.08000000000000E+0002  -9.41227632683664E-0005
 1.09000000000000E+0002  -1.22537151901141E-0004
 1.10000000000000E+0002  -1.54771377848794E-0004
 1.11000000000000E+0002  -1.90254865135500E-0004
 1.12000000000000E+0002  -2.28241817026917E-0004
 1.13000000000000E+0002  -2.67856281989841E-0004
 1.14000000000000E+0002  -3.08135877478103E-0004
 1.15000000000000E+0002  -3.48068850961440E-0004
 1.16000000000000E+0002  -3.86622959422930E-0004
 1.17000000000000E+0002  -4.22768373167082E-0004
 1.18000000000000E+0002  -4.55499306512037E-0004
 1.19000000000000E+0002  -4.83859584592842E-0004
 1.20000000000000E+0002  -5.06975718098135E-0004
 1.21000000000000E+0002  -5.24097774875674E-0004
 1.22000000000000E+0002  -5.34644416472857E-0004
 1.23000000000000E+0002  -5.38245134483126E-0004
 1.24000000000000E+0002  -5.34771064673121E-0004
 1.25000000000000E+0002  -5.24346409397723E-0004
 1.26000000000000E+0002  -5.07335447557352E-0004
 1.27000000000000E+0002  -4.84304688391158E-0004
 1.28000000000000E+0002  -4.55964785449559E-0004
 1.29000000000000E+0002  -4.23101061208206E-0004
 1.30000000000000E+0002  -3.86503790365537E-0004
 1.31000000000000E+0002  -3.46909147051098E-0004
 1.32000000000000E+0002  -3.04959008811319E-0004
 1.33000000000000E+0002  -2.61183354040632E-0004
 1.34000000000000E+0002  -2.16003968001493E-0004
 1.35000000000000E+0002  -1.69753889738043E-0004
 1.36000000000000E+0002  -1.22704557181816E-0004
 1.37000000000000E+0002  -7.50924828170217E-0005
 1.38000000000000E+0002  -2.71393909451094E-0005
 1.39000000000000E+0002   2.09366776090398E-0005
 1.40000000000000E+0002   6.89178821756066E-0005
 1.41000000000000E+0002   1.16586282883990E-0004
 1.42000000000000E+0002   1.63721064258759E-0004
 1.43000000000000E+0002   2.10088570967894E-0004
 1.44000000000000E+0002   2.55423280812932E-0004
 1.45000000000000E+0002   2.99401697157854E-0004
 1.46000000000000E+0002   3.41614829779893E-0004
 1.47000000000000E+0002   3.81547275590715E-0004
 1.48000000000000E+0002   4.18571094271295E-0004
 1.49000000000000E+0002   4.51960485205325E-0004
 1.50000000000000E+0002   4.80929171251634E-0004
 1.51000000000000E+0002   5.04687396911967E-0004
 1.52000000000000E+0002   5.22510846810590E-0004
 1.53000000000000E+0002   5.33810799921385E-0004
 1.54000000000000E+0002   5.38194254567691E-0004
 1.55000000000000E+0002   5.35504749508462E-0004
 1.56000000000000E+0002   5.25838644910350E-0004
 1.57000000000000E+0002   5.09536653387788E-0004
 1.58000000000000E+0002   4.87155122014053E-0004
 1.59000000000000E+0002   4.59424775221612E-0004
 1.60000000000000E+0002   4.27205592741942E-0004
 1.61000000000000E+0002   3.91445114808954E-0004
 1.62000000000000E+0002   3.53144295685154E-0004
 1.63000000000000E+0002   3.13331111994154E-0004
 1.64000000000000E+0002   2.73038702530039E-0004
 1.65000000000000E+0002   2.33282925476383E-0004
 1.66000000000000E+0002   1.95034443368233E-0004
 1.67000000000000E+0002   1.59182717503318E-0004
 1.68000000000000E+0002   1.26492919089605E-0004
 1.69000000000000E+0002   9.75606264993737E-0005
 1.70000000000000E+0002   7.27720568458426E-0005
 1.71000000000000E+0002   5.22785082101503E-0005
 1.72000000000000E+0002   3.59922356752226E-0005
 1.73000000000000E+0002   2.36073900251727E-0005
 1.74000000000000E+0002   1.46447674988656E-0005
 1.75000000000000E+0002   8.51419148443584E-0006
 1.76000000000000E+0002   4.58465498676812E-0006
 1.77000000000000E+0002   2.25086660945109E-0006
 1.78000000000000E+0002   9.85951501481880E-0007
 1.79000000000000E+0002   3.73461240700159E-0007
 1.80000000000000E+0002   1.16636076457316E-0007
 1.81000000000000E+0002   2.77788778139831E-0008
 1.82000000000000E+0002   4.37812314638524E-0009
 1.83000000000000E+0002   3.37424105302936E-0010
 1.84000000000000E+0002   5.35482034815799E-0012
 1.85000000000000E+0002   4.44382288071094E-0017
 1.86000000000000E+0002   0.00000000000000E+0000
 1.87000000000000E+0002   0.00000000000000E+0000
 1.88000000000000E+0002   0.00000000000000E+0000
 1.89000000000000E+0002   0.00000000000000E+0000
 1.90000000000000E+0002   0.00000000000000E+0000
 1.91000000000000E+0002   0.00000000000000E+0000
 1.92000000000000E+0002   0.00000000000000E+0000
 1.93000000000000E+0002   0.00000000000000E+0000
 1.94000000000000E+0002   0.00000000000000E+0000
 1.95000000000000E+0002   0.00000000000000E+0000
 1.96000000000000E+0002   0.00000000000000E+0000
 1.97000000000000E+0002   0.00000000000000E+0000
 1.98000000000000E+0002   0.00000000000000E+0000
 1.99000000000000E+0002   0.00000000000000E+0000
 2.00000000000000E+0002   0.00000000000000E+0000
 2.01000000000000E+0002   0.00000000000000E+0000
 2.02000000000000E+0002   0.00000000000000E+0000
 2.03000000000000E+0002   0.00000000000000E+0000
 2.04000000000000E+0002   0.00000000000000E+0000
 2.05000000000000E+0002   0.00000000000000E+0000
 2.06000000000000E+0002   0.00000000000000E+0000
 2.07000000000000E+0002   0.00000000000000E+0000
 2.08000000000000E+0002   0.00000000000000E+0000
 2.09000000000000E+0002   0.00000000000000E+0000
 2.10000000000000E+0002   0.00000000000000E+0000
 2.11000000000000E+0002   0.00000000000000E+0000
 2.12000000000000E+0002   0.00000000000000E+0000
 2.13000000000000E+0002   0.00000000000000E+0000
 2.14000000000000E+0002   0.00000000000000E+0000
 2.15000000000000E+0002   0.00000000000000E+0000
 2.16000000000000E+0002   0.00000000000000E+0000
 2.17000000000000E+0002   0.00000000000000E+0000
 2.18000000000000E+0002   0.00000000000000E+0000
 2.19000000000000E+0002   0.00000000000000E+0000
 2.20000000000000E+0002   0.00000000000000E+0000
 2.21000000000000E+0002   0.00000000000000E+0000
 2.22000000000000E+0002   0.00000000000000E+0000
 2.23000000000000E+0002   0.00000000000000E+0000
 2.24000000000000E+0002   0.00000000000000E+0000
 2.25000000000000E+0002   0.00000000000000E+0000
 2.26000000000000E+0002   0.00000000000000E+0000
 2.27000000000000E+0002   0.00000000000000E+0000
 2.28000000000000E+0002   0.00000000000000E+0000
 2.29000000000000E+0002   0.00000000000000E+0000
 2.30000000000000E+0002   0.00000000000000E+0000
 2.31000000000000E+0002   0.00000000000000E+0000
 2.32000000000000E+0002   0.00000000000000E+0000
 2.33000000000000E+0002   0.00000000000000E+0000
 2.34000000000000E+0002   0.00000000000000E+0000
 2.35000000000000E+0002   0.00000000000000E+0000
 2.36000000000000E+0002   0.00000000000000E+0000
 2.37000000000000E+0002   0.00000000000000E+0000
 2.38000000000000E+0002   0.00000000000000E+0000
 2.39000000000000E+0002   0.00000000000000E+0000
 2.40000000000000E+0002   0.00000000000000E+0000
 2.41000000000000E+0002   0.00000000000000E+0000
 2.42000000000000E+0002   0.00000000000000E+0000
 2.43000000000000E+0002   0.00000000000000E+0000
 2.44000000000000E+0002   0.00000000000000E+0000
 2.45000000000000E+0002   0.00000000000000E+0000
 2.46000000000000E+0002   0.00000000000000E+0000
 2.47000000000000E+0002   0.00000000000000E+0000
 2.48000000000000E+0002   0.00000000000000E+0000
 2.49000000000000E+0002   0.00000000000000E+0000
 2.50000000000000E+0002   0.00000000000000E+0000
 2.51000000000000E+0002   0.00000000000000E+0000
 2.52000000000000E+0002   0.00000000000000E+0000
 2.53000000000000E+0002   0.00000000000000E+0000
 2.54000000000000E+0002   0.00000000000000E+0000
 2.55000000000000E+0002   0.00000000000000E+0000
 2.56000000000000E+0002   0.00000000000000E+0000
 2.57000000000000E+0002   0.00000000000000E+0000
 2.58000000000000E+0002   0.00000000000000E+0000
 2.59000000000000E+0002   0.00000000000000E+0000
 2.60000000000000E+0002   0.00000000000000E+0000
 2.61000000000000E+0002   0.00000000000000E+0000
 2.62000000000000E+0002   0.00000000000000E+0000
 2.63000000000000E+0002   0.00000000000000E+0000
 2.64000000000000E+0002   0.00000000000000E+0000
 2.65000000000000E+0002   0.00000000000000E+0000
 2.66000000000000E+0002   0.00000000000000E+0000
 2.67000000000000E+0002   0.00000000000000E+0000
 2.68000000000000E+0002   0.00000000000000E+0000
 2.69000000000000E+0002   0.00000000000000E+0000
 2.70000000000000E+0002   0.00000000000000E+0000
 2.71000000000000E+0002   0.00000000000000E+0000
 2.72000000000000E+0002   0.00000000000000E+0000
 2.73000000000000E+0002   0.00000000000000E+0000
 2.74000000000000E+0002   0.00000000000000E+0000
 2.75000000000000E+0002   0.00000000000000E+0000
 2.76000000000000E+0002   0.00000000000000E+0000
 2.77000000000000E+0002   0.00000000000000E+0000
 2.78000000000000E+0002   0.00000000000000E+0000
 2.79000000000000E+0002   0.00000000000000E+0000
 2.80000000000000E+0002   0.00000000000000E+0000
 2.81000000000000E+0002   0.00000000000000E+0000
 2.82000000000000E+0002   0.00000000000000E+0000
 2.83000000000000E+0002   0.00000000000000E+0000
 2.84000000000000E+0002   0.00000000000000E+0000
 2.85000000000000E+0002   0.00000000000000E+0000
 2.86000000000000E+0002   0.00000000000000E+0000
 2.87000000000000E+0002   0.00000000000000E+0000
 2.88000000000000E+0002   0.00000000000000E+0000
 2.89000000000000E+0002   0.00000000000000E+0000
 2.90000000000000E+0002   0.00000000000000E+0000
 2.91000000000000E+0002   0.00000000000000E+0000
 2.92000000000000E+0002   0.00000000000000E+0000
 2.93000000000000E+0002   0.00000000000000E+0000
 2.94000000000000E+0002   0.00000000000000E+0000
 2.95000000000000E+0002   0.00000000000000E+0000
 2.96000000000000E+0002   0.00000000000000E+0000
 2.97000000000000E+0002   0.00000000000000E+0000
 2.98000000000000E+0002   0.00000000000000E+0000
 2.99000000000000E+0002   0.00000000000000E+0000
 3.00000000000000E+0002   0.00000000000000E+0000
 3.01000000000000E+0002   0.00000000000000E+0000
 3.02000000000000E+0002   0.00000000000000E+0000
 3.03000000000000E+0002   0.00000000000000E+0000
 3.04000000000000E+0002   0.00000000000000E+0000
 3.05000000000000E+0002   0.00000000000000E+0000
 3.06000000000000E+0002   0.00000000000000E+0000
 3.07000000000000E+0002   0.00000000000000E+0000
 3.08000000000000E+0002   0.00000000000000E+0000
 3.09000000000000E+0002   0.00000000000000E+0000
 3.10000000000000E+0002   0.00000000000000E+0000
 3.11000000000000E+0002   0.00000000000000E+0000
 3.12000000000000E+0002   0.00000000000000E+0000
 3.13000000000000E+0002   0.00000000000000E+0000
 3.14000000000000E+0002   0.00000000000000E+0000
 3.15000000000000E+0002   0.00000000000000E+0000
 3.16000000000000E+0002   0.00000000000000E+0000
 3.17000000000000E+0002   0.00000000000000E+0000
 3.18000000000000E+0002   0.00000000000000E+0000
 3.19000000000000E+0002   0.00000000000000E+0000
 3.20000000000000E+0002   0.00000000000000E+0000
 3.21000000000000E+0002   0.00000000000000E+0000
 3.22000000000000E+0002   0.00000000000000E+0000
 3.23000000000000E+0002   0.00000000000000E+0000
 3.24000000000000E+0002   0.00000000000000E+0000
 3.25000000000000E+0002   0.00000000000000E+0000
 3.26000000000000E+0002   0.00000000000000E+0000
 3.27000000000000E+0002   0.00000000000000E+0000
 3.28000000000000E+0002   0.00000000000000E+0000
 3.29000000000000E+0002   0.00000000000000E+0000
 3.30000000000000E+0002   0.00000000000000E+0000
 3.31000000000000E+0002   0.00000000000000E+0000
 3.32000000000000E+0002   0.00000000000000E+0000
 3.33000000000000E+0002   0.00000000000000E+0000
 3.34000000000000E+0002   0.00000000000000E+0000
 3.35000000000000E+0002   0.00000000000000E+0000
 3.36000000000000E+0002   0.00000000000000E+0000
 3.37000000000000E+0002   0.00000000000000E+0000
 3.38000000000000E+0002   0.00000000000000E+0000
 3.39000000000000E+0002   0.00000000000000E+0000
 3.40000000000000E+0002   0.00000000000000E+0000
 3.41000000000000E+0002   0.00000000000000E+0000
 3.42000000000000E+0002   0.00000000000000E+0000
 3.43000000000000E+0002   0.00000000000000E+0000
 3.44000000000000E+0002   0.00000000000000E+0000
 3.45000000000000E+0002   0.00000000000000E+0000
 3.46000000000000E+0002   0.00000000000000E+0000
 3.47000000000000E+0002   0.00000000000000E+0000
 3.48000000000000E+0002   0.00000000000000E+0000
 3.49000000000000E+0002   0.00000000000000E+0000
 3.50000000000000E+0002   0.00000000000000E+0000
 3.51000000000000E+0002   0.00000000000000E+0000
 3.52000000000000E+0002   0.00000000000000E+0000
 3.53000000000000E+0002   0.00000000000000E+0000
 3.54000000000000E+0002   0.00000000000000E+0000
 3.55000000000000E+0002   0.00000000000000E+0000
 3.56000000000000E+0002   0.00000000000000E+0000
 3.57000000000000E+0002   0.00000000000000E+0000
 3.58000000000000E+0002   0.00000000000000E+0000
 3.59000000000000E+0002   0.00000000000000E+0000
 3.60000000000000E+0002   0.00000000000000E+0000
 3.61000000000000E+0002   0.00000000000000E+0000
 3.62000000000000E+0002   0.00000000000000E+0000
 3.63000000000000E+0002   0.00000000000000E+0000
 3.64000000000000E+0002   0.00000000000000E+0000
 3.65000000000000E+0002   0.00000000000000E+0000
 3.66000000000000E+0002   0.00000000000000E+0000
 3.67000000000000E+0002   0.00000000000000E+0000
 3.68000000000000E+0002   0.00000000000000E+0000
 3.69000000000000E+0002   0.00000000000000E+0000
 3.70000000000000E+0002   0.00000000000000E+0000
 3.71000000000000E+0002   0.00000000000000E+0000
 3.72000000000000E+0002   0.00000000000000E+0000
 3.73000000000000E+0002   0.00000000000000E+0000
 3.74000000000000E+0002   0.00000000000000E+0000
 3.75000000000000E+0002   0.00000000000000E+0000
 3.76000000000000E+0002   0.00000000000000E+0000
 3.77000000000000E+0002   0.00000000000000E+0000
 3.78000000000000E+0002   0.00000000000000E+0000
 3.79000000000000E+0002   0.00000000000000E+0000
 3.80000000000000E+0002   0.00000000000000E+0000
 3.81000000000000E+0002   0.00000000000000E+0000
 3.82000000000000E+0002   0.00000000000000E+0000
 3.83000000000000E+0002   0.00000000000000E+0000
 3.84000000000000E+0002   0.00000000000000E+0000
 3.85000000000000E+0002   0.00000000000000E+0000
 3.86000000000000E+0002   0.00000000000000E+0000
 3.87000000000000E+0002   0.00000000000000E+0000
 3.88000000000000E+0002   0.00000000000000E+0000
 3.89000000000000E+0002   0.00000000000000E+0000
 3.90000000000000E+0002   0.00000000000000E+0000
 3.91000000000000E+0002   0.00000000000000E+0000
 3.92000000000000E+0002   0.00000000000000E+0000
 3.93000000000000E+0002   0.00000000000000E+0000
 3.94000000000000E+0002   0.00000000000000E+0000
 3.95000000000000E+0002   0.00000000000000E+0000
 3.96000000000000E+0002   0.00000000000000E+0000
 3.97000000000000E+0002   0.00000000000000E+0000
 3.98000000000000E+0002   0.00000000000000E+0000
 3.99000000000000E+0002   0.00000000000000E+0000
 4.00000000000000E+0002   0.00000000000000E+0000

