   0.000000e+00
   0.000000e+00
  -2.701824e-15
  -2.443773e-15
  -1.127946e-15
   7.250132e-16
   2.142770e-15
   2.570921e-15
   2.465018e-15
   2.944201e-15
   4.531610e-15
   6.053794e-15
   5.042263e-15
  -1.985745e-16
  -8.518062e-15
  -1.599277e-14
  -1.846003e-14
  -1.435393e-14
  -5.449683e-15
   4.489217e-15
   1.116000e-14
   1.022441e-14
  -1.844917e-15
  -2.537058e-14
  -5.523234e-14
  -8.211193e-14
  -9.776103e-14
  -1.002689e-13
  -9.451379e-14
  -8.744199e-14
  -8.281541e-14
  -8.003846e-14
  -7.671239e-14
  -7.064723e-14
  -5.931066e-14
  -4.036657e-14
  -1.721576e-14
  -4.878009e-15
  -2.437523e-14
  -8.203572e-14
  -1.506694e-13
  -1.781465e-13
  -1.272230e-13
  -1.488069e-14
   8.977148e-14
   1.151287e-13
   4.322413e-14
  -7.780339e-14
  -1.745840e-13
  -2.038534e-13
  -1.750339e-13
  -1.278069e-13
  -9.140977e-14
  -6.116868e-14
  -8.074742e-15
   8.829450e-14
   2.088487e-13
   2.922948e-13
   2.699443e-13
   1.172624e-13
  -1.184878e-13
  -3.406838e-13
  -4.608960e-13
  -4.477945e-13
  -3.345262e-13
  -1.872215e-13
  -6.243020e-14
   1.878932e-14
   6.777169e-14
   1.031686e-13
   1.275154e-13
   1.290645e-13
   1.063291e-13
   8.273021e-14
   8.582810e-14
   1.111953e-13
   1.183687e-13
   7.118120e-14
  -2.382809e-14
  -1.290618e-13
  -2.216491e-13
  -3.116818e-13
  -4.088688e-13
  -4.864015e-13
  -4.988112e-13
  -4.390614e-13
  -3.624657e-13
  -3.392947e-13
  -3.839663e-13
  -4.400043e-13
  -4.374997e-13
  -3.579293e-13
  -2.359344e-13
  -1.040982e-13
   4.529476e-14
   2.292315e-13
   4.102817e-13
   4.880905e-13
   3.792189e-13
   1.123599e-13
  -1.676615e-13
  -3.055742e-13
  -2.526486e-13
  -8.449095e-14
   8.381445e-14
   1.875946e-13
   2.272979e-13
   2.270553e-13
   2.064457e-13
   1.857494e-13
   1.849940e-13
   1.978834e-13
   1.829216e-13
   1.072427e-13
  -7.064632e-16
  -6.622974e-14
  -4.730086e-14
   1.918192e-14
   6.817402e-14
   9.119247e-14
   1.397732e-13
   2.353486e-13
   3.021593e-13
   2.236460e-13
  -2.624051e-14
  -3.255537e-13
  -4.971275e-13
  -4.645201e-13
  -3.130868e-13
  -1.958409e-13
  -1.827409e-13
  -2.052299e-13
  -1.442747e-13
   3.757648e-14
   2.568733e-13
   3.931036e-13
   3.975144e-13
   3.166778e-13
   2.257564e-13
   1.590895e-13
   1.062908e-13
   5.367479e-14
   8.011923e-15
  -2.032344e-14
  -4.290200e-14
  -9.198180e-14
  -1.913783e-13
  -3.234053e-13
  -4.188975e-13
  -3.893399e-13
  -1.949786e-13
   9.999964e-14
   3.492138e-13
   4.280649e-13
   3.339625e-13
   1.818192e-13
   9.373978e-14
   9.325400e-14
   1.071972e-13
   5.969050e-14
  -4.892600e-14
  -1.520440e-13
  -1.861825e-13
  -1.409584e-13
  -5.366541e-14
   2.427023e-14
   5.067427e-14
  -2.561444e-16
  -1.316901e-13
  -3.143730e-13
  -4.884854e-13
  -5.914704e-13
  -6.012811e-13
  -5.577509e-13
  -5.291715e-13
  -5.400673e-13
  -5.305889e-13
  -4.071356e-13
  -1.517357e-13
   1.253307e-13
   2.675033e-13
   2.226239e-13
   1.028883e-13
   7.559934e-14
   1.900561e-13
   3.267330e-13
   3.292459e-13
   1.783459e-13
   1.606348e-14
  -9.801935e-15
   8.797105e-14
   1.424746e-13
   9.783423e-15
  -2.676589e-13
  -4.794329e-13
  -4.270543e-13
  -9.094396e-14
   3.594101e-13
   6.969880e-13
   7.821539e-13
   6.177915e-13
   3.116930e-13
   4.959081e-15
  -1.863873e-13
  -2.052029e-13
  -6.529888e-14
   1.574185e-13
   3.511526e-13
   4.039428e-13
   2.454657e-13
  -1.093485e-13
  -5.392167e-13
  -8.547911e-13
  -8.977533e-13
  -6.381194e-13
  -1.921073e-13
   2.500964e-13
   5.203877e-13
   5.288626e-13
   2.811539e-13
  -1.138637e-13
  -4.599242e-13
  -5.557225e-13
  -3.261270e-13
   1.034096e-13
   4.802259e-13
   6.046818e-13
   4.671868e-13
   2.303292e-13
   8.658661e-14
   1.181454e-13
   2.584951e-13
   3.625734e-13
   3.228198e-13
   1.514442e-13
  -2.745649e-14
  -7.497403e-14
   4.853126e-14
   2.499692e-13
   3.837900e-13
   3.729943e-13
   2.597971e-13
   1.490712e-13
   1.133062e-13
   1.520691e-13
   2.273085e-13
   3.171093e-13
   4.246609e-13
   5.372700e-13
   5.863438e-13
   4.646326e-13
   1.091225e-13
  -4.091443e-13
  -8.773152e-13
  -1.054084e-12
  -8.374578e-13
  -3.541623e-13
   1.124150e-13
   3.088676e-13
   1.738675e-13
  -1.397388e-13
  -3.897335e-13
  -4.202365e-13
  -2.613399e-13
  -8.113697e-14
  -3.149811e-14
  -1.236406e-13
  -2.502906e-13
  -3.241552e-13
  -3.674823e-13
  -4.383127e-13
  -4.881117e-13
  -3.586844e-13
   3.227061e-14
   5.265752e-13
   8.113685e-13
   7.053421e-13
   3.470653e-13
   7.819782e-14
   1.382371e-13
   4.685381e-13
   7.861813e-13
   8.262559e-13
   5.374118e-13
   9.923407e-14
  -2.247837e-13
  -2.860627e-13
  -1.568407e-13
  -4.985346e-14
  -1.040921e-13
  -2.336600e-13
  -2.108889e-13
   7.367658e-14
   4.443850e-13
   5.726853e-13
   2.988218e-13
  -1.964837e-13
  -5.692746e-13
  -6.521841e-13
  -5.780242e-13
  -5.563621e-13
  -5.866924e-13
  -4.669989e-13
  -8.326279e-14
   3.938398e-13
   6.617705e-13
   6.019896e-13
   3.784221e-13
   2.277685e-13
   2.204560e-13
   2.533775e-13
   2.158749e-13
   9.845687e-14
  -4.119817e-14
  -1.493014e-13
  -1.923705e-13
  -1.501604e-13
  -3.551606e-14
   8.650233e-14
   1.279007e-13
   3.806168e-14
  -1.570663e-13
  -3.533065e-13
  -3.984666e-13
  -1.693041e-13
   3.134853e-13
   8.287137e-13
   1.065569e-12
   8.583115e-13
   3.374338e-13
  -1.604963e-13
  -3.472787e-13
  -1.722749e-13
   1.935810e-13
   5.195878e-13
   6.712575e-13
   6.632970e-13
   6.049887e-13
   5.914449e-13
   6.210081e-13
   6.055074e-13
   4.647786e-13
   2.122201e-13
  -5.380032e-14
  -2.313323e-13
  -2.714627e-13
  -1.678599e-13
   5.557047e-14
   3.184380e-13
   5.323267e-13
   7.146478e-13
   6.326239e-13
  -7.992136e-13
  -2.868830e-12
   3.415530e-12
   2.389749e-11
   5.830164e-12
  -1.623010e-10
  -3.093387e-10
   5.632842e-10
   3.214885e-09
   3.010783e-09
  -1.454459e-08
  -5.515045e-08
  -4.827782e-08
   2.216838e-07
   9.507111e-07
   1.516188e-06
  -1.049454e-06
  -1.294618e-05
  -3.941120e-05
  -6.663785e-05
  -1.672914e-05
   3.397064e-04
   1.527727e-03
   4.579182e-03
   1.131483e-02
   2.469521e-02
   4.923252e-02
   9.145143e-02
   1.603826e-01
   2.680699e-01
   4.300676e-01
   6.659048e-01
   9.994894e-01
   1.459428e+00
   2.079236e+00
   2.897420e+00
   3.957411e+00
   5.307337e+00
   6.999626e+00
   9.090433e+00
   1.163891e+01
   1.470630e+01
   1.835491e+01
   2.264692e+01
   2.764317e+01
   3.340178e+01
   3.997682e+01
   4.741697e+01
   5.576416e+01
   6.505236e+01
   7.530643e+01
   8.654114e+01
   9.876034e+01
   1.119563e+02
   1.261094e+02
   1.411878e+02
   1.571474e+02
   1.739324e+02
   1.914754e+02
   2.096983e+02
   2.285129e+02
   2.478223e+02
   2.675215e+02
   2.874990e+02
   3.076379e+02
   3.278173e+02
   3.479133e+02
   3.678008e+02
   3.873542e+02
   4.064486e+02
   4.249611e+02
   4.427713e+02
   4.597625e+02
   4.758218e+02
   4.908412e+02
   5.047176e+02
   5.173533e+02
   5.286562e+02
   5.385399e+02
   5.469241e+02
   5.537344e+02
   5.589025e+02
   5.623663e+02
   5.640703e+02
   5.639657e+02
   5.620104e+02
   5.581697e+02
   5.524166e+02
   5.447322e+02
   5.351062e+02
   5.235374e+02
   5.100342e+02
   4.946153e+02
   4.773098e+02
   4.581579e+02
   4.372110e+02
   4.145318e+02
   3.901946e+02
   3.642847e+02
   3.368987e+02
   3.081432e+02
   2.781347e+02
   2.469984e+02
   2.148669e+02
   1.818797e+02
   1.481809e+02
   1.139181e+02
   7.924096e+01
   4.429908e+01
   9.240740e+00
  -2.578893e+01
  -6.064953e+01
  -9.520682e+01
  -1.293341e+02
  -1.629133e+02
  -1.958362e+02
  -2.280050e+02
  -2.593326e+02
  -2.897437e+02
  -3.191740e+02
  -3.475706e+02
  -3.748917e+02
  -4.011056e+02
  -4.261904e+02
  -4.501329e+02
  -4.729279e+02
  -4.945772e+02
  -5.150882e+02
  -5.344732e+02
  -5.527483e+02
  -5.699322e+02
  -5.860459e+02
  -6.011112e+02
  -6.151506e+02
  -6.281866e+02
  -6.402410e+02
  -6.513351e+02
  -6.614892e+02
  -6.707224e+02
  -6.790530e+02
  -6.864982e+02
  -6.930744e+02
  -6.987970e+02
  -7.036811e+02
  -7.077408e+02
  -7.109898e+02
  -7.134411e+02
  -7.151069e+02
  -7.159986e+02
  -7.161264e+02
  -7.154990e+02
  -7.141231e+02
  -7.120032e+02
  -7.091413e+02
  -7.055360e+02
  -7.011823e+02
  -6.960715e+02
  -6.901907e+02
  -6.835226e+02
  -6.760456e+02
  -6.677340e+02
  -6.585579e+02
  -6.484841e+02
  -6.374765e+02
  -6.254967e+02
  -6.125054e+02
  -5.984631e+02
  -5.833315e+02
  -5.670747e+02
  -5.496606e+02
  -5.310620e+02
  -5.112586e+02
  -4.902374e+02
  -4.679947e+02
  -4.445367e+02
  -4.198805e+02
  -3.940548e+02
  -3.671003e+02
  -3.390703e+02
  -3.100302e+02
  -2.800575e+02
  -2.492415e+02
  -2.176822e+02
  -1.854896e+02
  -1.527827e+02
  -1.196878e+02
  -8.633761e+01
  -5.286952e+01
  -1.942403e+01
   1.385672e+01
   4.683043e+01
   7.935617e+01
   1.112957e+02
   1.425148e+02
   1.728842e+02
   2.022807e+02
   2.305881e+02
   2.576977e+02
   2.835085e+02
   3.079284e+02
   3.308734e+02
   3.522687e+02
   3.720480e+02
   3.901538e+02
   4.065373e+02
   4.211584e+02
   4.339853e+02
   4.449950e+02
   4.541724e+02
   4.615113e+02
   4.670136e+02
   4.706899e+02
   4.725594e+02
   4.726502e+02
   4.709993e+02
   4.676528e+02
   4.626659e+02
   4.561032e+02
   4.480384e+02
   4.385545e+02
   4.277429e+02
   4.157038e+02
   4.025449e+02
   3.883812e+02
   3.733338e+02
   3.575290e+02
   3.410969e+02
   3.241703e+02
   3.068830e+02
   2.893684e+02
   2.717579e+02
   2.541795e+02
   2.367557e+02
   2.196025e+02
   2.028280e+02
   1.865307e+02
   1.707989e+02
   1.557095e+02
   1.413278e+02
   1.277064e+02
   1.148856e+02
   1.028933e+02
   9.174540e+01
   8.144628e+01
   7.198958e+01
   6.335921e+01
   5.553039e+01
   4.847089e+01
   4.214233e+01
   3.650146e+01
   3.150150e+01
   2.709339e+01
   2.322704e+01
   1.985235e+01
   1.692022e+01
   1.438338e+01
   1.219701e+01
   1.031927e+01
   8.711656e+00
   7.339148e+00
   6.170294e+00
   5.177134e+00
   4.335040e+00
   3.622479e+00
   3.020731e+00
   2.513592e+00
   2.087072e+00
   1.729116e+00
   1.429351e+00
   1.178867e+00
   9.700291e-01
   7.963064e-01
   6.521274e-01
   5.327493e-01
   4.341432e-01
   3.528937e-01
   2.861121e-01
   2.313612e-01
   1.865893e-01
   1.500737e-01
   1.203716e-01
   9.627744e-02
   7.678654e-02
   6.106392e-02
   4.841747e-02
   3.827505e-02
   3.016505e-02
   2.369983e-02
   1.856167e-02
   1.449097e-02
   1.127623e-02
   8.745695e-03
   6.760298e-03
   5.207819e-03
   3.997990e-03
   3.058445e-03
   2.331362e-03
   1.770706e-03
   1.339948e-03
   1.010210e-03
   7.587435e-04
   5.676957e-04
   4.231080e-04
   3.141087e-04
   2.322630e-04
   1.710528e-04
   1.254611e-04
   9.164237e-05
   6.666099e-05
   4.828538e-05
   3.482644e-05
   2.501114e-05
   1.788426e-05
   1.273225e-05
   9.024418e-06
   6.367931e-06
   4.473302e-06
   3.128209e-06
   2.177653e-06
   1.509025e-06
   1.040901e-06
   7.146934e-07
   4.884502e-07
   3.322812e-07
   2.249950e-07
   1.516420e-07
   1.017291e-07
   6.792849e-08
   4.514858e-08
   2.986961e-08
   1.967053e-08
   1.289463e-08
   8.414241e-09
   5.465741e-09
   3.534607e-09
   2.275791e-09
   1.458965e-09
   9.312504e-10
   5.918140e-10
   3.744927e-10
   2.360215e-10
   1.482190e-10
   9.280695e-11
   5.794911e-11
   3.604383e-11
   2.232000e-11
   1.378725e-11
   8.518566e-12
   5.280671e-12
   3.247954e-12
   1.819835e-12
   7.416696e-13
   1.599573e-13
   1.833904e-13
   4.810026e-13
   5.656423e-13
   2.896129e-13
  -1.434340e-13
  -4.649971e-13
  -5.253819e-13
  -3.555057e-13
  -1.169274e-13
   3.321530e-14
   1.072729e-14
  -1.520056e-13
  -2.445200e-13
  -5.246722e-14
   3.234571e-13
   5.507702e-13
   5.014605e-13
   3.549265e-13
   2.652907e-13
   1.825658e-13
   3.366197e-14
  -1.260438e-13
  -2.234041e-13
  -3.191126e-13
  -5.193922e-13
  -7.403261e-13
  -7.289645e-13
  -3.986139e-13
   4.182901e-14
   3.776822e-13
   5.850181e-13
   6.780829e-13
   6.166090e-13
   4.206196e-13
   1.657426e-13
  -1.232408e-13
  -4.036332e-13
  -5.387974e-13
  -4.579839e-13
  -2.932494e-13
  -2.308796e-13
  -2.765267e-13
  -2.522526e-13
  -5.018318e-14
   1.764439e-13
   1.788237e-13
  -7.631694e-14
  -3.944947e-13
  -5.896838e-13
  -5.837804e-13
  -3.633096e-13
  -1.313404e-14
   2.742448e-13
   3.594282e-13
   2.830923e-13
   1.805136e-13
   1.312513e-13
   1.144024e-13
   6.311060e-14
  -3.742741e-14
  -8.067454e-14
   8.724949e-14
   4.562993e-13
   7.547643e-13
   6.936707e-13
   3.373827e-13
   8.185359e-14
   1.793847e-13
   4.318679e-13
   4.779400e-13
   2.569800e-13
   3.703189e-14
   4.767043e-14
   2.262908e-13
   3.340256e-13
   2.291686e-13
  -9.632103e-15
  -1.776278e-13
  -1.310632e-13
   8.620638e-14
   2.945492e-13
   3.694552e-13
   3.311881e-13
   2.195641e-13
   1.193247e-15
  -3.012692e-13
  -5.213780e-13
  -5.430449e-13
  -4.688854e-13
  -4.433849e-13
  -4.400045e-13
  -3.805396e-13
  -3.118770e-13
  -2.930813e-13
  -2.552538e-13
  -1.357988e-13
   1.673569e-14
   7.687966e-14
   7.098050e-14
   3.033343e-14
  -9.149826e-14
  -2.767385e-13
  -3.288837e-13
  -1.122104e-13
   1.404639e-13
   4.406830e-14
  -3.849561e-13
  -6.971100e-13
  -6.247268e-13
  -4.366967e-13
  -5.215881e-13
  -8.287625e-13
  -9.131405e-13
  -4.778011e-13
   2.224795e-13
   5.680539e-13
   2.521411e-13
  -2.686643e-13
  -2.521544e-13
   3.746853e-13
   9.046711e-13
   7.998909e-13
   3.272069e-13
   6.518593e-14
   1.741220e-13
   3.704439e-13
   3.486049e-13
   7.410224e-14
  -2.106716e-13
  -2.534785e-13
  -7.745182e-14
   1.352930e-13
   3.679540e-13
   6.787311e-13
   8.565980e-13
   5.423606e-13
  -2.789494e-13
  -1.135194e-12
  -1.426577e-12
  -9.196105e-13
  -2.405616e-14
   5.025686e-13
   3.263622e-13
  -1.230268e-13
  -2.465589e-13
   2.226268e-14
   2.815328e-13
   2.006968e-13
  -1.471210e-13
  -3.822476e-13
  -2.428118e-13
   1.068522e-13
   3.506028e-13
   4.761375e-13
   6.761140e-13
   9.422177e-13
   1.038827e-12
   7.863988e-13
   2.468361e-13
  -2.664448e-13
  -4.036990e-13
  -1.798008e-13
  -4.505738e-14
  -3.459985e-13
  -8.683316e-13
  -1.124990e-12
  -9.019369e-13
  -3.357280e-13
   2.704697e-13
   5.789828e-13
   5.199927e-13
   4.108404e-13
   3.841423e-13
   8.890432e-14
  -5.729549e-13
  -1.020569e-12
  -7.759445e-13
  -1.047885e-13
   4.183546e-13
   5.145407e-13
   2.726394e-13
  -2.602446e-14
  -1.661913e-13
  -1.568275e-13
   7.828244e-15
   4.517418e-13
   9.432039e-13
   8.215881e-13
  -7.463519e-14
  -8.715338e-13
  -6.533649e-13
   3.493978e-13
   1.212515e-12
   1.702899e-12
   2.522637e-12
   4.435863e-12
   7.898751e-12
   1.347328e-11
   2.220521e-11
   3.591572e-11
   5.776644e-11
   9.283301e-11
   1.486649e-10
   2.367124e-10
   3.750718e-10
   5.921383e-10
   9.314198e-10
   1.459179e-09
   2.276452e-09
   3.536259e-09
   5.468464e-09
   8.417429e-09
   1.289784e-08
   1.967433e-08
   2.987525e-08
   4.515701e-08
   6.794027e-08
   1.017451e-07
   1.516633e-07
   2.250231e-07
   3.323187e-07
   4.885010e-07
   7.147627e-07
   1.040995e-06
   1.509151e-06
   2.177819e-06
   3.128425e-06
   4.473584e-06
   6.368297e-06
   9.024891e-06
   1.273286e-05
   1.788504e-05
   2.501213e-05
   3.482770e-05
   4.828697e-05
   6.666299e-05
   9.164488e-05
   1.254642e-04
   1.710566e-04
   2.322678e-04
   3.141146e-04
   4.231152e-04
   5.677045e-04
   7.587543e-04
   1.010223e-03
   1.339964e-03
   1.770725e-03
   2.331385e-03
   3.058472e-03
   3.998023e-03
   5.207858e-03
   6.760344e-03
   8.745749e-03
   1.127630e-02
   1.449104e-02
   1.856176e-02
   2.369993e-02
   3.016517e-02
   3.827519e-02
   4.841763e-02
   6.106411e-02
   7.678675e-02
   9.627769e-02
   1.203719e-01
   1.500740e-01
   1.865896e-01
   2.313616e-01
   2.861127e-01
   3.528943e-01
   4.341438e-01
   5.327498e-01
   6.521279e-01
   7.963073e-01
   9.700311e-01
   1.178870e+00
   1.429352e+00
   1.729115e+00
   2.087070e+00
   2.513596e+00
   3.020759e+00
   3.622553e+00
   4.335187e+00
   5.177394e+00
   6.170782e+00
   7.340211e+00
   8.714191e+00
   1.032529e+01
   1.221054e+01
   1.441178e+01
   1.697605e+01
   1.995576e+01
   2.340895e+01
   2.739926e+01
   3.199595e+01
   3.727361e+01
   4.331182e+01
   5.019462e+01
   5.800981e+01
   6.684804e+01
   7.680187e+01
   8.796453e+01
   1.004287e+02
   1.142850e+02
   1.296207e+02
   1.465182e+02
   1.650532e+02
   1.852939e+02
   2.072987e+02
   2.311155e+02
   2.567803e+02
   2.843159e+02
   3.137312e+02
   3.450206e+02
   3.781630e+02
   4.131222e+02
   4.498459e+02
   4.882667e+02
   5.283018e+02
   5.698538e+02
   6.128112e+02
   6.570494e+02
   7.024316e+02
   7.488101e+02
   7.960271e+02
   8.439161e+02
   8.923034e+02
   9.410091e+02
   9.898485e+02
   1.038633e+03
   1.087173e+03
   1.135276e+03
   1.182751e+03
   1.229407e+03
   1.275056e+03
   1.319511e+03
   1.362592e+03
   1.404120e+03
   1.443925e+03
   1.481839e+03
   1.517706e+03
   1.551373e+03
   1.582696e+03
   1.611542e+03
   1.637784e+03
   1.661308e+03
   1.682007e+03
   1.699789e+03
   1.714570e+03
   1.726279e+03
   1.734859e+03
   1.740263e+03
   1.742460e+03
   1.741431e+03
   1.737168e+03
   1.729682e+03
   1.718992e+03
   1.705132e+03
   1.688151e+03
   1.668107e+03
   1.645071e+03
   1.619125e+03
   1.590362e+03
   1.558883e+03
   1.524798e+03
   1.488223e+03
   1.449281e+03
   1.408100e+03
   1.364809e+03
   1.319543e+03
   1.272434e+03
   1.223618e+03
   1.173227e+03
   1.121393e+03
   1.068242e+03
   1.013900e+03
   9.584862e+02
   9.021158e+02
   8.448989e+02
   7.869400e+02
   7.283381e+02
   6.691867e+02
   6.095737e+02
   5.495821e+02
   4.892896e+02
   4.287698e+02
   3.680916e+02
   3.073207e+02
   2.465191e+02
   1.857462e+02
   1.250592e+02
   6.451298e+01
   4.161256e+00
  -5.594355e+01
  -1.157498e+02
  -1.752064e+02
  -2.342626e+02
  -2.928676e+02
  -3.509706e+02
  -4.085205e+02
  -4.654661e+02
  -5.217556e+02
  -5.773366e+02
  -6.321565e+02
  -6.861616e+02
  -7.392979e+02
  -7.915104e+02
  -8.427432e+02
  -8.929397e+02
  -9.420419e+02
  -9.899908e+02
  -1.036726e+03
  -1.082187e+03
  -1.126309e+03
  -1.169028e+03
  -1.210279e+03
  -1.249994e+03
  -1.288105e+03
  -1.324541e+03
  -1.359233e+03
  -1.392108e+03
  -1.423095e+03
  -1.452123e+03
  -1.479121e+03
  -1.504020e+03
  -1.526753e+03
  -1.547255e+03
  -1.565465e+03
  -1.581326e+03
  -1.594787e+03
  -1.605801e+03
  -1.614328e+03
  -1.620338e+03
  -1.623804e+03
  -1.624713e+03
  -1.623058e+03
  -1.618842e+03
  -1.612079e+03
  -1.602791e+03
  -1.591013e+03
  -1.576788e+03
  -1.560172e+03
  -1.541227e+03
  -1.520028e+03
  -1.496658e+03
  -1.471208e+03
  -1.443778e+03
  -1.414476e+03
  -1.383413e+03
  -1.350711e+03
  -1.316494e+03
  -1.280890e+03
  -1.244032e+03
  -1.206055e+03
  -1.167096e+03
  -1.127294e+03
  -1.086787e+03
  -1.045714e+03
  -1.004212e+03
  -9.624190e+02
  -9.204689e+02
  -8.784940e+02
  -8.366239e+02
  -7.949845e+02
  -7.536981e+02
  -7.128829e+02
  -6.726522e+02
  -6.331146e+02
  -5.943730e+02
  -5.565247e+02
  -5.196608e+02
  -4.838657e+02
  -4.492168e+02
  -4.157843e+02
  -3.836306e+02
  -3.528102e+02
  -3.233692e+02
  -2.953452e+02
  -2.687671e+02
  -2.436551e+02
  -2.200204e+02
  -1.978652e+02
  -1.771833e+02
  -1.579597e+02
  -1.401713e+02
  -1.237871e+02
  -1.087689e+02
  -9.507150e+01
  -8.264366e+01
  -7.142870e+01
  -6.136532e+01
  -5.238837e+01
  -4.442974e+01
  -3.741921e+01
  -3.128535e+01
  -2.595635e+01
  -2.136084e+01
  -1.742870e+01
  -1.409173e+01
  -1.128436e+01
  -8.944125e+00
  -7.012227e+00
  -5.433847e+00
  -4.158451e+00
  -3.139966e+00
  -2.336865e+00
  -1.712159e+00
  -1.233310e+00
  -8.720656e-01
  -6.042307e-01
  -4.093881e-01
  -2.705774e-01
  -1.739479e-01
  -1.083953e-01
  -6.519627e-02
  -3.764917e-02
  -2.073305e-02
  -1.079041e-02
  -5.241229e-03
  -2.331786e-03
  -9.207286e-04
  -3.027805e-04
  -6.881367e-05
   4.255348e-07
   1.084983e-05
   6.638037e-06
   2.251393e-06
   2.441939e-07
  -2.181981e-07
  -1.499035e-07
  -3.900525e-08
   5.283387e-09
   8.285168e-09
   2.542860e-09
  -3.000983e-10
  -4.896472e-10
  -1.142922e-10
   3.851838e-11
   2.739711e-11
   1.224487e-12
  -3.677113e-12
  -9.161043e-13
   3.557376e-13
   1.831637e-13
  -2.468074e-14
  -2.771205e-14
   8.326303e-16
   3.743715e-15
   7.192611e-17
  -4.837538e-16
  -1.343014e-17
   6.136099e-17
  -1.246104e-19
  -7.566425e-18
   5.140669e-19
   8.675665e-19
  -1.487470e-19
  -8.426274e-20
   2.859772e-20
   5.324144e-21
  -4.123928e-21
   1.599665e-22
   4.232103e-22
  -1.078450e-22
  -2.091263e-23
   1.655410e-23
  -2.066039e-24
  -1.156940e-24
   5.420880e-25
  -4.490818e-26
  -4.021864e-26
   1.752698e-26
  -2.000532e-27
  -9.889644e-28
   5.497087e-28
  -1.131518e-28
  -7.310949e-30
   1.330140e-29
  -4.789149e-30
   8.253268e-31
   6.691167e-32
  -1.016209e-31
   4.025250e-32
  -9.998362e-33
   1.353380e-33
   1.729273e-34
  -1.947528e-34
   8.332540e-35
  -2.691304e-35
   7.399601e-36
  -1.813765e-36
   4.058197e-37
  -8.405531e-38
   1.626491e-38
  -2.958847e-39
   5.082681e-40
  -8.269631e-41
   1.276859e-41
  -1.872638e-42
   2.608107e-43
  -3.443948e-44
   4.296076e-45
  -5.027574e-46
   5.447496e-47
  -5.319362e-48
   4.380790e-49
  -2.373669e-50
  -9.182123e-52
   5.629400e-52
  -1.177761e-52
   1.924009e-53
  -2.774705e-54
   3.689510e-55
  -4.618025e-56
   5.504638e-57
  -6.294233e-58
   6.937934e-59
  -7.398037e-60
   7.651475e-61
  -7.691388e-62
   7.526749e-63
  -7.180231e-64
   6.684805e-65
  -6.079641e-66
   5.405926e-67
  -4.703111e-68
   4.005972e-69
  -3.342669e-70
   2.733840e-71
  -2.192593e-72
   1.725209e-73
  -1.332303e-74
   1.010202e-75
  -7.523363e-77
   5.505024e-78
  -3.959005e-79
   2.799115e-80
  -1.946188e-81
   1.331045e-82
  -8.956821e-84
   5.931605e-85
  -3.866757e-86
   2.481832e-87
  -1.568699e-88
   9.766414e-90
  -5.990217e-91
   3.620278e-92
  -2.156305e-93
   1.265966e-94
  -7.327379e-96
   4.181763e-97
  -2.353537e-98
   1.306465e-99
 -7.154062e-101
  3.864967e-102
 -2.060326e-103
  1.083876e-104
 -5.627720e-106
  2.884348e-107
 -1.459410e-108
  7.290744e-110
 -3.596503e-111
  1.752068e-112
 -8.430042e-114
  4.006472e-115
 -1.881015e-116
  8.724954e-118
 -3.998679e-119
  1.810896e-120
 -8.104635e-122
  3.584888e-123
 -1.567321e-124
  6.773562e-126
 -2.893941e-127
  1.222393e-128
 -5.105225e-130
  2.108317e-131
 -8.610069e-133
  3.477439e-134
 -1.389076e-135
  5.488287e-137
 -2.144976e-138
  8.293008e-140
 -3.172012e-141
  1.200381e-142
 -4.494613e-144
  1.665259e-145
 -6.105401e-147
  2.215213e-148
 -7.954468e-150
  2.827002e-151
 -9.944549e-153
  3.462676e-154
 -1.193521e-155
  4.072518e-157
 -1.375729e-158
  4.601106e-160
 -1.523606e-161
  4.995575e-163
 -1.621891e-164
  5.214369e-166
 -1.660145e-167
  5.234484e-169
 -1.634576e-170
  5.055435e-172
 -1.548648e-173
  4.699010e-175
 -1.412333e-176
  4.204969e-178
 -1.240225e-179
  3.623828e-181
 -1.049012e-182
  3.008538e-184
 -8.548875e-186
  2.406892e-187
 -6.714501e-189
  1.856076e-190
 -5.084141e-192
  1.380047e-193
 -3.712263e-195
  9.896160e-197
 -2.614517e-198
  6.845837e-200
 -1.776583e-201
  4.569633e-203
 -1.165002e-204
  2.943979e-206
 -7.374243e-208
  1.830995e-209
 -4.506669e-211
  1.099600e-212
 -2.659720e-214
  6.377795e-216
 -1.516176e-217
  3.573418e-219
 -8.349952e-221
  1.934463e-222
 -4.443483e-224
  1.012006e-225
 -2.285332e-227
  5.117188e-229
 -1.136159e-230
  2.501390e-232
 -5.460942e-234
  1.182242e-235
 -2.538087e-237
  5.403517e-239
 -1.140840e-240
  2.388687e-242
 -4.960071e-244
  1.021454e-245
 -2.086215e-247
  4.225873e-249
 -8.489813e-251
  1.691653e-252
 -3.343202e-254
  6.553285e-256
 -1.274110e-257
  2.457045e-259
 -4.699842e-261
  8.917101e-263
 -1.678187e-264
  3.132844e-266
 -5.801292e-268
  1.065623e-269
 -1.941692e-271
  3.509620e-273
 -6.292857e-275
  1.119305e-276
 -1.974995e-278
  3.457047e-280
 -6.003029e-282
  1.034107e-283
 -1.767233e-285
  2.996124e-287
 -5.039258e-289
  8.408481e-291
 -1.391925e-292
  2.285938e-294
 -3.724485e-296
  6.020376e-298
 -9.654707e-300
  1.536084e-301
 -2.424672e-303
  3.797128e-305
 -5.899608e-307
  9.094068e-309
 -1.390791e-310
  2.110288e-312
 -3.175617e-314
  4.523278e-316
 -3.843445e-318
  1.019257e-320
 -2.470328e-323
  -0.000000e+00
  -0.000000e+00
  -0.000000e+00
  -0.000000e+00
  -0.000000e+00
  -0.000000e+00
  -0.000000e+00
  -0.000000e+00
  -0.000000e+00
  -0.000000e+00
  -0.000000e+00
  -0.000000e+00
  -0.000000e+00
  -0.000000e+00
  -0.000000e+00
  -0.000000e+00
  -0.000000e+00
  -0.000000e+00
  -0.000000e+00
  -0.000000e+00
  -0.000000e+00
  -0.000000e+00
  -0.000000e+00
  -0.000000e+00
  -0.000000e+00
  -0.000000e+00
  -0.000000e+00
  -0.000000e+00
  -0.000000e+00
  -0.000000e+00
  -0.000000e+00
  -0.000000e+00
  -0.000000e+00
  -0.000000e+00
  -0.000000e+00
  -0.000000e+00
  -0.000000e+00
  -0.000000e+00
  -0.000000e+00
  -0.000000e+00
  -0.000000e+00
  -0.000000e+00
  -0.000000e+00
  -0.000000e+00
  -0.000000e+00
  -0.000000e+00
  -0.000000e+00
  -0.000000e+00
  -0.000000e+00
  -0.000000e+00
  -0.000000e+00
  -0.000000e+00
  -0.000000e+00
  -0.000000e+00
  -0.000000e+00
  -0.000000e+00
  -0.000000e+00
  -0.000000e+00
  -0.000000e+00
  -0.000000e+00
  -0.000000e+00
  -0.000000e+00
  -0.000000e+00
  -0.000000e+00
  -0.000000e+00
  -0.000000e+00
  -0.000000e+00
  -0.000000e+00
  -0.000000e+00
  -0.000000e+00
  -0.000000e+00
  -0.000000e+00
  -0.000000e+00
  -0.000000e+00
  -0.000000e+00
  -0.000000e+00
  -0.000000e+00
  -0.000000e+00
  -0.000000e+00
  -0.000000e+00
  -0.000000e+00
  -0.000000e+00
  -0.000000e+00
  -0.000000e+00
  -0.000000e+00
  -0.000000e+00
  -0.000000e+00
  -0.000000e+00
  -0.000000e+00
  -0.000000e+00
  -0.000000e+00
  -0.000000e+00
  -0.000000e+00
  -0.000000e+00
  -0.000000e+00
  -0.000000e+00
  -0.000000e+00
  -0.000000e+00
  -0.000000e+00
  -0.000000e+00
  -0.000000e+00
   0.000000e+00
   0.000000e+00
