   0.000000e+00
   0.000000e+00
  -3.118733e-15
  -2.899030e-15
  -2.320121e-15
  -1.609222e-15
  -9.848070e-16
  -4.162240e-16
   3.203695e-16
   1.406383e-15
   2.720506e-15
   3.766748e-15
   3.895837e-15
   2.718948e-15
   4.467514e-16
  -2.106163e-15
  -3.908025e-15
  -4.274062e-15
  -3.260325e-15
  -1.653771e-15
  -5.967076e-16
  -1.085951e-15
  -3.573175e-15
  -7.744862e-15
  -1.249157e-14
  -1.616172e-14
  -1.723858e-14
  -1.532944e-14
  -1.188901e-14
  -9.902180e-15
  -1.228123e-14
  -1.980851e-14
  -3.017952e-14
  -3.919470e-14
  -4.351677e-14
  -4.293357e-14
  -4.019053e-14
  -3.837368e-14
  -3.802228e-14
  -3.659928e-14
  -3.099481e-14
  -2.094642e-14
  -1.017799e-14
  -3.882976e-15
  -4.458257e-15
  -9.191146e-15
  -1.215900e-14
  -9.075222e-15
  -1.290766e-15
   4.195029e-15
  -1.234702e-15
  -2.246438e-14
  -5.707685e-14
  -9.506310e-14
  -1.216854e-13
  -1.227796e-13
  -9.138234e-14
  -3.325718e-14
   3.249269e-14
   8.050696e-14
   9.218179e-14
   6.745337e-14
   2.686801e-14
   7.301951e-16
   1.095647e-14
   5.699155e-14
   1.150579e-13
   1.514249e-13
   1.414893e-13
   8.328458e-14
  -1.882832e-15
  -8.100724e-14
  -1.259149e-13
  -1.258897e-13
  -9.096158e-14
  -4.596459e-14
  -1.944490e-14
  -3.212170e-14
  -8.807821e-14
  -1.707520e-13
  -2.459592e-13
  -2.735392e-13
  -2.253232e-13
  -1.012944e-13
   6.651778e-14
   2.271864e-13
   3.345721e-13
   3.671048e-13
   3.321767e-13
   2.555168e-13
   1.661405e-13
   8.709887e-14
   3.312102e-14
   8.999174e-15
   5.171637e-15
  -4.228929e-15
  -5.204287e-14
  -1.569155e-13
  -3.033196e-13
  -4.406648e-13
  -5.080509e-13
  -4.711253e-13
  -3.453900e-13
  -1.876269e-13
  -5.969323e-14
   1.018051e-14
   4.071754e-14
   7.594935e-14
   1.450727e-13
   2.345632e-13
   2.946428e-13
   2.765798e-13
   1.736265e-13
   3.442174e-14
  -6.328266e-14
  -6.221723e-14
   3.533598e-14
   1.666360e-13
   2.474363e-13
   2.248363e-13
   1.083186e-13
  -4.126883e-14
  -1.552582e-13
  -2.013709e-13
  -1.981397e-13
  -1.923438e-13
  -2.189918e-13
  -2.738841e-13
  -3.172590e-13
  -3.042456e-13
  -2.205038e-13
  -9.954246e-14
  -1.048227e-14
  -2.278183e-14
  -1.677316e-13
  -4.184228e-13
  -6.993514e-13
  -9.198075e-13
  -1.012214e-12
  -9.557476e-13
  -7.764923e-13
  -5.294834e-13
  -2.757382e-13
  -6.525389e-14
   7.087578e-14
   1.224724e-13
   1.001500e-13
   3.257995e-14
  -4.262935e-14
  -9.540753e-14
  -1.198727e-13
  -1.382672e-13
  -1.844119e-13
  -2.743023e-13
  -3.849953e-13
  -4.606276e-13
  -4.449087e-13
  -3.179284e-13
  -1.107121e-13
   1.116451e-13
   2.832633e-13
   3.623437e-13
   3.347271e-13
   2.042391e-13
  -1.232823e-14
  -2.777761e-13
  -5.259443e-13
  -6.720628e-13
  -6.496147e-13
  -4.560800e-13
  -1.731378e-13
   6.392125e-14
   1.391011e-13
   2.681362e-14
  -1.909684e-13
  -3.810676e-13
  -4.538063e-13
  -4.258669e-13
  -3.990825e-13
  -4.670507e-13
  -6.230225e-13
  -7.477347e-13
  -6.940980e-13
  -4.046946e-13
   3.281984e-14
   4.384066e-13
   6.575727e-13
   6.498925e-13
   4.840559e-13
   2.593111e-13
   3.288922e-14
  -1.851167e-13
  -3.822988e-13
  -5.077757e-13
  -4.982140e-13
  -3.433910e-13
  -1.203071e-13
   4.861810e-14
   8.281027e-14
  -4.102436e-16
  -1.085403e-13
  -1.501394e-13
  -9.681059e-14
   1.232283e-14
   1.096702e-13
   1.391025e-13
   7.350054e-14
  -8.148827e-14
  -2.847588e-13
  -4.650465e-13
  -5.482130e-13
  -4.984127e-13
  -3.406060e-13
  -1.407974e-13
   4.074759e-14
   1.811731e-13
   2.859559e-13
   3.562460e-13
   3.724094e-13
   3.126191e-13
   1.854205e-13
   3.953478e-14
  -6.244132e-14
  -8.381434e-14
  -3.250360e-14
   5.455612e-14
   1.436174e-13
   2.240579e-13
   3.028517e-13
   3.847575e-13
   4.595234e-13
   5.067259e-13
   5.105600e-13
   4.691527e-13
   3.914513e-13
   2.885806e-13
   1.706822e-13
   5.124310e-14
  -4.978207e-14
  -1.120363e-13
  -1.262654e-13
  -9.882556e-14
  -4.266759e-14
   3.639424e-14
   1.419733e-13
   2.726082e-13
   4.043051e-13
   4.909581e-13
   4.887605e-13
   3.870351e-13
   2.184858e-13
   3.753871e-14
  -1.166230e-13
  -2.408551e-13
  -3.542175e-13
  -4.621605e-13
  -5.333813e-13
  -5.154432e-13
  -3.805597e-13
  -1.616134e-13
   5.907768e-14
   2.067394e-13
   2.716906e-13
   3.150301e-13
   4.111143e-13
   5.720634e-13
   7.202798e-13
   7.375565e-13
   5.544980e-13
   2.092558e-13
  -1.692885e-13
  -4.370664e-13
  -5.108978e-13
  -3.978245e-13
  -1.742006e-13
   5.724206e-14
   2.066565e-13
   2.260694e-13
   1.283854e-13
  -1.224641e-14
  -9.030957e-14
  -2.294004e-14
   2.017154e-13
   5.138395e-13
   7.955282e-13
   9.355868e-13
   8.752431e-13
   6.296019e-13
   2.849668e-13
  -2.667163e-14
  -1.771119e-13
  -1.047482e-13
   1.418409e-13
   4.167875e-13
   5.523926e-13
   4.547005e-13
   1.549827e-13
  -2.166275e-13
  -5.097197e-13
  -6.233876e-13
  -5.259024e-13
  -2.354898e-13
   1.953113e-13
   6.704029e-13
   1.043520e-12
   1.160677e-12
   9.558923e-13
   5.346002e-13
   1.550106e-13
   8.166644e-14
   3.971390e-13
   9.180564e-13
   1.301000e-12
   1.276907e-12
   8.407763e-13
   2.495260e-13
  -1.692314e-13
  -2.462942e-13
  -6.506672e-14
   1.342314e-13
   1.458464e-13
  -6.609154e-14
  -3.717831e-13
  -5.869636e-13
  -5.934482e-13
  -3.932266e-13
  -8.615375e-14
   1.919205e-13
   3.301639e-13
   2.819960e-13
   7.640262e-14
  -2.004437e-13
  -4.491491e-13
  -6.085286e-13
  -6.843771e-13
  -7.320096e-13
  -7.984322e-13
  -8.652262e-13
  -8.442841e-13
  -6.459204e-13
  -2.770031e-13
   1.155373e-13
   3.151947e-13
   1.900882e-13
  -1.844181e-13
  -5.469310e-13
  -6.206805e-13
  -3.117447e-13
   2.202919e-13
   6.756864e-13
   8.204222e-13
   6.255989e-13
   2.485905e-13
  -1.022762e-13
  -2.982815e-13
  -3.267441e-13
  -2.392132e-13
  -8.330124e-14
   1.204846e-13
   3.541641e-13
   5.728710e-13
   7.111254e-13
   7.258888e-13
   6.381678e-13
   5.286522e-13
   4.777140e-13
   4.920286e-13
   4.844488e-13
   3.393900e-13
   2.114294e-14
  -3.677799e-13
  -6.408184e-13
  -6.604266e-13
  -4.393215e-13
  -1.194850e-13
   1.541462e-13
   3.515060e-13
   5.601131e-13
   8.733297e-13
   1.271440e-12
   1.608043e-12
   1.714908e-12
   1.530447e-12
   1.140684e-12
   7.062208e-13
   3.489359e-13
   9.532174e-14
  -9.216168e-14
  -2.464082e-13
  -3.607959e-13
  -4.097068e-13
  -3.866790e-13
  -3.134264e-13
  -2.142856e-13
  -9.080168e-14
   7.247127e-14
   2.775858e-13
   4.917500e-13
   6.568054e-13
   7.189049e-13
   6.512322e-13
   4.567055e-13
   1.609280e-13
  -1.897130e-13
  -5.258363e-13
  -7.635195e-13
  -8.317748e-13
  -7.078674e-13
  -4.377364e-13
  -1.257540e-13
   1.045667e-13
   1.628083e-13
   3.402514e-14
  -2.111194e-13
  -4.505227e-13
  -5.777666e-13
  -5.639421e-13
  -4.694755e-13
  -3.916959e-13
  -3.851986e-13
  -4.202946e-13
  -4.174276e-13
  -3.291074e-13
  -1.944818e-13
  -1.124177e-13
  -1.527201e-13
  -2.843976e-13
  -3.876953e-13
  -3.433290e-13
  -1.259161e-13
   1.723619e-13
   4.024359e-13
   4.548256e-13
   3.257154e-13
   1.157960e-13
  -3.100971e-14
  -1.155812e-14
   1.760251e-13
   4.303572e-13
   6.079715e-13
   6.130533e-13
   4.582573e-13
   2.549736e-13
   1.390688e-13
   1.819787e-13
   3.445828e-13
   5.011098e-13
   5.170225e-13
   3.339537e-13
   9.188384e-15
  -3.193551e-13
  -5.248788e-13
  -5.771048e-13
  -5.531958e-13
  -5.593818e-13
  -6.253861e-13
  -6.653308e-13
  -5.473545e-13
  -2.188734e-13
   2.191116e-13
   5.566092e-13
   6.091271e-13
   3.421439e-13
  -1.033343e-13
  -4.972482e-13
  -6.559981e-13
  -5.399021e-13
  -2.589133e-13
   7.373070e-15
   1.209696e-13
   5.999093e-14
  -8.574129e-14
  -1.890479e-13
  -1.747795e-13
  -6.087336e-14
   7.351817e-14
   1.595506e-13
   1.879568e-13
   2.002583e-13
   2.417561e-13
   3.270199e-13
   4.459786e-13
   5.901620e-13
   7.585084e-13
   9.318420e-13
   1.049628e-12
   1.029840e-12
   8.313374e-13
   5.092618e-13
   2.075886e-13
   7.825900e-14
   1.762467e-13
   4.067126e-13
   5.725485e-13
   5.038969e-13
   1.874589e-13
  -2.013496e-13
  -4.040788e-13
  -2.633783e-13
   1.457702e-13
   5.460574e-13
   6.418053e-13
   3.273113e-13
  -2.351884e-13
  -7.239468e-13
  -8.666940e-13
  -5.975771e-13
  -6.595535e-14
   4.798206e-13
   8.331667e-13
   9.086518e-13
   7.425318e-13
   4.477204e-13
   1.587452e-13
  -1.836973e-14
  -4.373122e-14
   4.634888e-14
   1.684374e-13
   2.459694e-13
   2.493061e-13
   1.917550e-13
   9.233474e-14
  -5.074066e-14
  -2.441155e-13
  -4.583242e-13
  -6.138556e-13
  -6.243793e-13
  -4.656090e-13
  -2.019946e-13
   6.156194e-14
   2.588663e-13
   3.919376e-13
   4.816123e-13
   5.002741e-13
   3.756905e-13
   7.912030e-14
  -2.930270e-13
  -5.479984e-13
  -5.349265e-13
  -2.726334e-13
   5.634658e-14
   2.463859e-13
   2.194535e-13
   5.809999e-14
  -9.189534e-14
  -1.484191e-13
  -1.406899e-13
  -1.549427e-13
  -2.415568e-13
  -3.631853e-13
  -4.179199e-13
  -3.154385e-13
  -5.265010e-14
   2.648171e-13
   4.792161e-13
   4.861533e-13
   3.129588e-13
   1.000556e-13
  -1.127824e-14
   5.256561e-15
   4.613615e-14
  -1.689966e-14
  -2.058888e-13
  -4.029948e-13
  -4.475488e-13
  -2.733068e-13
   3.986112e-14
   3.384806e-13
   5.119688e-13
   5.425275e-13
   4.600255e-13
   2.747633e-13
  -2.630798e-14
  -4.178941e-13
  -7.906901e-13
  -9.933208e-13
  -9.395178e-13
  -6.806569e-13
  -3.672181e-13
  -1.272099e-13
   2.861491e-14
   1.880767e-13
   4.255046e-13
   7.040428e-13
   8.858344e-13
   8.431391e-13
   5.721125e-13
   2.107036e-13
  -5.271583e-14
  -1.033210e-13
   3.894754e-14
   2.571336e-13
   4.316409e-13
   5.147863e-13
   5.368833e-13
   5.529828e-13
   5.808916e-13
   5.804727e-13
   4.875399e-13
   2.718502e-13
  -2.917373e-14
  -3.268407e-13
  -5.296787e-13
  -5.817263e-13
  -4.679160e-13
  -2.046784e-13
   1.537506e-13
   4.977472e-13
   6.775195e-13
   5.799802e-13
   2.258541e-13
  -2.051908e-13
  -4.735427e-13
  -4.448482e-13
  -1.888832e-13
   7.644400e-14
   1.538124e-13
   9.251664e-15
  -2.226904e-13
  -3.617339e-13
  -3.215393e-13
  -1.584780e-13
  -1.076400e-14
   5.823224e-15
  -1.342303e-13
  -3.668305e-13
  -5.875376e-13
  -7.116963e-13
  -7.158546e-13
  -6.416366e-13
  -5.550891e-13
  -4.807668e-13
  -3.615351e-13
  -9.404366e-14
   3.666102e-13
   9.139439e-13
   1.306190e-12
   1.311206e-12
   8.842429e-13
   2.346343e-13
  -2.878768e-13
  -4.142384e-13
  -1.221962e-13
   3.741204e-13
   7.948630e-13
   9.882952e-13
   1.002556e-12
   9.947492e-13
   1.065432e-12
   1.159011e-12
   1.112127e-12
   8.121833e-13
   3.364778e-13
  -5.341863e-14
  -8.364955e-14
   3.082938e-13
   8.781686e-13
   1.211771e-12
   1.016817e-12
   3.483781e-13
  -4.219550e-13
  -8.786387e-13
  -8.561379e-13
  -5.177721e-13
  -1.764158e-13
  -3.578461e-14
  -7.560132e-14
  -1.458069e-13
  -1.433849e-13
  -1.003764e-13
  -1.274752e-13
  -2.954763e-13
  -5.684695e-13
  -8.300978e-13
  -9.622015e-13
  -9.128078e-13
  -7.175384e-13
  -4.720074e-13
  -2.747615e-13
  -1.750339e-13
  -1.603034e-13
  -1.909641e-13
  -2.466681e-13
  -3.349626e-13
  -4.517386e-13
  -5.392997e-13
  -4.988148e-13
  -2.619042e-13
   1.373320e-13
   5.580573e-13
   8.299825e-13
   8.585465e-13
   6.811842e-13
   4.332751e-13
   2.468809e-13
   1.549354e-13
   7.466219e-14
  -1.104023e-13
  -4.292619e-13
  -7.650478e-13
  -9.208569e-13
  -7.689298e-13
  -3.632924e-13
   8.263064e-14
   3.410813e-13
   3.215879e-13
   1.094272e-13
  -1.304030e-13
  -2.935558e-13
  -4.016737e-13
  -5.452647e-13
  -7.635278e-13
  -9.727577e-13
  -1.012414e-12
  -7.776232e-13
  -3.313035e-13
   9.968856e-14
   2.533041e-13
   8.625679e-15
  -4.933410e-13
  -8.839281e-13
  -8.744015e-13
  -8.355606e-13
  -1.991225e-12
  -4.547344e-12
  -2.885687e-12
   1.666660e-11
   5.907945e-11
   7.016586e-11
  -1.138223e-10
  -6.730464e-10
  -1.340992e-09
  -5.488562e-10
   5.017338e-09
   1.818139e-08
   3.299526e-08
   1.880765e-08
  -9.655391e-08
  -4.193396e-07
  -1.003926e-06
  -1.598207e-06
  -1.095755e-06
   3.453164e-06
   1.842527e-05
   5.594409e-05
   1.370536e-04
   2.958366e-04
   5.845457e-04
   1.079798e-03
   1.889868e-03
   3.163103e-03
   5.097457e-03
   7.951127e-03
   1.205426e-02
   1.782163e-02
   2.576632e-02
   3.651408e-02
   5.081856e-02
   6.957704e-02
   9.384657e-02
   1.248605e-01
   1.640449e-01
   2.130353e-01
   2.736927e-01
   3.481195e-01
   4.386747e-01
   5.479880e-01
   6.789733e-01
   8.348403e-01
   1.019106e+00
   1.235602e+00
   1.488484e+00
   1.782235e+00
   2.121670e+00
   2.511934e+00
   2.958504e+00
   3.467185e+00
   4.044099e+00
   4.695681e+00
   5.428664e+00
   6.250067e+00
   7.167175e+00
   8.187521e+00
   9.318864e+00
   1.056916e+01
   1.194655e+01
   1.345930e+01
   1.511579e+01
   1.692451e+01
   1.889394e+01
   2.103260e+01
   2.334897e+01
   2.585145e+01
   2.854833e+01
   3.144775e+01
   3.455763e+01
   3.788567e+01
   4.143928e+01
   4.522556e+01
   4.925123e+01
   5.352260e+01
   5.804555e+01
   6.282548e+01
   6.786727e+01
   7.317525e+01
   7.875318e+01
   8.460418e+01
   9.073078e+01
   9.713480e+01
   1.038174e+02
   1.107791e+02
   1.180196e+02
   1.255380e+02
   1.333325e+02
   1.414008e+02
   1.497396e+02
   1.583450e+02
   1.672124e+02
   1.763364e+02
   1.857111e+02
   1.953295e+02
   2.051842e+02
   2.152673e+02
   2.255698e+02
   2.360825e+02
   2.467954e+02
   2.576981e+02
   2.687794e+02
   2.800281e+02
   2.914320e+02
   3.029787e+02
   3.146556e+02
   3.264496e+02
   3.383470e+02
   3.503343e+02
   3.623975e+02
   3.745224e+02
   3.866947e+02
   3.988999e+02
   4.111233e+02
   4.233505e+02
   4.355665e+02
   4.477567e+02
   4.599065e+02
   4.720011e+02
   4.840258e+02
   4.959663e+02
   5.078081e+02
   5.195369e+02
   5.311385e+02
   5.425990e+02
   5.539046e+02
   5.650416e+02
   5.759966e+02
   5.867564e+02
   5.973080e+02
   6.076385e+02
   6.177355e+02
   6.275867e+02
   6.371799e+02
   6.465033e+02
   6.555454e+02
   6.642948e+02
   6.727405e+02
   6.808716e+02
   6.886776e+02
   6.961483e+02
   7.032736e+02
   7.100438e+02
   7.164496e+02
   7.224818e+02
   7.281316e+02
   7.333905e+02
   7.382504e+02
   7.427035e+02
   7.467422e+02
   7.503594e+02
   7.535486e+02
   7.563033e+02
   7.586177e+02
   7.604862e+02
   7.619040e+02
   7.628664e+02
   7.633694e+02
   7.634094e+02
   7.629836e+02
   7.620893e+02
   7.607248e+02
   7.588886e+02
   7.565802e+02
   7.537994e+02
   7.505467e+02
   7.468235e+02
   7.426314e+02
   7.379732e+02
   7.328518e+02
   7.272714e+02
   7.212364e+02
   7.147521e+02
   7.078246e+02
   7.004603e+02
   6.926667e+02
   6.844518e+02
   6.758242e+02
   6.667933e+02
   6.573688e+02
   6.475614e+02
   6.373822e+02
   6.268427e+02
   6.159552e+02
   6.047322e+02
   5.931870e+02
   5.813329e+02
   5.691840e+02
   5.567544e+02
   5.440585e+02
   5.311113e+02
   5.179276e+02
   5.045226e+02
   4.909115e+02
   4.771094e+02
   4.631319e+02
   4.489940e+02
   4.347109e+02
   4.202977e+02
   4.057693e+02
   3.911403e+02
   3.764250e+02
   3.616375e+02
   3.467917e+02
   3.319007e+02
   3.169776e+02
   3.020350e+02
   2.870847e+02
   2.721384e+02
   2.572071e+02
   2.423012e+02
   2.274308e+02
   2.126052e+02
   1.978331e+02
   1.831229e+02
   1.684822e+02
   1.539181e+02
   1.394370e+02
   1.250448e+02
   1.107470e+02
   9.654844e+01
   8.245332e+01
   6.846548e+01
   5.458822e+01
   4.082436e+01
   2.717630e+01
   1.364599e+01
   2.350135e-01
  -1.305543e+01
  -2.622448e+01
  -3.927158e+01
  -5.219644e+01
  -6.499906e+01
  -7.767962e+01
  -9.023854e+01
  -1.026764e+02
  -1.149938e+02
  -1.271917e+02
  -1.392710e+02
  -1.512326e+02
  -1.630775e+02
  -1.748069e+02
  -1.864218e+02
  -1.979233e+02
  -2.093123e+02
  -2.205899e+02
  -2.317571e+02
  -2.428147e+02
  -2.537637e+02
  -2.646046e+02
  -2.753383e+02
  -2.859654e+02
  -2.964863e+02
  -3.069016e+02
  -3.172117e+02
  -3.274167e+02
  -3.375171e+02
  -3.475129e+02
  -3.574042e+02
  -3.671912e+02
  -3.768736e+02
  -3.864516e+02
  -3.959249e+02
  -4.052934e+02
  -4.145569e+02
  -4.237151e+02
  -4.327678e+02
  -4.417146e+02
  -4.505551e+02
  -4.592889e+02
  -4.679156e+02
  -4.764347e+02
  -4.848456e+02
  -4.931478e+02
  -5.013405e+02
  -5.094231e+02
  -5.173946e+02
  -5.252542e+02
  -5.330008e+02
  -5.406334e+02
  -5.481506e+02
  -5.555509e+02
  -5.628330e+02
  -5.699948e+02
  -5.770347e+02
  -5.839503e+02
  -5.907393e+02
  -5.973992e+02
  -6.039271e+02
  -6.103200e+02
  -6.165744e+02
  -6.226868e+02
  -6.286533e+02
  -6.344696e+02
  -6.401313e+02
  -6.456337e+02
  -6.509715e+02
  -6.561396e+02
  -6.611322e+02
  -6.659434e+02
  -6.705670e+02
  -6.749965e+02
  -6.792253e+02
  -6.832464e+02
  -6.870528e+02
  -6.906370e+02
  -6.939917e+02
  -6.971092e+02
  -6.999818e+02
  -7.026019e+02
  -7.049615e+02
  -7.070530e+02
  -7.088685e+02
  -7.104003e+02
  -7.116410e+02
  -7.125830e+02
  -7.132193e+02
  -7.135427e+02
  -7.135467e+02
  -7.132248e+02
  -7.125710e+02
  -7.115797e+02
  -7.102456e+02
  -7.085641e+02
  -7.065310e+02
  -7.041425e+02
  -7.013956e+02
  -6.982876e+02
  -6.948168e+02
  -6.909819e+02
  -6.867823e+02
  -6.822180e+02
  -6.772899e+02
  -6.719995e+02
  -6.663489e+02
  -6.603411e+02
  -6.539796e+02
  -6.472689e+02
  -6.402140e+02
  -6.328206e+02
  -6.250952e+02
  -6.170447e+02
  -6.086771e+02
  -6.000005e+02
  -5.910239e+02
  -5.817569e+02
  -5.722096e+02
  -5.623924e+02
  -5.523164e+02
  -5.419932e+02
  -5.314346e+02
  -5.206529e+02
  -5.096605e+02
  -4.984706e+02
  -4.870961e+02
  -4.755504e+02
  -4.638470e+02
  -4.519996e+02
  -4.400220e+02
  -4.279280e+02
  -4.157314e+02
  -4.034461e+02
  -3.910859e+02
  -3.786646e+02
  -3.661959e+02
  -3.536932e+02
  -3.411700e+02
  -3.286395e+02
  -3.161147e+02
  -3.036085e+02
  -2.911335e+02
  -2.787020e+02
  -2.663261e+02
  -2.540178e+02
  -2.417885e+02
  -2.296496e+02
  -2.176120e+02
  -2.056866e+02
  -1.938836e+02
  -1.822134e+02
  -1.706856e+02
  -1.593098e+02
  -1.480953e+02
  -1.370511e+02
  -1.261857e+02
  -1.155075e+02
  -1.050246e+02
  -9.474472e+01
  -8.467542e+01
  -7.482385e+01
  -6.519693e+01
  -5.580125e+01
  -4.664314e+01
  -3.772861e+01
  -2.906338e+01
  -2.065287e+01
  -1.250219e+01
  -4.616102e+00
   3.000912e+00
   1.034473e+01
   1.741156e+01
   2.419798e+01
   3.070091e+01
   3.691764e+01
   4.284588e+01
   4.848369e+01
   5.382959e+01
   5.888247e+01
   6.364169e+01
   6.810703e+01
   7.227874e+01
   7.615754e+01
   7.974460e+01
   8.304158e+01
   8.605064e+01
   8.877443e+01
   9.121608e+01
   9.337923e+01
   9.526802e+01
   9.688709e+01
   9.824154e+01
   9.933700e+01
   1.001795e+02
   1.007757e+02
   1.011325e+02
   1.012573e+02
   1.011580e+02
   1.008429e+02
   1.003205e+02
   9.959977e+01
   9.869001e+01
   9.760077e+01
   9.634187e+01
   9.492334e+01
   9.335542e+01
   9.164847e+01
   8.981301e+01
   8.785961e+01
   8.579888e+01
   8.364145e+01
   8.139788e+01
   7.907870e+01
   7.669428e+01
   7.425488e+01
   7.177052e+01
   6.925105e+01
   6.670603e+01
   6.414472e+01
   6.157608e+01
   5.900872e+01
   5.645085e+01
   5.391029e+01
   5.139444e+01
   4.891026e+01
   4.646423e+01
   4.406238e+01
   4.171024e+01
   3.941286e+01
   3.717480e+01
   3.500010e+01
   3.289233e+01
   3.085455e+01
   2.888934e+01
   2.699881e+01
   2.518460e+01
   2.344790e+01
   2.178947e+01
   2.020966e+01
   1.870841e+01
   1.728531e+01
   1.593960e+01
   1.467018e+01
   1.347567e+01
   1.235441e+01
   1.130450e+01
   1.032383e+01
   9.410099e+00
   8.560840e+00
   7.773459e+00
   7.045252e+00
   6.373432e+00
   5.755159e+00
   5.187557e+00
   4.667740e+00
   4.192831e+00
   3.759984e+00
   3.366397e+00
   3.009333e+00
   2.686134e+00
   2.394227e+00
   2.131144e+00
   1.894523e+00
   1.682120e+00
   1.491812e+00
   1.321601e+00
   1.169617e+00
   1.034117e+00
   9.134857e-01
   8.062320e-01
   7.109868e-01
   6.264981e-01
   5.516257e-01
   4.853359e-01
   4.266945e-01
   3.748605e-01
   3.290784e-01
   2.886717e-01
   2.530354e-01
   2.216297e-01
   1.939729e-01
   1.696359e-01
   1.482366e-01
   1.294349e-01
   1.129282e-01
   9.844765e-02
   8.575459e-02
   7.463719e-02
   6.490765e-02
   5.639961e-02
   4.896579e-02
   4.247591e-02
   3.681483e-02
   3.188083e-02
   2.758419e-02
   2.384575e-02
   2.059580e-02
   1.777298e-02
   1.532329e-02
   1.319930e-02
   1.135934e-02
   9.766877e-03
   8.389865e-03
   7.200248e-03
   6.173476e-03
   5.288083e-03
   4.525323e-03
   3.868834e-03
   3.304351e-03
   2.819449e-03
   2.403316e-03
   2.046549e-03
   1.740983e-03
   1.479533e-03
   1.256054e-03
   1.065227e-03
   9.024479e-04
   7.637387e-04
   6.456636e-04
   5.452590e-04
   4.599712e-04
   3.876018e-04
   3.262606e-04
   2.743236e-04
   2.303974e-04
   1.932876e-04
   1.619715e-04
   1.355743e-04
   1.133487e-04
   9.465682e-05
   7.895504e-05
   6.578038e-05
   5.473907e-05
   4.549662e-05
   3.776917e-05
   3.131616e-05
   2.593392e-05
   2.145026e-05
   1.771976e-05
   1.461975e-05
   1.204688e-05
   9.914215e-06
   8.148671e-06
   6.688922e-06
   5.483557e-06
   4.489537e-06
   3.670877e-06
   2.997527e-06
   2.444429e-06
   1.990715e-06
   1.619027e-06
   1.314947e-06
   1.066518e-06
   8.638327e-07
   6.986972e-07
   5.643420e-07
   4.551831e-07
   3.666200e-07
   2.948688e-07
   2.368211e-07
   1.899274e-07
   1.520992e-07
   1.216282e-07
   9.711957e-08
   7.743557e-08
   6.164983e-08
   4.900908e-08
   3.890199e-08
   3.083312e-08
   2.440129e-08
   1.928204e-08
   1.521351e-08
   1.198495e-08
   9.426916e-09
   7.403304e-09
   5.804988e-09
   4.544662e-09
   3.552525e-09
   2.772753e-09
   2.160756e-09
   1.681048e-09
   1.305562e-09
   1.012234e-09
   7.836850e-10
   6.060345e-10
   4.680868e-10
   3.609311e-10
   2.776710e-10
   2.130489e-10
   1.630363e-10
   1.245292e-10
   9.510278e-11
   7.276483e-11
   5.579530e-11
   4.274820e-11
   3.253255e-11
   2.446180e-11
   1.820953e-11
   1.361418e-11
   1.040214e-11
   8.095500e-12
   6.242518e-12
   4.689716e-12
   3.522549e-12
   2.753412e-12
   2.192335e-12
   1.654140e-12
   1.161048e-12
   8.401263e-13
   6.955538e-13
   6.000563e-13
   4.842212e-13
   4.116958e-13
   4.398573e-13
   5.030927e-13
   4.938524e-13
   3.971414e-13
   2.745437e-13
   1.519488e-13
   5.858242e-15
  -1.396490e-13
  -1.845965e-13
  -6.866469e-14
   1.227043e-13
   2.165071e-13
   1.095354e-13
  -1.580771e-13
  -4.692645e-13
  -7.273212e-13
  -8.785994e-13
  -8.800327e-13
  -6.995011e-13
  -3.667345e-13
   6.281449e-15
   2.832739e-13
   3.781996e-13
   2.851751e-13
   8.392665e-14
  -6.768202e-14
  -2.213621e-15
   3.236494e-13
   7.409401e-13
   9.548857e-13
   7.867532e-13
   3.587284e-13
   1.106926e-14
   4.367399e-15
   2.973623e-13
   6.064282e-13
   6.645636e-13
   4.357146e-13
   1.136961e-13
  -6.840440e-14
  -3.118565e-14
   1.203416e-13
   2.075295e-13
   1.010937e-13
  -2.033206e-13
  -5.599291e-13
  -7.419837e-13
  -6.143301e-13
  -2.733183e-13
   1.136639e-14
   3.396432e-14
  -1.525700e-13
  -2.942752e-13
  -2.078741e-13
   2.241614e-14
   1.516131e-13
   5.316440e-14
  -1.703651e-13
  -3.414573e-13
  -3.777687e-13
  -2.850897e-13
  -8.304017e-14
   1.862070e-13
   4.264527e-13
   5.389295e-13
   5.063289e-13
   4.071741e-13
   3.513294e-13
   3.837187e-13
   4.166950e-13
   2.771705e-13
  -1.117946e-13
  -5.774587e-13
  -7.915015e-13
  -5.897413e-13
  -1.880379e-13
  -5.451988e-15
  -2.353794e-13
  -6.386781e-13
  -8.140992e-13
  -6.417260e-13
  -3.828690e-13
  -3.372878e-13
  -4.860777e-13
  -5.369355e-13
  -2.868179e-13
   1.409712e-13
   4.426496e-13
   4.631266e-13
   3.285731e-13
   2.669900e-13
   3.544710e-13
   4.625239e-13
   4.215204e-13
   1.967383e-13
  -9.039154e-14
  -2.768873e-13
  -2.747395e-13
  -1.010466e-13
   1.555201e-13
   3.755172e-13
   4.527853e-13
   3.543134e-13
   1.513678e-13
  -3.182325e-14
  -1.127403e-13
  -9.129893e-14
  -1.205436e-14
   8.551668e-14
   1.782356e-13
   2.503476e-13
   2.933799e-13
   3.075373e-13
   2.932645e-13
   2.484996e-13
   1.817292e-13
   1.148541e-13
   5.781756e-14
  -4.975579e-15
  -7.397455e-14
  -8.920069e-14
   2.444422e-14
   2.409992e-13
   4.007456e-13
   3.490406e-13
   1.160797e-13
  -8.029612e-14
  -4.684452e-14
   1.711628e-13
   3.164317e-13
   1.782451e-13
  -1.888298e-13
  -5.220070e-13
  -6.071699e-13
  -4.449726e-13
  -1.753149e-13
   9.523326e-14
   3.438648e-13
   5.430494e-13
   6.027021e-13
   4.507368e-13
   1.515656e-13
  -1.116103e-13
  -1.990880e-13
  -1.375880e-13
  -6.466155e-14
  -8.010385e-14
  -1.829352e-13
  -3.252563e-13
  -4.683662e-13
  -5.768792e-13
  -6.051482e-13
  -5.274796e-13
  -3.779646e-13
  -2.378614e-13
  -1.640615e-13
  -1.248879e-13
  -2.536069e-14
   1.842764e-13
   4.424457e-13
   6.477985e-13
   7.735043e-13
   8.522432e-13
   8.529243e-13
   6.588470e-13
   2.250316e-13
  -2.887028e-13
  -6.139514e-13
  -6.054262e-13
  -3.408736e-13
  -4.016118e-15
   2.762886e-13
   4.603647e-13
   5.314252e-13
   4.542400e-13
   2.075177e-13
  -1.617491e-13
  -5.286889e-13
  -7.467987e-13
  -7.350973e-13
  -5.300783e-13
  -2.617443e-13
  -7.370167e-14
  -3.806094e-14
  -1.101295e-13
  -1.636445e-13
  -1.127217e-13
  -2.498464e-14
  -7.925547e-14
  -3.634602e-13
  -7.219337e-13
  -8.526769e-13
  -5.863865e-13
  -6.466710e-14
   3.675640e-13
   4.501788e-13
   2.063427e-13
  -1.120144e-13
  -2.545672e-13
  -1.624881e-13
   3.088686e-14
   1.543307e-13
   1.486937e-13
   8.284154e-14
   4.597843e-14
   4.530927e-14
   2.126888e-14
  -4.834016e-14
  -9.618538e-14
  -4.518100e-14
   7.672045e-14
   1.496277e-13
   1.090183e-13
   4.171491e-14
   8.816992e-14
   2.602457e-13
   4.118933e-13
   4.098624e-13
   2.841460e-13
   1.625118e-13
   8.551628e-14
  -4.189381e-14
  -2.957112e-13
  -5.819662e-13
  -6.891220e-13
  -4.879817e-13
  -6.103913e-14
   3.583731e-13
   5.633305e-13
   5.112234e-13
   3.205684e-13
   1.416829e-13
   2.264135e-14
  -1.783067e-13
  -2.748937e-13
  -3.933205e-13
  -7.082255e-13
  -1.158592e-12
  -1.366040e-12
  -9.405198e-13
   9.954502e-14
   1.235379e-12
   1.806357e-12
   1.503931e-12
   5.803707e-13
  -3.696965e-13
  -8.437190e-13
  -7.422099e-13
  -3.596025e-13
  -1.126920e-13
  -2.328924e-13
  -6.322956e-13
  -1.006450e-12
  -1.074685e-12
  -7.753656e-13
  -2.847847e-13
   1.200933e-13
   2.306144e-13
   1.486389e-14
  -3.613637e-13
  -6.281310e-13
  -6.117063e-13
  -3.931647e-13
  -2.332227e-13
  -2.982201e-13
  -4.771266e-13
  -5.004282e-13
  -2.320601e-13
   1.792628e-13
   4.396624e-13
   3.922016e-13
   1.601062e-13
   1.009168e-14
   7.779546e-14
   2.467444e-13
   3.078092e-13
   2.083349e-13
   1.002018e-13
   1.413429e-13
   2.976130e-13
   3.788068e-13
   2.554362e-13
  -6.235381e-16
  -1.963691e-13
  -1.996753e-13
  -1.812520e-14
   2.646329e-13
   5.663686e-13
   8.075686e-13
   8.905274e-13
   7.404768e-13
   3.899623e-13
   6.037449e-15
  -2.053574e-13
  -1.656033e-13
  -6.683870e-15
   4.228426e-14
  -1.217267e-13
  -3.778731e-13
  -5.148408e-13
  -4.318970e-13
  -1.952155e-13
   4.946257e-14
   1.655877e-13
   7.153160e-14
  -1.989749e-13
  -4.513659e-13
  -4.263495e-13
  -3.692835e-14
   4.803088e-13
   7.173529e-13
   4.591727e-13
  -1.001627e-13
  -5.283760e-13
  -5.399090e-13
  -2.020150e-13
   2.003754e-13
   4.338369e-13
   4.488413e-13
   3.356389e-13
   2.316433e-13
   2.541825e-13
   4.370195e-13
   6.813981e-13
   8.058127e-13
   7.110949e-13
   5.003958e-13
   3.777206e-13
   4.107167e-13
   4.566304e-13
   3.564940e-13
   1.318041e-13
  -7.719291e-14
  -2.120083e-13
  -3.390523e-13
  -5.028534e-13
  -6.243862e-13
  -5.852424e-13
  -3.809279e-13
  -1.485657e-13
  -2.140962e-14
   3.089710e-14
   1.627570e-13
   4.231961e-13
   6.295273e-13
   5.503434e-13
   1.829864e-13
  -2.388845e-13
  -4.985727e-13
  -5.634381e-13
  -4.983833e-13
  -3.261049e-13
  -5.176843e-14
   2.142453e-13
   2.620696e-13
  -1.429891e-14
  -4.367434e-13
  -6.658126e-13
  -5.645115e-13
  -3.735682e-13
  -4.441760e-13
  -8.434903e-13
  -1.305421e-12
  -1.523945e-12
  -1.402815e-12
  -1.051689e-12
  -6.366826e-13
  -2.432516e-13
   1.562058e-13
   5.911140e-13
   9.525218e-13
   1.036236e-12
   7.563263e-13
   2.511619e-13
  -2.343821e-13
  -4.795812e-13
  -3.119929e-13
   3.010036e-13
   1.072955e-12
   1.474107e-12
   1.183140e-12
   4.326850e-13
  -2.048430e-13
  -3.380152e-13
  -3.321487e-15
   4.975506e-13
   8.649710e-13
   9.500404e-13
   7.843352e-13
   5.130859e-13
   2.657897e-13
   9.375369e-14
   4.046024e-14
   1.880130e-13
   5.368480e-13
   8.924087e-13
   1.005306e-12
   8.163877e-13
   4.557231e-13
   4.682347e-14
  -3.402518e-13
  -6.074642e-13
  -7.102344e-13
  -7.782589e-13
  -9.157378e-13
  -9.087585e-13
  -4.271214e-13
   4.184331e-13
   9.875840e-13
   7.380115e-13
  -1.780310e-13
  -1.046480e-12
  -1.252013e-12
  -7.563130e-13
  -7.204281e-15
   5.109817e-13
   6.199119e-13
   4.508697e-13
   2.553672e-13
   2.295161e-13
   3.836238e-13
   5.165374e-13
   4.303162e-13
   2.001474e-13
   7.475078e-14
   9.238607e-14
   1.401852e-14
  -3.034192e-13
  -6.850487e-13
  -8.781712e-13
  -8.315790e-13
  -6.371531e-13
  -3.476327e-13
   1.548759e-14
   3.538621e-13
   5.218644e-13
   4.671859e-13
   2.814637e-13
   1.032443e-13
  -3.695700e-15
  -8.883952e-14
  -2.609258e-13
  -5.680161e-13
  -8.902873e-13
  -9.885688e-13
  -7.125151e-13
  -1.423991e-13
   4.769306e-13
   8.767024e-13
   8.567672e-13
   3.949376e-13
  -2.339543e-13
  -5.526630e-13
  -2.809900e-13
   3.441496e-13
   8.043878e-13
   8.705716e-13
   7.380886e-13
   5.877678e-13
   3.362772e-13
  -5.489931e-14
  -3.503298e-13
  -3.383368e-13
  -1.408859e-13
  -4.628970e-14
  -1.744126e-13
  -4.021562e-13
  -4.834613e-13
  -1.915232e-13
   4.886629e-13
   1.223798e-12
   1.567858e-12
   1.498366e-12
   1.603101e-12
   2.557102e-12
   4.449625e-12
   6.736461e-12
   8.878330e-12
   1.103946e-11
   1.411311e-11
   1.892359e-11
   2.549024e-11
   3.342080e-11
   4.305673e-11
   5.581522e-11
   7.327147e-11
   9.636253e-11
   1.258640e-10
   1.634874e-10
   2.123018e-10
   2.762736e-10
   3.597607e-10
   4.676751e-10
   6.062706e-10
   7.840160e-10
   1.012172e-09
   1.305105e-09
   1.680609e-09
   2.160651e-09
   2.772869e-09
   3.552584e-09
   4.544625e-09
   5.804974e-09
   7.403240e-09
   9.426587e-09
   1.198436e-08
   1.521289e-08
   1.928153e-08
   2.440093e-08
   3.083301e-08
   3.890227e-08
   4.900962e-08
   6.165032e-08
   7.743589e-08
   9.711998e-08
   1.216291e-07
   1.521003e-07
   1.899286e-07
   2.368224e-07
   2.948705e-07
   3.666224e-07
   4.551859e-07
   5.643449e-07
   6.987000e-07
   8.638359e-07
   1.066522e-06
   1.314951e-06
   1.619032e-06
   1.990721e-06
   2.444437e-06
   2.997535e-06
   3.670885e-06
   4.489547e-06
   5.483569e-06
   6.688936e-06
   8.148687e-06
   9.914232e-06
   1.204690e-05
   1.461977e-05
   1.771979e-05
   2.145030e-05
   2.593396e-05
   3.131620e-05
   3.776922e-05
   4.549667e-05
   5.473913e-05
   6.578045e-05
   7.895513e-05
   9.465692e-05
   1.133488e-04
   1.355744e-04
   1.619716e-04
   1.932878e-04
   2.303976e-04
   2.743238e-04
   3.262608e-04
   3.876021e-04
   4.599715e-04
   5.452594e-04
   6.456640e-04
   7.637392e-04
   9.024485e-04
   1.065227e-03
   1.256055e-03
   1.479534e-03
   1.740984e-03
   2.046550e-03
   2.403317e-03
   2.819451e-03
   3.304352e-03
   3.868835e-03
   4.525325e-03
   5.288085e-03
   6.173478e-03
   7.200251e-03
   8.389868e-03
   9.766880e-03
   1.135935e-02
   1.319930e-02
   1.532330e-02
   1.777298e-02
   2.059581e-02
   2.384575e-02
   2.758419e-02
   3.188084e-02
   3.681484e-02
   4.247593e-02
   4.896580e-02
   5.639962e-02
   6.490766e-02
   7.463720e-02
   8.575461e-02
   9.844769e-02
   1.129282e-01
   1.294349e-01
   1.482366e-01
   1.696359e-01
   1.939729e-01
   2.216299e-01
   2.530361e-01
   2.886733e-01
   3.290814e-01
   3.748656e-01
   4.267034e-01
   4.853529e-01
   5.516613e-01
   6.265745e-01
   7.111471e-01
   8.065535e-01
   9.140994e-01
   1.035233e+00
   1.171560e+00
   1.324851e+00
   1.497063e+00
   1.690345e+00
   1.907056e+00
   2.149775e+00
   2.421320e+00
   2.724753e+00
   3.063398e+00
   3.440851e+00
   3.860991e+00
   4.327989e+00
   4.846316e+00
   5.420753e+00
   6.056394e+00
   6.758653e+00
   7.533265e+00
   8.386286e+00
   9.324095e+00
   1.035339e+01
   1.148117e+01
   1.271475e+01
   1.406174e+01
   1.553003e+01
   1.712778e+01
   1.886339e+01
   2.074552e+01
   2.278301e+01
   2.498492e+01
   2.736044e+01
   2.991892e+01
   3.266982e+01
   3.562264e+01
   3.878697e+01
   4.217238e+01
   4.578842e+01
   4.964457e+01
   5.375023e+01
   5.811463e+01
   6.274686e+01
   6.765576e+01
   7.284994e+01
   7.833771e+01
   8.412704e+01
   9.022555e+01
   9.664042e+01
   1.033784e+02
   1.104458e+02
   1.178485e+02
   1.255915e+02
   1.336796e+02
   1.421169e+02
   1.509067e+02
   1.600520e+02
   1.695547e+02
   1.794164e+02
   1.896377e+02
   2.002188e+02
   2.111588e+02
   2.224563e+02
   2.341092e+02
   2.461145e+02
   2.584685e+02
   2.711668e+02
   2.842042e+02
   2.975749e+02
   3.112722e+02
   3.252887e+02
   3.396166e+02
   3.542470e+02
   3.691707e+02
   3.843775e+02
   3.998569e+02
   4.155977e+02
   4.315880e+02
   4.478156e+02
   4.642674e+02
   4.809303e+02
   4.977902e+02
   5.148330e+02
   5.320440e+02
   5.494080e+02
   5.669097e+02
   5.845333e+02
   6.022628e+02
   6.200818e+02
   6.379737e+02
   6.559219e+02
   6.739092e+02
   6.919187e+02
   7.099331e+02
   7.279349e+02
   7.459068e+02
   7.638313e+02
   7.816907e+02
   7.994676e+02
   8.171444e+02
   8.347035e+02
   8.521275e+02
   8.693991e+02
   8.865007e+02
   9.034154e+02
   9.201259e+02
   9.366154e+02
   9.528670e+02
   9.688641e+02
   9.845904e+02
   1.000030e+03
   1.015166e+03
   1.029983e+03
   1.044467e+03
   1.058600e+03
   1.072370e+03
   1.085761e+03
   1.098758e+03
   1.111349e+03
   1.123519e+03
   1.135256e+03
   1.146546e+03
   1.157378e+03
   1.167738e+03
   1.177617e+03
   1.187003e+03
   1.195885e+03
   1.204253e+03
   1.212099e+03
   1.219412e+03
   1.226186e+03
   1.232411e+03
   1.238080e+03
   1.243188e+03
   1.247727e+03
   1.251693e+03
   1.255081e+03
   1.257886e+03
   1.260105e+03
   1.261735e+03
   1.262775e+03
   1.263222e+03
   1.263075e+03
   1.262336e+03
   1.261003e+03
   1.259078e+03
   1.256563e+03
   1.253461e+03
   1.249774e+03
   1.245507e+03
   1.240664e+03
   1.235249e+03
   1.229269e+03
   1.222729e+03
   1.215637e+03
   1.207999e+03
   1.199824e+03
   1.191119e+03
   1.181894e+03
   1.172158e+03
   1.161920e+03
   1.151191e+03
   1.139980e+03
   1.128299e+03
   1.116159e+03
   1.103570e+03
   1.090544e+03
   1.077094e+03
   1.063231e+03
   1.048966e+03
   1.034313e+03
   1.019283e+03
   1.003888e+03
   9.881411e+02
   9.720542e+02
   9.556396e+02
   9.389094e+02
   9.218756e+02
   9.045502e+02
   8.869450e+02
   8.690716e+02
   8.509415e+02
   8.325660e+02
   8.139561e+02
   7.951226e+02
   7.760762e+02
   7.568272e+02
   7.373856e+02
   7.177613e+02
   6.979639e+02
   6.780026e+02
   6.578864e+02
   6.376241e+02
   6.172241e+02
   5.966946e+02
   5.760435e+02
   5.552784e+02
   5.344067e+02
   5.134355e+02
   4.923718e+02
   4.712222e+02
   4.499932e+02
   4.286909e+02
   4.073214e+02
   3.858906e+02
   3.644040e+02
   3.428671e+02
   3.212854e+02
   2.996639e+02
   2.780077e+02
   2.563218e+02
   2.346111e+02
   2.128801e+02
   1.911336e+02
   1.693762e+02
   1.476123e+02
   1.258465e+02
   1.040830e+02
   8.232639e+01
   6.058086e+01
   3.885077e+01
   1.714041e+01
  -4.545928e+00
  -2.620396e+01
  -4.782940e+01
  -6.941797e+01
  -9.096536e+01
  -1.124673e+02
  -1.339193e+02
  -1.553173e+02
  -1.766566e+02
  -1.979331e+02
  -2.191421e+02
  -2.402794e+02
  -2.613403e+02
  -2.823203e+02
  -3.032149e+02
  -3.240195e+02
  -3.447294e+02
  -3.653399e+02
  -3.858462e+02
  -4.062436e+02
  -4.265272e+02
  -4.466920e+02
  -4.667331e+02
  -4.866454e+02
  -5.064238e+02
  -5.260631e+02
  -5.455580e+02
  -5.649031e+02
  -5.840930e+02
  -6.031220e+02
  -6.219846e+02
  -6.406750e+02
  -6.591872e+02
  -6.775154e+02
  -6.956534e+02
  -7.135949e+02
  -7.313337e+02
  -7.488632e+02
  -7.661768e+02
  -7.832678e+02
  -8.001293e+02
  -8.167543e+02
  -8.331357e+02
  -8.492661e+02
  -8.651383e+02
  -8.807446e+02
  -8.960775e+02
  -9.111291e+02
  -9.258916e+02
  -9.403572e+02
  -9.545176e+02
  -9.683648e+02
  -9.818907e+02
  -9.950869e+02
  -1.007945e+03
  -1.020457e+03
  -1.032615e+03
  -1.044410e+03
  -1.055833e+03
  -1.066878e+03
  -1.077534e+03
  -1.087796e+03
  -1.097653e+03
  -1.107100e+03
  -1.116127e+03
  -1.124728e+03
  -1.132895e+03
  -1.140621e+03
  -1.147900e+03
  -1.154724e+03
  -1.161088e+03
  -1.166985e+03
  -1.172411e+03
  -1.177359e+03
  -1.181825e+03
  -1.185804e+03
  -1.189293e+03
  -1.192287e+03
  -1.194785e+03
  -1.196782e+03
  -1.198277e+03
  -1.199268e+03
  -1.199755e+03
  -1.199735e+03
  -1.199210e+03
  -1.198180e+03
  -1.196645e+03
  -1.194608e+03
  -1.192070e+03
  -1.189033e+03
  -1.185502e+03
  -1.181480e+03
  -1.176970e+03
  -1.171979e+03
  -1.166511e+03
  -1.160572e+03
  -1.154168e+03
  -1.147307e+03
  -1.139995e+03
  -1.132241e+03
  -1.124053e+03
  -1.115439e+03
  -1.106409e+03
  -1.096972e+03
  -1.087138e+03
  -1.076918e+03
  -1.066322e+03
  -1.055362e+03
  -1.044048e+03
  -1.032392e+03
  -1.020407e+03
  -1.008104e+03
  -9.954954e+02
  -9.825944e+02
  -9.694135e+02
  -9.559657e+02
  -9.422643e+02
  -9.283224e+02
  -9.141534e+02
  -8.997709e+02
  -8.851885e+02
  -8.704197e+02
  -8.554783e+02
  -8.403780e+02
  -8.251325e+02
  -8.097556e+02
  -7.942611e+02
  -7.786626e+02
  -7.629739e+02
  -7.472085e+02
  -7.313800e+02
  -7.155018e+02
  -6.995874e+02
  -6.836500e+02
  -6.677028e+02
  -6.517588e+02
  -6.358310e+02
  -6.199319e+02
  -6.040743e+02
  -5.882706e+02
  -5.725329e+02
  -5.568733e+02
  -5.413035e+02
  -5.258353e+02
  -5.104800e+02
  -4.952486e+02
  -4.801521e+02
  -4.652011e+02
  -4.504059e+02
  -4.357764e+02
  -4.213226e+02
  -4.070537e+02
  -3.929788e+02
  -3.791068e+02
  -3.654460e+02
  -3.520044e+02
  -3.387897e+02
  -3.258092e+02
  -3.130698e+02
  -3.005779e+02
  -2.883396e+02
  -2.763606e+02
  -2.646460e+02
  -2.532005e+02
  -2.420286e+02
  -2.311340e+02
  -2.205202e+02
  -2.101900e+02
  -2.001459e+02
  -1.903899e+02
  -1.809234e+02
  -1.717476e+02
  -1.628629e+02
  -1.542695e+02
  -1.459670e+02
  -1.379545e+02
  -1.302307e+02
  -1.227940e+02
  -1.156420e+02
  -1.087723e+02
  -1.021817e+02
  -9.586692e+01
  -8.982407e+01
  -8.404899e+01
  -7.853714e+01
  -7.328365e+01
  -6.828331e+01
  -6.353065e+01
  -5.901990e+01
  -5.474503e+01
  -5.069978e+01
  -4.687770e+01
  -4.327212e+01
  -3.987623e+01
  -3.668307e+01
  -3.368556e+01
  -3.087654e+01
  -2.824877e+01
  -2.579498e+01
  -2.350786e+01
  -2.138011e+01
  -1.940445e+01
  -1.757365e+01
  -1.588053e+01
  -1.431802e+01
  -1.287913e+01
  -1.155700e+01
  -1.034492e+01
  -9.236316e+00
  -8.224788e+00
  -7.304120e+00
  -6.468287e+00
  -5.711467e+00
  -5.028050e+00
  -4.412648e+00
  -3.860096e+00
  -3.365462e+00
  -2.924049e+00
  -2.531397e+00
  -2.183283e+00
  -1.875723e+00
  -1.604969e+00
  -1.367508e+00
  -1.160055e+00
  -9.795529e-01
  -8.231650e-01
  -6.882682e-01
  -5.724467e-01
  -4.734842e-01
  -3.893555e-01
  -3.182183e-01
  -2.584031e-01
  -2.084049e-01
  -1.668725e-01
  -1.325996e-01
  -1.045142e-01
  -8.166955e-02
  -6.323369e-02
  -4.848042e-02
  -3.677977e-02
  -2.758905e-02
  -2.044415e-02
  -1.495124e-02
  -1.077895e-02
  -7.650935e-03
  -5.338978e-03
  -3.656589e-03
  -2.453105e-03
  -1.608327e-03
  -1.027669e-03
  -6.378295e-04
  -3.829477e-04
  -2.212569e-04
  -1.221865e-04
  -6.389772e-05
  -3.121904e-05
  -1.394685e-05
  -5.475660e-06
  -1.720096e-06
  -2.903852e-07
   1.167417e-07
   1.493103e-07
   8.965055e-08
   3.618069e-08
   8.004135e-09
  -1.666564e-09
  -2.744822e-09
  -1.486400e-09
  -4.095297e-10
   3.906013e-11
   1.041347e-10
   5.309757e-11
   9.703167e-12
  -4.955332e-12
  -4.455212e-12
  -1.311640e-12
   2.003011e-13
   3.385984e-13
   1.152263e-13
  -1.238250e-14
  -2.609352e-14
  -8.121007e-15
   1.581269e-15
   2.013268e-15
   4.199216e-16
  -2.118171e-16
  -1.390884e-16
  -5.337810e-18
   2.206981e-17
   6.822533e-18
  -1.945789e-18
  -1.591826e-18
  -3.938571e-20
   2.499587e-19
   5.555504e-20
  -2.966445e-20
  -1.382124e-20
   2.480111e-21
   2.503470e-21
  -5.347647e-23
  -3.885207e-22
  -3.324317e-23
   5.517175e-23
   9.494632e-24
  -7.469945e-24
  -1.831970e-24
   9.964258e-25
   3.003778e-25
  -1.345423e-25
  -4.457168e-26
   1.871670e-26
   6.100988e-27
  -2.691041e-27
  -7.660276e-28
   3.950732e-28
   8.516824e-29
  -5.790121e-29
  -7.512896e-30
   8.239558e-30
   2.822043e-31
  -1.102809e-30
   7.865014e-32
   1.330825e-31
  -2.642933e-32
  -1.341465e-32
   5.228007e-33
   8.963717e-34
  -7.931036e-34
   2.218306e-35
   9.344768e-35
  -1.997886e-35
  -7.452462e-36
   3.904960e-36
   7.047433e-38
  -4.784819e-37
   9.983235e-38
   3.262430e-38
  -1.948627e-38
   1.095395e-39
   1.952571e-39
  -6.415113e-40
  -4.639190e-41
   8.510386e-41
  -1.923320e-41
  -3.791549e-42
   3.265558e-42
  -5.920686e-43
  -1.690334e-43
   1.187420e-43
  -2.097412e-44
  -5.644972e-45
   4.173024e-45
  -8.666523e-46
  -1.287640e-46
   1.374257e-46
  -3.759745e-47
   1.238489e-50
   3.849346e-48
  -1.503318e-48
   2.063935e-49
   6.812780e-50
  -4.850050e-50
   1.336061e-50
  -8.354660e-52
  -9.552578e-52
   4.954639e-52
  -1.249274e-52
   7.820156e-54
   8.448757e-54
  -4.602978e-54
   1.328031e-54
  -1.882708e-55
  -3.504987e-56
   3.427842e-56
  -1.336186e-56
   3.395188e-57
  -4.610086e-58
  -7.744621e-59
   8.076642e-59
  -3.432860e-59
   1.052185e-59
  -2.444574e-60
   3.607319e-61
   2.201400e-62
  -4.307860e-62
   2.137223e-62
  -7.955905e-63
   2.553413e-63
  -7.423078e-64
   2.002346e-64
  -5.082113e-65
   1.224642e-65
  -2.819378e-66
   6.229774e-67
  -1.325843e-67
   2.725306e-68
  -5.422672e-69
   1.046369e-69
  -1.961082e-70
   3.574440e-71
  -6.343037e-72
   1.096904e-72
  -1.849976e-73
   3.044943e-74
  -4.893829e-75
   7.683676e-76
  -1.178932e-76
   1.768113e-77
  -2.592303e-78
   3.715473e-79
  -5.205106e-80
   7.125072e-81
  -9.524753e-82
   1.242385e-82
  -1.579269e-83
   1.952838e-84
  -2.342769e-85
   2.715854e-86
  -3.023268e-87
   3.198283e-88
  -3.154831e-89
   2.787322e-90
  -1.972103e-91
   5.708892e-93
   1.563698e-93
  -4.580457e-94
   8.620072e-95
  -1.380418e-95
   2.022375e-96
  -2.792772e-97
   3.691279e-98
  -4.711559e-99
  5.840797e-100
 -7.059630e-101
  8.342520e-102
 -9.658574e-103
  1.097278e-103
 -1.224761e-104
  1.344482e-105
 -1.452746e-106
  1.546172e-107
 -1.621875e-108
  1.677609e-109
 -1.711874e-110
  1.723980e-111
 -1.714051e-112
  1.682999e-113
 -1.632435e-114
  1.564563e-115
 -1.482036e-116
  1.387803e-117
 -1.284958e-118
  1.176588e-119
 -1.065641e-120
  9.548178e-122
 -8.464885e-123
  7.426372e-124
 -6.448342e-125
  5.542336e-126
 -4.715914e-127
  3.973010e-128
 -3.314394e-129
  2.738214e-130
 -2.240554e-131
  1.815985e-132
 -1.458078e-133
  1.159850e-134
 -9.141457e-136
  7.139363e-137
 -5.525494e-138
  4.238247e-139
 -3.222105e-140
  2.428093e-141
 -1.813826e-142
  1.343268e-143
 -9.862742e-145
  7.180099e-146
 -5.183110e-147
  3.710278e-148
 -2.633942e-149
  1.854459e-150
 -1.294989e-151
  8.969711e-153
 -6.162829e-154
  4.200449e-155
 -2.840205e-156
  1.905310e-157
 -1.268140e-158
  8.374844e-160
 -5.488034e-161
  3.568694e-162
 -2.302903e-163
  1.474813e-164
 -9.373758e-166
  5.913252e-167
 -3.702497e-168
  2.301114e-169
 -1.419633e-170
  8.694151e-172
 -5.285791e-173
  3.190382e-174
 -1.911803e-175
  1.137441e-176
 -6.719198e-178
  3.941173e-179
 -2.295460e-180
  1.327599e-181
 -7.624879e-183
  4.348945e-184
 -2.463403e-185
  1.385808e-186
 -7.742865e-188
  4.296815e-189
 -2.368386e-190
  1.296683e-191
 -7.051882e-193
  3.809607e-194
 -2.044434e-195
  1.089927e-196
 -5.772541e-198
  3.037351e-199
 -1.587795e-200
  8.246666e-202
 -4.255589e-203
  2.181980e-204
 -1.111640e-205
  5.627460e-207
 -2.830788e-208
  1.415014e-209
 -7.028860e-211
  3.469693e-212
 -1.702123e-213
  8.298426e-215
 -4.020839e-216
  1.936266e-217
 -9.267261e-219
  4.408459e-220
 -2.084404e-221
  9.795962e-223
 -4.576072e-224
  2.124856e-225
 -9.807698e-227
  4.500033e-228
 -2.052510e-229
  9.306479e-231
 -4.194943e-232
  1.879821e-233
 -8.374647e-235
  3.709242e-236
 -1.633360e-237
  7.150981e-239
 -3.112759e-240
  1.347195e-241
 -5.797345e-243
  2.480564e-244
 -1.055366e-245
  4.464731e-247
 -1.878174e-248
  7.856564e-250
 -3.268092e-251
  1.351851e-252
 -5.560892e-254
  2.274830e-255
 -9.254443e-257
  3.744176e-258
 -1.506519e-259
  6.028552e-261
 -2.399269e-262
  9.496859e-264
 -3.738724e-265
  1.463918e-266
 -5.701209e-268
  2.208419e-269
 -8.508779e-271
  3.260854e-272
 -1.243027e-273
  4.713269e-275
 -1.777717e-276
  6.669739e-278
 -2.489243e-279
  9.241550e-281
 -3.413090e-282
  1.253957e-283
 -4.583066e-285
  1.666380e-286
 -6.027582e-288
  2.169049e-289
 -7.765313e-291
  2.765782e-292
 -9.800596e-294
  3.455163e-295
 -1.211914e-296
  4.229299e-298
 -1.468467e-299
  5.072995e-301
 -1.743714e-302
  5.963515e-304
 -2.029322e-305
  6.871108e-307
 -2.314917e-308
  7.760362e-310
 -2.588641e-311
  8.592384e-313
 -2.840120e-314
  9.231104e-316
 -1.237160e-317
  5.180278e-320
 -2.124482e-322
  -0.000000e+00
  -0.000000e+00
  -0.000000e+00
  -0.000000e+00
  -0.000000e+00
  -0.000000e+00
  -0.000000e+00
  -0.000000e+00
  -0.000000e+00
  -0.000000e+00
  -0.000000e+00
  -0.000000e+00
  -0.000000e+00
  -0.000000e+00
  -0.000000e+00
  -0.000000e+00
  -0.000000e+00
  -0.000000e+00
  -0.000000e+00
  -0.000000e+00
  -0.000000e+00
  -0.000000e+00
  -0.000000e+00
  -0.000000e+00
  -0.000000e+00
  -0.000000e+00
  -0.000000e+00
  -0.000000e+00
  -0.000000e+00
  -0.000000e+00
  -0.000000e+00
  -0.000000e+00
  -0.000000e+00
  -0.000000e+00
  -0.000000e+00
  -0.000000e+00
  -0.000000e+00
  -0.000000e+00
  -0.000000e+00
  -0.000000e+00
  -0.000000e+00
  -0.000000e+00
  -0.000000e+00
  -0.000000e+00
  -0.000000e+00
  -0.000000e+00
  -0.000000e+00
  -0.000000e+00
  -0.000000e+00
  -0.000000e+00
  -0.000000e+00
  -0.000000e+00
  -0.000000e+00
  -0.000000e+00
  -0.000000e+00
  -0.000000e+00
  -0.000000e+00
  -0.000000e+00
  -0.000000e+00
  -0.000000e+00
  -0.000000e+00
  -0.000000e+00
  -0.000000e+00
  -0.000000e+00
  -0.000000e+00
  -0.000000e+00
  -0.000000e+00
  -0.000000e+00
  -0.000000e+00
  -0.000000e+00
  -0.000000e+00
  -0.000000e+00
  -0.000000e+00
  -0.000000e+00
  -0.000000e+00
  -0.000000e+00
  -0.000000e+00
  -0.000000e+00
  -0.000000e+00
  -0.000000e+00
  -0.000000e+00
  -0.000000e+00
  -0.000000e+00
  -0.000000e+00
  -0.000000e+00
  -0.000000e+00
  -0.000000e+00
  -0.000000e+00
  -0.000000e+00
  -0.000000e+00
  -0.000000e+00
  -0.000000e+00
  -0.000000e+00
  -0.000000e+00
  -0.000000e+00
  -0.000000e+00
  -0.000000e+00
  -0.000000e+00
  -0.000000e+00
  -0.000000e+00
  -0.000000e+00
  -0.000000e+00
  -0.000000e+00
  -0.000000e+00
  -0.000000e+00
  -0.000000e+00
  -0.000000e+00
  -0.000000e+00
  -0.000000e+00
  -0.000000e+00
  -0.000000e+00
  -0.000000e+00
  -0.000000e+00
  -0.000000e+00
  -0.000000e+00
  -0.000000e+00
  -0.000000e+00
  -0.000000e+00
  -0.000000e+00
  -0.000000e+00
  -0.000000e+00
  -0.000000e+00
  -0.000000e+00
  -0.000000e+00
  -0.000000e+00
  -0.000000e+00
  -0.000000e+00
  -0.000000e+00
  -0.000000e+00
  -0.000000e+00
  -0.000000e+00
  -0.000000e+00
  -0.000000e+00
  -0.000000e+00
  -0.000000e+00
  -0.000000e+00
  -0.000000e+00
  -0.000000e+00
  -0.000000e+00
  -0.000000e+00
  -0.000000e+00
  -0.000000e+00
  -0.000000e+00
  -0.000000e+00
  -0.000000e+00
  -0.000000e+00
  -0.000000e+00
  -0.000000e+00
  -0.000000e+00
  -0.000000e+00
  -0.000000e+00
  -0.000000e+00
  -0.000000e+00
  -0.000000e+00
  -0.000000e+00
  -0.000000e+00
  -0.000000e+00
  -0.000000e+00
  -0.000000e+00
  -0.000000e+00
  -0.000000e+00
  -0.000000e+00
  -0.000000e+00
  -0.000000e+00
  -0.000000e+00
  -0.000000e+00
  -0.000000e+00
  -0.000000e+00
  -0.000000e+00
  -0.000000e+00
  -0.000000e+00
  -0.000000e+00
  -0.000000e+00
  -0.000000e+00
  -0.000000e+00
  -0.000000e+00
  -0.000000e+00
  -0.000000e+00
  -0.000000e+00
  -0.000000e+00
  -0.000000e+00
  -0.000000e+00
  -0.000000e+00
  -0.000000e+00
  -0.000000e+00
  -0.000000e+00
  -0.000000e+00
  -0.000000e+00
  -0.000000e+00
  -0.000000e+00
  -0.000000e+00
  -0.000000e+00
  -0.000000e+00
  -0.000000e+00
  -0.000000e+00
  -0.000000e+00
  -0.000000e+00
  -0.000000e+00
  -0.000000e+00
  -0.000000e+00
  -0.000000e+00
  -0.000000e+00
  -0.000000e+00
  -0.000000e+00
  -0.000000e+00
  -0.000000e+00
  -0.000000e+00
  -0.000000e+00
  -0.000000e+00
  -0.000000e+00
  -0.000000e+00
  -0.000000e+00
  -0.000000e+00
  -0.000000e+00
  -0.000000e+00
  -0.000000e+00
  -0.000000e+00
  -0.000000e+00
  -0.000000e+00
  -0.000000e+00
  -0.000000e+00
  -0.000000e+00
  -0.000000e+00
  -0.000000e+00
  -0.000000e+00
  -0.000000e+00
  -0.000000e+00
  -0.000000e+00
  -0.000000e+00
  -0.000000e+00
  -0.000000e+00
  -0.000000e+00
  -0.000000e+00
  -0.000000e+00
  -0.000000e+00
  -0.000000e+00
  -0.000000e+00
  -0.000000e+00
  -0.000000e+00
  -0.000000e+00
  -0.000000e+00
  -0.000000e+00
  -0.000000e+00
  -0.000000e+00
  -0.000000e+00
  -0.000000e+00
  -0.000000e+00
  -0.000000e+00
  -0.000000e+00
  -0.000000e+00
  -0.000000e+00
  -0.000000e+00
  -0.000000e+00
  -0.000000e+00
  -0.000000e+00
  -0.000000e+00
  -0.000000e+00
  -0.000000e+00
  -0.000000e+00
  -0.000000e+00
  -0.000000e+00
  -0.000000e+00
  -0.000000e+00
  -0.000000e+00
  -0.000000e+00
  -0.000000e+00
  -0.000000e+00
  -0.000000e+00
  -0.000000e+00
  -0.000000e+00
  -0.000000e+00
  -0.000000e+00
  -0.000000e+00
  -0.000000e+00
  -0.000000e+00
  -0.000000e+00
  -0.000000e+00
  -0.000000e+00
  -0.000000e+00
  -0.000000e+00
  -0.000000e+00
  -0.000000e+00
  -0.000000e+00
  -0.000000e+00
  -0.000000e+00
  -0.000000e+00
  -0.000000e+00
  -0.000000e+00
  -0.000000e+00
  -0.000000e+00
  -0.000000e+00
  -0.000000e+00
  -0.000000e+00
  -0.000000e+00
  -0.000000e+00
  -0.000000e+00
  -0.000000e+00
  -0.000000e+00
  -0.000000e+00
  -0.000000e+00
  -0.000000e+00
  -0.000000e+00
  -0.000000e+00
  -0.000000e+00
  -0.000000e+00
  -0.000000e+00
  -0.000000e+00
  -0.000000e+00
  -0.000000e+00
  -0.000000e+00
  -0.000000e+00
  -0.000000e+00
  -0.000000e+00
  -0.000000e+00
  -0.000000e+00
  -0.000000e+00
  -0.000000e+00
  -0.000000e+00
  -0.000000e+00
  -0.000000e+00
  -0.000000e+00
  -0.000000e+00
  -0.000000e+00
  -0.000000e+00
  -0.000000e+00
  -0.000000e+00
  -0.000000e+00
  -0.000000e+00
  -0.000000e+00
  -0.000000e+00
  -0.000000e+00
  -0.000000e+00
  -0.000000e+00
  -0.000000e+00
  -0.000000e+00
  -0.000000e+00
  -0.000000e+00
  -0.000000e+00
  -0.000000e+00
  -0.000000e+00
  -0.000000e+00
  -0.000000e+00
  -0.000000e+00
  -0.000000e+00
  -0.000000e+00
  -0.000000e+00
  -0.000000e+00
  -0.000000e+00
  -0.000000e+00
  -0.000000e+00
  -0.000000e+00
  -0.000000e+00
  -0.000000e+00
  -0.000000e+00
  -0.000000e+00
  -0.000000e+00
  -0.000000e+00
  -0.000000e+00
  -0.000000e+00
  -0.000000e+00
  -0.000000e+00
  -0.000000e+00
  -0.000000e+00
  -0.000000e+00
  -0.000000e+00
  -0.000000e+00
  -0.000000e+00
  -0.000000e+00
  -0.000000e+00
  -0.000000e+00
  -0.000000e+00
  -0.000000e+00
  -0.000000e+00
  -0.000000e+00
  -0.000000e+00
  -0.000000e+00
  -0.000000e+00
  -0.000000e+00
  -0.000000e+00
  -0.000000e+00
  -0.000000e+00
  -0.000000e+00
  -0.000000e+00
  -0.000000e+00
  -0.000000e+00
  -0.000000e+00
  -0.000000e+00
  -0.000000e+00
  -0.000000e+00
  -0.000000e+00
  -0.000000e+00
  -0.000000e+00
  -0.000000e+00
   0.000000e+00
   0.000000e+00
