   0.000000e+00
   0.000000e+00
  -8.374658e-16
  -3.347932e-15
  -4.498206e-15
  -2.233531e-15
   1.694508e-15
   8.786949e-16
  -1.027236e-14
  -2.853396e-14
  -4.073376e-14
  -3.423743e-14
  -1.096780e-14
   1.043632e-14
   9.904722e-15
  -1.585500e-14
  -5.275238e-14
  -8.570990e-14
  -1.080025e-13
  -1.104032e-13
  -7.240602e-14
   1.713953e-14
   1.270065e-13
   1.891361e-13
   1.562295e-13
   5.307519e-14
  -4.279241e-14
  -7.452859e-14
  -5.125222e-14
  -2.106110e-14
  -1.607950e-14
  -3.520107e-14
  -6.963136e-14
  -1.243873e-13
  -2.051038e-13
  -2.916652e-13
  -3.422372e-13
  -3.324545e-13
  -2.777797e-13
  -1.999223e-13
  -8.482897e-14
   9.043264e-14
   2.863114e-13
   3.993638e-13
   3.629247e-13
   2.289855e-13
   1.166083e-13
   8.109863e-14
   6.198882e-14
  -2.608702e-14
  -1.676540e-13
  -2.408618e-13
  -1.503563e-13
   5.333205e-14
   2.133112e-13
   2.194071e-13
   9.793729e-14
  -3.799834e-14
  -8.230518e-14
   1.765806e-14
   2.356947e-13
   4.425235e-13
   4.646844e-13
   2.537343e-13
  -8.596543e-15
  -5.673707e-14
   1.657354e-13
   4.046644e-13
   3.451783e-13
  -3.798341e-14
  -4.243415e-13
  -4.687258e-13
  -1.611465e-13
   1.649701e-13
   1.812549e-13
  -1.122162e-13
  -4.155163e-13
  -4.322825e-13
  -1.185895e-13
   3.112467e-13
   5.538710e-13
   4.213080e-13
  -2.053240e-14
  -4.801737e-13
  -6.671651e-13
  -5.382346e-13
  -3.008258e-13
  -1.673705e-13
  -1.530808e-13
  -1.313920e-13
  -1.922778e-14
   1.557910e-13
   3.329653e-13
   4.776881e-13
   5.520069e-13
   4.986535e-13
   3.112056e-13
   9.547895e-14
  -2.953396e-15
   4.858198e-14
   1.331734e-13
   1.330741e-13
   7.503523e-14
   7.022720e-14
   1.426781e-13
   2.139961e-13
   2.619793e-13
   3.716900e-13
   5.621428e-13
   6.673892e-13
   5.109053e-13
   1.538761e-13
  -1.483755e-13
  -2.305614e-13
  -1.591321e-13
  -8.946529e-14
  -8.800094e-14
  -1.300345e-13
  -1.780413e-13
  -1.911108e-13
  -1.180103e-13
   2.918027e-14
   1.172723e-13
   6.787580e-15
  -2.512296e-13
  -4.190723e-13
  -3.325524e-13
  -9.682065e-14
   5.084568e-14
   2.819751e-14
  -2.925071e-14
   3.155221e-14
   2.098745e-13
   3.840030e-13
   4.424412e-13
   3.687236e-13
   2.494080e-13
   2.079753e-13
   2.810667e-13
   3.467849e-13
   2.274214e-13
  -1.039894e-13
  -4.540234e-13
  -5.828289e-13
  -4.307909e-13
  -1.502277e-13
   5.625445e-14
   9.493016e-14
   1.586897e-14
  -5.590464e-14
  -4.012748e-14
   6.013863e-15
  -5.762238e-14
  -2.606724e-13
  -4.301977e-13
  -3.750111e-13
  -1.310687e-13
   8.332896e-14
   1.518230e-13
   1.772530e-13
   2.811711e-13
   4.085009e-13
   4.180607e-13
   3.011242e-13
   1.910862e-13
   9.729241e-14
   1.040732e-13
   4.987169e-13
  -1.171483e-12
  -2.708740e-12
   1.686357e-11
  -9.897463e-13
  -1.818566e-10
   1.729743e-10
   1.741642e-09
  -2.156439e-09
  -1.717359e-08
   1.353339e-08
   1.713752e-07
   5.826804e-08
  -1.472173e-06
  -3.044170e-06
   6.720362e-06
   4.215576e-05
   5.535272e-05
  -1.901297e-04
  -1.091346e-03
  -2.376826e-03
  -3.556423e-04
   1.803678e-02
   8.522400e-02
   2.667778e-01
   6.774856e-01
   1.497100e+00
   2.982644e+00
   5.474213e+00
   9.391841e+00
   1.522200e+01
   2.349366e+01
   3.474521e+01
   4.948503e+01
   6.814938e+01
   9.106194e+01
   1.183992e+02
   1.501655e+02
   1.861799e+02
   2.260769e+02
   2.693190e+02
   3.152205e+02
   3.629795e+02
   4.117133e+02
   4.604945e+02
   5.083834e+02
   5.544560e+02
   5.978239e+02
   6.376491e+02
   6.731520e+02
   7.036173e+02
   7.283987e+02
   7.469253e+02
   7.587115e+02
   7.633706e+02
   7.606323e+02
   7.503618e+02
   7.325777e+02
   7.074665e+02
   6.753891e+02
   6.368780e+02
   5.926226e+02
   5.434435e+02
   4.902553e+02
   4.340230e+02
   3.757144e+02
   3.162529e+02
   2.564760e+02
   1.971028e+02
   1.387137e+02
   8.174258e+01
   2.648272e+01
  -2.689716e+01
  -7.832856e+01
  -1.278150e+02
  -1.754035e+02
  -2.211598e+02
  -2.651482e+02
  -3.074203e+02
  -3.480081e+02
  -3.869252e+02
  -4.241686e+02
  -4.597233e+02
  -4.935635e+02
  -5.256506e+02
  -5.559263e+02
  -5.843018e+02
  -6.106438e+02
  -6.347610e+02
  -6.563930e+02
  -6.752062e+02
  -6.907971e+02
  -7.027071e+02
  -7.104460e+02
  -7.135251e+02
  -7.114963e+02
  -7.039921e+02
  -6.907647e+02
  -6.717171e+02
  -6.469242e+02
  -6.166418e+02
  -5.813011e+02
  -5.414908e+02
  -4.979287e+02
  -4.514265e+02
  -4.028504e+02
  -3.530843e+02
  -3.029961e+02
  -2.534118e+02
  -2.050970e+02
  -1.587461e+02
  -1.149786e+02
  -7.433767e+01
  -3.729175e+01
  -4.233638e+00
   2.452274e+01
   4.874930e+01
   6.831389e+01
   8.319186e+01
   9.347664e+01
   9.938652e+01
   1.012649e+02
   9.957187e+01
   9.486674e+01
   8.778096e+01
   7.898435e+01
   6.914681e+01
   5.889976e+01
   4.880105e+01
   3.930715e+01
   3.075537e+01
   2.335760e+01
   1.720561e+01
   1.228639e+01
   8.505017e+00
   5.711450e+00
   3.727759e+00
   2.372353e+00
   1.478719e+00
   9.072679e-01
   5.501760e-01
   3.302812e-01
   1.960092e-01
   1.146406e-01
   6.593725e-02
   3.732591e-02
   2.086458e-02
   1.154475e-02
   6.311955e-03
   3.392243e-03
   1.785857e-03
   9.233347e-04
   4.717210e-04
   2.384365e-04
   1.183264e-04
   5.716372e-05
   2.695907e-05
   1.257456e-05
   5.826164e-06
   2.637524e-06
   1.145911e-06
   4.832148e-07
   2.046673e-07
   8.709537e-08
   3.525910e-08
   1.313743e-08
   4.837875e-09
   1.947139e-09
   7.770870e-10
   2.503275e-10
   6.560900e-11
   2.475867e-11
   1.307924e-11
   4.016451e-12
   1.387823e-15
  -9.520711e-14
   3.182853e-13
   2.163418e-13
   1.074614e-13
   1.062315e-13
  -1.063013e-13
  -3.676365e-13
  -2.543951e-13
   4.737674e-14
   8.091898e-14
  -6.372989e-14
  -9.547165e-14
  -4.235304e-15
   6.976949e-14
   4.459934e-14
  -4.820730e-14
  -3.407055e-14
   1.951196e-13
   4.299992e-13
   3.535858e-13
  -2.498371e-14
  -3.203145e-13
  -2.163360e-13
   1.346562e-13
   3.179303e-13
   2.086353e-13
   5.972346e-14
   4.001141e-14
   6.559263e-14
   1.059086e-13
   2.186615e-13
   3.444563e-13
   3.543374e-13
   1.811140e-13
  -8.711076e-14
  -2.327585e-13
  -1.992007e-13
  -1.716808e-13
  -1.775970e-13
  -3.939056e-14
   1.669086e-13
   2.161633e-13
   1.830790e-13
   2.330531e-13
   2.829694e-13
   2.183209e-13
   9.824908e-14
   3.791737e-15
  -5.275107e-14
  -8.785082e-14
  -1.498432e-13
  -2.449964e-13
  -2.930023e-13
  -2.301238e-13
  -5.770954e-14
   1.530220e-13
   2.613848e-13
   1.755346e-13
  -3.113053e-14
   1.215107e-13
   1.502702e-13
  -1.348774e-13
  -5.336320e-13
  -4.824293e-13
   9.795446e-14
   5.212078e-13
   3.245718e-13
  -4.468322e-14
  -8.253301e-14
   8.101927e-15
  -5.345415e-14
  -1.214685e-13
  -9.691765e-14
  -1.205043e-13
  -1.499917e-13
  -5.252064e-15
   2.122492e-13
   1.886188e-13
  -1.441504e-13
  -4.146689e-13
  -2.048821e-13
   3.248778e-13
   5.505476e-13
   1.993186e-13
  -3.806876e-13
  -7.079702e-13
  -6.395806e-13
  -3.773415e-13
  -2.227434e-13
  -2.952703e-13
  -3.150982e-13
  -8.095377e-14
   1.264966e-13
   9.028720e-14
   1.138930e-14
   5.180748e-14
   2.332248e-14
  -1.862655e-13
  -3.372588e-13
  -2.512631e-13
  -1.104854e-13
  -1.206557e-13
  -2.704154e-13
  -3.442221e-13
  -1.275970e-13
   2.346901e-13
   2.870996e-13
  -1.062780e-14
  -9.158785e-14
   2.293101e-13
   5.150159e-13
   4.957140e-13
   2.502165e-13
  -1.907754e-13
  -6.471394e-13
  -5.594289e-13
   5.117009e-14
   8.193842e-13
   2.891119e-12
   1.056492e-11
   3.218134e-11
   9.053294e-11
   2.634227e-10
   7.612237e-10
   2.069733e-09
   5.381855e-09
   1.386617e-08
   3.545495e-08
   8.821658e-08
   2.123325e-07
   4.997167e-07
   1.159437e-06
   2.642984e-06
   5.882189e-06
   1.278556e-05
   2.728255e-05
   5.731692e-05
   1.183417e-04
   2.395276e-04
   4.755090e-04
   9.285126e-04
   1.786935e-03
   3.388010e-03
   6.319688e-03
   1.159525e-02
   2.095785e-02
   3.738583e-02
   6.587199e-02
   1.145770e-01
   1.965700e-01
   3.325780e-01
   5.553838e-01
   9.165489e-01
   1.495851e+00
   2.413193e+00
   3.841911e+00
   6.021648e+00
   9.268433e+00
   1.397952e+01
   2.063087e+01
   2.976590e+01
   4.197513e+01
   5.786758e+01
   7.803577e+01
   1.030172e+02
   1.332557e+02
   1.690659e+02
   2.106043e+02
   2.578492e+02
   3.105908e+02
   3.684321e+02
   4.307989e+02
   4.969592e+02
   5.660474e+02
   6.370920e+02
   7.090453e+02
   7.808110e+02
   8.512703e+02
   9.193056e+02
   9.838209e+02
   1.043761e+03
   1.098129e+03
   1.146003e+03
   1.186555e+03
   1.219068e+03
   1.242952e+03
   1.257762e+03
   1.263211e+03
   1.259181e+03
   1.245723e+03
   1.223054e+03
   1.191549e+03
   1.151719e+03
   1.104191e+03
   1.049671e+03
   9.889221e+02
   9.227238e+02
   8.518477e+02
   7.770315e+02
   6.989596e+02
   6.182520e+02
   5.354593e+02
   4.510638e+02
   3.654867e+02
   2.790976e+02
   1.922263e+02
   1.051748e+02
   1.822799e+01
  -6.833758e+01
  -1.542470e+02
  -2.392223e+02
  -3.229790e+02
  -4.052234e+02
  -4.856497e+02
  -5.639365e+02
  -6.397427e+02
  -7.127023e+02
  -7.824208e+02
  -8.484708e+02
  -9.103915e+02
  -9.676911e+02
  -1.019854e+03
  -1.066349e+03
  -1.106653e+03
  -1.140260e+03
  -1.166714e+03
  -1.185626e+03
  -1.196699e+03
  -1.199749e+03
  -1.194718e+03
  -1.181686e+03
  -1.160870e+03
  -1.132627e+03
  -1.097440e+03
  -1.055905e+03
  -1.008714e+03
  -9.566331e+02
  -9.004849e+02
  -8.411276e+02
  -7.794367e+02
  -7.162890e+02
  -6.525481e+02
  -5.890514e+02
  -5.265981e+02
  -4.659370e+02
  -4.077551e+02
  -3.526648e+02
  -3.011922e+02
  -2.537646e+02
  -2.107012e+02
  -1.722045e+02
  -1.383568e+02
  -1.091208e+02
  -8.434547e+01
  -6.377786e+01
  -4.707914e+01
  -3.384540e+01
  -2.363077e+01
  -1.597149e+01
  -1.040905e+01
  -6.510662e+00
  -3.885556e+00
  -2.196275e+00
  -1.164490e+00
  -5.715998e-01
  -2.548514e-01
  -1.001292e-01
  -3.276375e-02
  -7.744245e-03
  -5.393793e-04
   5.914661e-04
   3.343631e-04
   7.490578e-05
  -9.580244e-06
  -1.220058e-05
  -2.752332e-06
   6.735402e-07
   4.937715e-07
   2.441372e-08
  -5.387439e-08
  -1.045650e-08
   5.089425e-09
   1.559696e-09
  -5.061145e-10
  -1.750173e-10
   5.873218e-11
   1.524553e-11
  -7.376304e-12
  -6.988284e-13
   8.314375e-13
  -7.434858e-14
  -6.415590e-14
   2.126227e-14
   5.139938e-16
  -2.022177e-15
   5.565245e-16
  -7.585754e-18
  -4.312312e-17
   1.623156e-17
  -2.846211e-18
  -8.605051e-20
   2.443120e-19
  -9.982718e-20
   2.801744e-20
  -6.342161e-21
   1.224817e-21
  -2.070774e-22
   3.100993e-23
  -4.119899e-24
   4.806480e-25
  -4.761976e-26
   3.603683e-27
  -1.081313e-28
  -2.821990e-29
   7.841725e-30
  -1.345889e-30
   1.899780e-31
  -2.376655e-32
   2.719890e-33
  -2.895819e-34
   2.897967e-35
  -2.744841e-36
   2.472867e-37
  -2.127058e-38
   1.752033e-39
  -1.385286e-40
   1.053530e-41
  -7.719896e-43
   5.458576e-44
  -3.729226e-45
   2.464532e-46
  -1.577172e-47
   9.782780e-49
  -5.886500e-50
   3.438789e-51
  -1.951742e-52
   1.076959e-53
  -5.781053e-55
   3.020634e-56
  -1.537124e-57
   7.621862e-59
  -3.684368e-60
   1.737046e-61
  -7.990818e-63
   3.588217e-64
  -1.573403e-65
   6.739581e-67
  -2.821031e-68
   1.154271e-69
  -4.618159e-71
   1.807261e-72
  -6.919712e-74
   2.592918e-75
  -9.511229e-77
   3.416175e-78
  -1.201719e-79
   4.141190e-81
  -1.398305e-82
   4.627273e-84
  -1.501007e-85
   4.773744e-87
  -1.488797e-88
   4.553966e-90
  -1.366460e-91
   4.022805e-93
  -1.162131e-94
   3.294898e-96
  -9.169664e-98
   2.505250e-99
 -6.720383e-101
  1.770268e-102
 -4.579743e-104
  1.163730e-105
 -2.904847e-107
  7.123645e-109
 -1.716468e-110
  4.064137e-112
 -9.456767e-114
  2.162716e-115
 -4.861587e-117
  1.074275e-118
 -2.333714e-120
  4.984346e-122
 -1.046718e-123
  2.161436e-125
 -4.389103e-127
  8.765101e-129
 -1.721519e-130
  3.325557e-132
 -6.318841e-134
  1.181005e-135
 -2.171336e-137
  3.927178e-139
 -6.987608e-141
  1.223166e-142
 -2.106509e-144
  3.569221e-146
 -5.950103e-148
  9.759412e-150
 -1.574983e-151
  2.500828e-153
 -3.907045e-155
  6.005761e-157
 -9.083189e-159
  1.351614e-160
 -1.978796e-162
  2.850171e-164
 -4.038737e-166
  5.629959e-168
 -7.720145e-170
  1.041304e-171
 -1.381423e-173
  1.802325e-175
 -2.312330e-177
  2.916903e-179
 -3.617308e-181
  4.409261e-183
 -5.281725e-185
  6.216027e-187
 -7.185493e-189
  8.155750e-191
 -9.085823e-193
  9.930068e-195
 -1.064089e-196
  1.117208e-198
 -1.148252e-200
  1.153984e-202
 -1.132376e-204
  1.082860e-206
 -1.006469e-208
  9.058365e-211
 -7.850646e-213
  6.494469e-215
 -5.050868e-217
  3.584432e-219
 -2.158520e-221
  8.307243e-224
  3.509658e-226
 -1.350943e-227
  2.147495e-229
 -2.732991e-231
  3.112855e-233
 -3.303535e-235
  3.329808e-237
 -3.221757e-239
  3.011766e-241
 -2.731830e-243
  2.411374e-245
 -2.075714e-247
  1.745167e-249
 -1.434774e-251
  1.154516e-253
 -9.099025e-256
  7.027672e-258
 -5.321628e-260
  3.952303e-262
 -2.879749e-264
   0.000000e+00
   0.000000e+00
