   0.000000e+00
   0.000000e+00
  -8.108629e-17
  -5.374907e-16
  -9.152078e-16
  -8.322785e-16
  -5.500496e-17
   1.277033e-15
   2.663899e-15
   3.516281e-15
   3.470232e-15
   2.482046e-15
   6.943687e-16
  -1.667675e-15
  -4.212343e-15
  -6.315503e-15
  -7.356653e-15
  -7.136580e-15
  -6.054460e-15
  -4.962366e-15
  -5.115449e-15
  -8.350305e-15
  -1.675611e-14
  -3.115104e-14
  -4.929049e-14
  -6.610084e-14
  -7.689136e-14
  -8.096444e-14
  -8.134780e-14
  -7.968465e-14
  -7.127036e-14
  -4.710849e-14
  -3.813950e-15
   4.708244e-14
   8.135416e-14
   7.762830e-14
   3.467967e-14
  -2.505971e-14
  -7.006826e-14
  -8.018235e-14
  -5.557714e-14
  -8.777564e-15
   4.916846e-14
   1.132424e-13
   1.769745e-13
   2.247099e-13
   2.359906e-13
   2.007863e-13
   1.316259e-13
   6.015776e-14
   1.888569e-14
   2.060405e-14
   4.933239e-14
   6.892533e-14
   4.522244e-14
  -3.083785e-14
  -1.344950e-13
  -2.212785e-13
  -2.569322e-13
  -2.424607e-13
  -2.143104e-13
  -2.170124e-13
  -2.675606e-13
  -3.400662e-13
  -3.860572e-13
  -3.768430e-13
  -3.320451e-13
  -3.057110e-13
  -3.379710e-13
  -4.142747e-13
  -4.704219e-13
  -4.406327e-13
  -3.081206e-13
  -1.191501e-13
   4.489292e-14
   1.138442e-13
   6.583917e-14
  -6.202016e-14
  -1.948292e-13
  -2.631327e-13
  -2.410017e-13
  -1.517288e-13
  -4.282126e-14
   3.896186e-14
   5.228263e-14
  -3.576604e-14
  -2.217555e-13
  -4.325944e-13
  -5.441122e-13
  -4.678382e-13
  -2.337734e-13
   2.531087e-14
   1.894567e-13
   2.559394e-13
   3.236078e-13
   4.714153e-13
   6.566061e-13
   7.387859e-13
   6.106609e-13
   3.127530e-13
   2.298214e-14
  -7.637043e-14
   5.697213e-14
   2.933761e-13
   4.394556e-13
   3.913208e-13
   2.013205e-13
   1.242461e-14
  -6.280287e-14
  -5.950224e-15
   1.344524e-13
   2.991965e-13
   4.355316e-13
   4.808104e-13
   3.701734e-13
   9.174081e-14
  -2.610099e-13
  -5.112148e-13
  -5.046517e-13
  -2.241439e-13
   1.869119e-13
   5.221692e-13
   6.548027e-13
   6.040544e-13
   4.749508e-13
   3.427211e-13
   2.011069e-13
   1.371410e-14
  -2.075622e-13
  -3.906916e-13
  -4.623117e-13
  -4.032836e-13
  -2.485480e-13
  -5.109425e-14
   1.453597e-13
   3.133605e-13
   4.401757e-13
   5.176860e-13
   5.220744e-13
   4.099112e-13
   1.608634e-13
  -1.597624e-13
  -3.974823e-13
  -4.015010e-13
  -1.442786e-13
   2.460985e-13
   5.736281e-13
   7.004030e-13
   6.094050e-13
   3.827886e-13
   1.457227e-13
   1.705222e-14
   6.497024e-14
   2.653151e-13
   4.953950e-13
   5.955845e-13
   4.712262e-13
   1.563110e-13
  -2.127304e-13
  -4.845895e-13
  -5.686346e-13
  -4.561403e-13
  -2.014142e-13
   1.057726e-13
   3.658460e-13
   4.962614e-13
   4.551944e-13
   2.547157e-13
  -3.550785e-14
  -2.978503e-13
  -4.105572e-13
  -3.297407e-13
  -1.514336e-13
  -6.736404e-14
  -2.109239e-13
  -5.223672e-13
  -7.810838e-13
  -7.981108e-13
  -5.866519e-13
  -3.368001e-13
  -2.205331e-13
  -2.306927e-13
  -2.171440e-13
  -6.887229e-14
   1.622390e-13
   3.266814e-13
   3.488246e-13
   3.080108e-13
   3.415538e-13
   4.830956e-13
   6.147616e-13
   5.793125e-13
   3.317274e-13
  -1.325462e-14
  -2.655366e-13
  -2.930680e-13
  -1.069838e-13
   1.477026e-13
   2.860590e-13
   2.060834e-13
  -4.295330e-14
  -3.022941e-13
  -4.235774e-13
  -3.650801e-13
  -1.912341e-13
   5.972999e-16
   1.466934e-13
   2.323906e-13
   2.728936e-13
   2.897725e-13
   2.913886e-13
   2.600844e-13
   1.616730e-13
  -1.763660e-14
  -2.376393e-13
  -4.148940e-13
  -4.766811e-13
  -4.081777e-13
  -2.487173e-13
  -4.809649e-14
   1.667069e-13
   3.825401e-13
   5.670576e-13
   6.567801e-13
   5.917410e-13
   3.756907e-13
   1.048501e-13
  -8.176347e-14
  -1.108051e-13
  -4.631257e-14
  -3.408888e-14
  -1.470454e-13
  -2.863416e-13
  -2.666949e-13
  -2.218703e-14
   2.879358e-13
   4.116421e-13
   2.507546e-13
  -4.792253e-14
  -2.640547e-13
  -3.431060e-13
  -4.264048e-13
  -6.441228e-13
  -9.292795e-13
  -1.079952e-12
  -9.854346e-13
  -7.332003e-13
  -4.778817e-13
  -2.623999e-13
  -3.013608e-14
   2.032243e-13
   2.756538e-13
   3.854056e-14
  -4.270930e-13
  -8.132846e-13
  -8.359589e-13
  -4.777293e-13
   1.807603e-14
   3.675410e-13
   4.467547e-13
   3.166350e-13
   1.231522e-13
   4.547006e-15
   4.938270e-14
   2.654628e-13
   5.530583e-13
   7.384227e-13
   6.861228e-13
   4.046533e-13
   3.809679e-14
  -2.541207e-13
  -4.117109e-13
  -4.780609e-13
  -5.121771e-13
  -5.152079e-13
  -4.469137e-13
  -3.010971e-13
  -1.449135e-13
  -6.945377e-14
  -1.011595e-13
  -1.743117e-13
  -2.023329e-13
  -1.732672e-13
  -1.614135e-13
  -2.376522e-13
  -3.752120e-13
  -4.558440e-13
  -3.769680e-13
  -1.582539e-13
   5.411219e-14
   9.523523e-14
  -8.683023e-14
  -3.872396e-13
  -6.273691e-13
  -6.911591e-13
  -5.933526e-13
  -4.312495e-13
  -2.923635e-13
  -2.201656e-13
  -2.453535e-13
  -3.981991e-13
  -6.558065e-13
  -8.965059e-13
  -9.611623e-13
  -7.966736e-13
  -5.278359e-13
  -3.496706e-13
  -3.290519e-13
  -3.295071e-13
  -1.611894e-13
   1.894010e-13
   5.032373e-13
   5.277235e-13
   2.339333e-13
  -1.405659e-13
  -3.141671e-13
  -2.197054e-13
  -3.848177e-14
   6.931739e-15
  -1.259921e-13
  -2.817405e-13
  -2.850764e-13
  -1.208942e-13
   5.634800e-14
   7.789862e-14
  -7.635181e-14
  -2.636034e-13
  -3.266008e-13
  -2.576729e-13
  -2.040019e-13
  -2.980549e-13
  -4.966666e-13
  -6.210990e-13
  -5.650260e-13
  -4.288392e-13
  -4.124248e-13
  -5.818642e-13
  -7.750450e-13
  -7.494521e-13
  -4.109336e-13
   9.867413e-14
   5.092851e-13
   6.085980e-13
   3.689417e-13
  -4.612085e-14
  -3.863554e-13
  -4.719229e-13
  -3.068485e-13
  -6.884625e-14
   3.685647e-14
   8.728783e-15
   1.174112e-13
   2.649803e-13
  -7.807658e-13
  -2.413913e-12
   4.514061e-12
   2.487061e-11
   2.402095e-12
  -1.725395e-10
  -3.020805e-10
   6.473019e-10
   3.336464e-09
   2.722844e-09
  -1.599511e-08
  -5.688796e-08
  -4.369773e-08
   2.452415e-07
   9.919183e-07
   1.501013e-06
  -1.346741e-06
  -1.387478e-05
  -4.098679e-05
  -6.708745e-05
  -9.234352e-06
   3.730305e-04
   1.625658e-03
   4.816117e-03
   1.182166e-02
   2.568782e-02
   5.104991e-02
   9.460581e-02
   1.656246e-01
   2.764722e-01
   4.431315e-01
   6.856932e-01
   1.028792e+00
   1.501964e+00
   2.139897e+00
   2.982562e+00
   4.075193e+00
   5.468120e+00
   7.216423e+00
   9.379426e+00
   1.202002e+01
   1.520382e+01
   1.899819e+01
   2.347111e+01
   2.868999e+01
   3.472037e+01
   4.162458e+01
   4.946042e+01
   5.827980e+01
   6.812758e+01
   7.904031e+01
   9.104527e+01
   1.041596e+02
   1.183894e+02
   1.337296e+02
   1.501635e+02
   1.676622e+02
   1.861857e+02
   2.056823e+02
   2.260896e+02
   2.473350e+02
   2.693368e+02
   2.920047e+02
   3.152413e+02
   3.389430e+02
   3.630011e+02
   3.873030e+02
   4.117335e+02
   4.361756e+02
   4.605117e+02
   4.846241e+02
   5.083966e+02
   5.317144e+02
   5.544651e+02
   5.765390e+02
   5.978296e+02
   6.182338e+02
   6.376524e+02
   6.559898e+02
   6.731545e+02
   6.890590e+02
   7.036204e+02
   7.167599e+02
   7.284036e+02
   7.384824e+02
   7.469326e+02
   7.536961e+02
   7.587211e+02
   7.619622e+02
   7.633817e+02
   7.629493e+02
   7.606435e+02
   7.564518e+02
   7.503712e+02
   7.424092e+02
   7.325834e+02
   7.209227e+02
   7.074668e+02
   6.922663e+02
   6.753828e+02
   6.568883e+02
   6.368647e+02
   6.154031e+02
   5.926029e+02
   5.685706e+02
   5.434187e+02
   5.172643e+02
   4.902275e+02
   4.624304e+02
   4.339949e+02
   4.050418e+02
   3.756887e+02
   3.460494e+02
   3.162320e+02
   2.863381e+02
   2.564618e+02
   2.266888e+02
   1.970963e+02
   1.677521e+02
   1.387149e+02
   1.100342e+02
   8.175069e+01
   5.389649e+01
   2.649603e+01
  -4.334054e-01
  -2.688081e+01
  -5.284056e+01
  -7.831151e+01
  -1.032961e+02
  -1.277994e+02
  -1.518284e+02
  -1.753911e+02
  -1.984959e+02
  -2.211513e+02
  -2.433651e+02
  -2.651440e+02
  -2.864940e+02
  -3.074196e+02
  -3.279241e+02
  -3.480098e+02
  -3.676776e+02
  -3.869276e+02
  -4.057590e+02
  -4.241702e+02
  -4.421591e+02
  -4.597229e+02
  -4.768580e+02
  -4.935603e+02
  -5.098247e+02
  -5.256447e+02
  -5.410125e+02
  -5.559184e+02
  -5.703503e+02
  -5.842933e+02
  -5.977293e+02
  -6.106364e+02
  -6.229889e+02
  -6.347566e+02
  -6.459045e+02
  -6.563933e+02
  -6.661787e+02
  -6.752122e+02
  -6.834412e+02
  -6.908093e+02
  -6.972576e+02
  -7.027249e+02
  -7.071490e+02
  -7.104679e+02
  -7.126207e+02
  -7.135490e+02
  -7.131985e+02
  -7.115197e+02
  -7.084695e+02
  -7.040125e+02
  -6.981217e+02
  -6.907798e+02
  -6.819797e+02
  -6.717252e+02
  -6.600313e+02
  -6.469245e+02
  -6.324426e+02
  -6.166345e+02
  -5.995595e+02
  -5.812872e+02
  -5.618958e+02
  -5.414721e+02
  -5.201095e+02
  -4.979075e+02
  -4.749702e+02
  -4.514050e+02
  -4.273217e+02
  -4.028309e+02
  -3.780432e+02
  -3.530683e+02
  -3.280138e+02
  -3.029845e+02
  -2.780822e+02
  -2.534047e+02
  -2.290454e+02
  -2.050936e+02
  -1.816336e+02
  -1.587452e+02
  -1.365035e+02
  -1.149786e+02
  -9.423621e+01
  -7.433718e+01
  -5.533778e+01
  -3.728958e+01
  -2.023940e+01
  -4.229172e+00
   1.070426e+01
   2.452941e+01
   3.722041e+01
   4.875740e+01
   5.912688e+01
   6.832208e+01
   7.634336e+01
   8.319849e+01
   8.890294e+01
   9.348004e+01
   9.696109e+01
   9.938529e+01
   1.007995e+02
   1.012582e+02
   1.008224e+02
   9.955960e+01
   9.754284e+01
   9.484960e+01
   9.156096e+01
   8.776040e+01
   8.353262e+01
   7.896234e+01
   7.413301e+01
   6.912562e+01
   6.401757e+01
   5.888158e+01
   5.378474e+01
   4.878770e+01
   4.394405e+01
   3.929982e+01
   3.489320e+01
   3.075445e+01
   2.690599e+01
   2.336266e+01
   2.013213e+01
   1.721547e+01
   1.460787e+01
   1.229936e+01
   1.027567e+01
   8.519129e+00
   7.009483e+00
   5.724797e+00
   4.642231e+00
   3.738773e+00
   2.991880e+00
   2.380016e+00
   1.883072e+00
   1.482681e+00
   1.162411e+00
   9.078554e-01
   7.066302e-01
   5.482842e-01
   4.241504e-01
   3.271500e-01
   2.515743e-01
   1.928608e-01
   1.473843e-01
   1.122716e-01
   8.524921e-02
   6.452100e-02
   4.867220e-02
   3.659307e-02
   2.741706e-02
   2.046999e-02
   1.522879e-02
   1.128870e-02
   8.337355e-03
   6.134635e-03
   4.496695e-03
   3.283318e-03
   2.387924e-03
   1.729777e-03
   1.247937e-03
   8.965962e-04
   6.414635e-04
   4.569703e-04
   3.241277e-04
   2.288897e-04
   1.609115e-04
   1.126073e-04
   7.843941e-05
   5.438250e-05
   3.752409e-05
   2.576651e-05
   1.760612e-05
   1.197023e-05
   8.097324e-06
   5.449403e-06
   3.648322e-06
   2.429647e-06
   1.609414e-06
   1.060319e-06
   6.947338e-07
   4.526724e-07
   2.932942e-07
   1.889502e-07
   1.210281e-07
   7.707115e-08
   4.879078e-08
   3.070427e-08
   1.920657e-08
   1.194160e-08
   7.379106e-09
   4.531574e-09
   2.765691e-09
   1.677561e-09
   1.011218e-09
   6.057003e-10
   3.604468e-10
   2.130150e-10
   1.250040e-10
   7.290585e-11
   4.222901e-11
   2.414691e-11
   1.356232e-11
   7.626236e-12
   4.537266e-12
   2.891432e-12
   1.692089e-12
   6.069506e-13
  -1.376827e-13
  -3.209390e-13
  -1.424143e-13
   3.047044e-15
  -1.188612e-14
  -2.635150e-14
   5.871102e-14
   1.418811e-13
   1.162613e-13
  -3.715813e-15
  -1.705162e-13
  -3.281869e-13
  -3.275607e-13
  -5.522924e-14
   3.089228e-13
   4.357692e-13
   2.967685e-13
   1.895885e-13
   2.909150e-13
   4.495291e-13
   4.463941e-13
   2.537251e-13
   4.066615e-15
  -1.548439e-13
  -1.328345e-13
   6.205628e-14
   2.879261e-13
   3.662953e-13
   3.001884e-13
   2.952111e-13
   4.629443e-13
   6.161945e-13
   4.911891e-13
   1.031599e-13
  -2.458194e-13
  -2.906062e-13
  -4.157795e-14
   2.739323e-13
   4.159733e-13
   3.131339e-13
   1.172811e-13
   1.880350e-14
  -4.804276e-15
  -1.137484e-13
  -2.996117e-13
  -3.549370e-13
  -1.561848e-13
   1.661792e-13
   3.618018e-13
   3.234094e-13
   1.827007e-13
   1.025185e-13
   5.038847e-14
  -8.527957e-14
  -2.346837e-13
  -2.097847e-13
  -1.265893e-14
   1.124186e-13
  -1.473896e-14
  -2.766919e-13
  -4.127691e-13
  -3.462121e-13
  -2.383334e-13
  -2.052008e-13
  -1.439608e-13
   4.511296e-14
   2.214016e-13
   1.797852e-13
  -3.263401e-14
  -1.629170e-13
  -6.541340e-14
   1.781847e-13
   4.105737e-13
   5.368475e-13
   5.329413e-13
   4.438024e-13
   3.832368e-13
   4.323856e-13
   5.147261e-13
   4.640511e-13
   2.590077e-13
   9.864349e-14
   1.626639e-13
   3.684190e-13
   4.733225e-13
   3.622801e-13
   1.145946e-13
  -1.515236e-13
  -3.494758e-13
  -3.892790e-13
  -2.486669e-13
  -7.173931e-14
  -4.114443e-14
  -1.416667e-13
  -1.879342e-13
  -1.084551e-13
  -6.300184e-14
  -2.071845e-13
  -4.463536e-13
  -5.416487e-13
  -4.225202e-13
  -2.666948e-13
  -2.512264e-13
  -3.435437e-13
  -3.949965e-13
  -3.321636e-13
  -1.766936e-13
   2.980190e-14
   2.321553e-13
   3.590357e-13
   3.797733e-13
   3.183758e-13
   1.888510e-13
  -1.739939e-14
  -2.517786e-13
  -3.802838e-13
  -2.969081e-13
  -5.516132e-14
  -1.776356e-13
  -6.202360e-14
   2.656667e-13
   4.619493e-13
   2.856393e-13
  -1.714495e-13
  -6.578886e-13
  -1.004064e-12
  -1.136856e-12
  -1.009296e-12
  -6.440865e-13
  -1.977203e-13
   1.033513e-13
   1.088449e-13
  -1.515161e-13
  -4.780759e-13
  -6.219521e-13
  -4.432262e-13
  -4.545216e-14
   2.041038e-13
  -4.204775e-14
  -6.439453e-13
  -9.625990e-13
  -5.465694e-13
   2.943472e-13
   8.008852e-13
   5.611289e-13
  -1.265252e-13
  -6.093552e-13
  -5.195395e-13
  -8.265766e-14
   1.801022e-13
   2.102264e-14
  -3.091588e-13
  -3.957351e-13
  -1.494271e-13
   1.187352e-13
   1.064537e-13
  -1.384175e-13
  -3.540712e-13
  -3.705230e-13
  -1.724702e-13
   1.496341e-13
   3.794222e-13
   2.977721e-13
  -3.113760e-14
  -2.673471e-13
  -2.179586e-13
  -8.270938e-14
  -1.366758e-13
  -3.299727e-13
  -3.933130e-13
  -2.606401e-13
  -1.728167e-13
  -2.870608e-13
  -3.631945e-13
  -1.093304e-13
   2.410595e-13
   1.378405e-13
  -4.295475e-13
  -7.774215e-13
  -4.466799e-13
   1.356708e-13
   2.289427e-13
  -2.203929e-13
  -5.101500e-13
  -1.355028e-13
   5.187752e-13
   7.025520e-13
   2.711866e-13
  -2.553303e-13
  -3.956224e-13
  -5.291153e-14
   6.099567e-13
   1.198833e-12
   1.169389e-12
   3.129829e-13
  -8.566127e-13
  -1.500241e-12
  -1.270599e-12
  -5.346958e-13
   1.527761e-13
   4.747678e-13
   3.391047e-13
  -7.594600e-14
  -2.771818e-13
   5.100448e-14
   5.156827e-13
   4.254376e-13
  -2.765443e-13
  -9.032051e-13
  -8.879044e-13
  -3.779325e-13
   1.196652e-13
   3.055833e-13
   1.611702e-13
  -1.888843e-13
  -4.606017e-13
  -3.180975e-13
   2.202226e-13
   6.471049e-13
   5.356041e-13
   1.000982e-13
  -1.345109e-13
  -8.119055e-14
  -1.252248e-13
  -4.494198e-13
  -7.184546e-13
  -5.505745e-13
   2.124492e-16
   5.661901e-13
   8.249650e-13
   6.802472e-13
   3.121797e-13
   3.831863e-14
   7.352084e-14
   5.318953e-13
   1.342475e-12
   2.111819e-12
   2.783632e-12
   4.253533e-12
   7.649561e-12
   1.379684e-11
   2.421014e-11
   4.212952e-11
   7.294456e-11
   1.252869e-10
   2.133357e-10
   3.605689e-10
   6.056443e-10
   1.011264e-09
   1.678145e-09
   2.767357e-09
   4.534771e-09
   7.384003e-09
   1.194827e-08
   1.921553e-08
   3.071693e-08
   4.880936e-08
   7.709832e-08
   1.210670e-07
   1.890054e-07
   2.933726e-07
   4.527837e-07
   6.948905e-07
   1.060537e-06
   1.609717e-06
   2.430064e-06
   3.648894e-06
   5.450184e-06
   8.098388e-06
   1.197167e-05
   1.760805e-05
   2.576909e-05
   3.752756e-05
   5.438711e-05
   7.844546e-05
   1.126152e-04
   1.609218e-04
   2.289035e-04
   3.241458e-04
   4.569932e-04
   6.414918e-04
   8.966328e-04
   1.247987e-03
   1.729844e-03
   2.388006e-03
   3.283406e-03
   4.496798e-03
   6.134790e-03
   8.337608e-03
   1.128904e-02
   1.522909e-02
   2.047013e-02
   2.741720e-02
   3.659371e-02
   4.867390e-02
   6.452354e-02
   8.525107e-02
   1.122709e-01
   1.473821e-01
   1.928648e-01
   2.516010e-01
   3.272221e-01
   4.242934e-01
   5.485376e-01
   7.071029e-01
   9.088762e-01
   1.164838e+00
   1.488453e+00
   1.896087e+00
   2.407432e+00
   3.045930e+00
   3.839176e+00
   4.819270e+00
   6.023112e+00
   7.492620e+00
   9.274832e+00
   1.142191e+01
   1.399100e+01
   1.704395e+01
   2.064691e+01
   2.486976e+01
   2.978537e+01
   3.546883e+01
   4.199642e+01
   4.944458e+01
   5.788878e+01
   6.740229e+01
   7.805495e+01
   8.991197e+01
   1.030327e+02
   1.174693e+02
   1.332661e+02
   1.504582e+02
   1.690706e+02
   1.891178e+02
   2.106032e+02
   2.335183e+02
   2.578428e+02
   2.835448e+02
   3.105802e+02
   3.388936e+02
   3.684185e+02
   3.990775e+02
   4.307837e+02
   4.634407e+02
   4.969437e+02
   5.311806e+02
   5.660326e+02
   6.013750e+02
   6.370785e+02
   6.730100e+02
   7.090333e+02
   7.450100e+02
   7.808003e+02
   8.162638e+02
   8.512604e+02
   8.856506e+02
   9.192961e+02
   9.520609e+02
   9.838114e+02
   1.014417e+03
   1.043751e+03
   1.071691e+03
   1.098119e+03
   1.122922e+03
   1.145993e+03
   1.167232e+03
   1.186546e+03
   1.203848e+03
   1.219060e+03
   1.232113e+03
   1.242946e+03
   1.251509e+03
   1.257760e+03
   1.261668e+03
   1.263214e+03
   1.262387e+03
   1.259188e+03
   1.253630e+03
   1.245734e+03
   1.235532e+03
   1.223068e+03
   1.208393e+03
   1.191566e+03
   1.172656e+03
   1.151737e+03
   1.128893e+03
   1.104209e+03
   1.077775e+03
   1.049688e+03
   1.020042e+03
   9.889357e+02
   9.564671e+02
   9.227336e+02
   8.878311e+02
   8.518535e+02
   8.148916e+02
   7.770332e+02
   7.383620e+02
   6.989578e+02
   6.588959e+02
   6.182475e+02
   5.770791e+02
   5.354530e+02
   4.934275e+02
   4.510569e+02
   4.083919e+02
   3.654800e+02
   3.223659e+02
   2.790917e+02
   2.356975e+02
   1.922216e+02
   1.487009e+02
   1.051713e+02
   6.166802e+01
   1.822557e+01
  -2.512165e+01
  -6.833936e+01
  -1.113932e+02
  -1.542486e+02
  -1.968707e+02
  -2.392242e+02
  -2.812732e+02
  -3.229813e+02
  -3.643116e+02
  -4.052262e+02
  -4.456865e+02
  -4.856528e+02
  -5.250844e+02
  -5.639393e+02
  -6.021743e+02
  -6.397445e+02
  -6.766034e+02
  -7.127025e+02
  -7.479918e+02
  -7.824187e+02
  -8.159289e+02
  -8.484659e+02
  -8.799710e+02
  -9.103837e+02
  -9.396416e+02
  -9.676806e+02
  -9.944357e+02
  -1.019841e+03
  -1.043829e+03
  -1.066335e+03
  -1.087293e+03
  -1.106638e+03
  -1.124309e+03
  -1.140247e+03
  -1.154395e+03
  -1.166702e+03
  -1.177123e+03
  -1.185617e+03
  -1.192150e+03
  -1.196694e+03
  -1.199231e+03
  -1.199748e+03
  -1.198243e+03
  -1.194721e+03
  -1.189197e+03
  -1.181692e+03
  -1.172239e+03
  -1.160879e+03
  -1.147660e+03
  -1.132638e+03
  -1.115879e+03
  -1.097452e+03
  -1.077437e+03
  -1.055918e+03
  -1.032982e+03
  -1.008726e+03
  -9.832455e+02
  -9.566436e+02
  -9.290243e+02
  -9.004943e+02
  -8.711618e+02
  -8.411360e+02
  -8.105269e+02
  -7.794443e+02
  -7.479979e+02
  -7.162963e+02
  -6.844468e+02
  -6.525553e+02
  -6.207256e+02
  -5.890588e+02
  -5.576537e+02
  -5.266057e+02
  -4.960066e+02
  -4.659446e+02
  -4.365034e+02
  -4.077621e+02
  -3.797950e+02
  -3.526707e+02
  -3.264522e+02
  -3.011962e+02
  -2.769530e+02
  -2.537662e+02
  -2.316720e+02
  -2.106997e+02
  -1.908709e+02
  -1.721997e+02
  -1.546926e+02
  -1.383487e+02
  -1.231595e+02
  -1.091097e+02
  -9.617686e+01
  -8.433223e+01
  -7.354110e+01
  -6.376337e+01
  -5.495418e+01
  -4.706453e+01
  -4.004206e+01
  -3.383179e+01
  -2.837682e+01
  -2.361916e+01
  -1.950045e+01
  -1.596266e+01
  -1.294879e+01
  -1.040346e+01
  -8.273496e+00
  -6.508389e+00
  -5.060693e+00
  -3.886340e+00
  -2.944866e+00
  -2.199551e+00
  -1.617474e+00
  -1.169489e+00
  -8.301330e-01
  -5.774671e-01
  -3.928671e-01
  -2.607710e-01
  -1.683951e-01
  -1.054307e-01
  -6.373153e-02
  -3.700202e-02
  -2.049681e-02
  -1.073766e-02
  -5.255145e-03
  -2.359445e-03
  -9.429406e-04
  -3.159476e-04
  -7.499673e-05
  -1.779543e-06
   1.039048e-05
   6.713275e-06
   2.377112e-06
   3.067037e-07
  -2.037912e-07
  -1.525372e-07
  -4.269649e-08
   3.959580e-09
   8.289751e-09
   2.755420e-09
  -2.185235e-10
  -4.934413e-10
  -1.281072e-10
   3.488165e-11
   2.845910e-11
   2.033217e-12
  -3.648118e-12
  -1.027186e-12
   3.315930e-13
   1.950272e-13
  -1.973299e-14
  -2.878495e-14
   6.638159e-17
   3.833863e-15
   1.771500e-16
  -4.924733e-16
  -2.697715e-17
   6.260664e-17
   1.525789e-18
  -7.798653e-18
   3.294444e-19
   9.107786e-19
  -1.313497e-19
  -9.134015e-20
   2.755478e-20
   6.282295e-21
  -4.167342e-21
   6.238643e-23
   4.472218e-22
  -1.024987e-22
  -2.466619e-23
   1.690466e-23
  -1.769928e-24
  -1.272345e-24
   5.451806e-25
  -3.445534e-26
  -4.375136e-26
   1.766346e-26
  -1.713049e-27
  -1.101074e-27
   5.634841e-28
  -1.081315e-28
  -1.043964e-29
   1.408491e-29
  -4.834486e-30
   7.777082e-31
   9.076279e-32
  -1.080255e-31
   4.116858e-32
  -9.910348e-33
   1.244089e-33
   2.167328e-34
  -2.073466e-34
   8.622790e-35
  -2.745564e-35
   7.475954e-36
  -1.818652e-36
   4.043166e-37
  -8.326953e-38
   1.602904e-38
  -2.901657e-39
   4.960980e-40
  -8.034440e-41
   1.234850e-41
  -1.802583e-42
   2.498366e-43
  -3.281914e-44
   4.070278e-45
  -4.730847e-46
   5.081066e-47
  -4.897395e-48
   3.934723e-49
  -1.955393e-50
  -1.235249e-51
   5.751951e-52
  -1.159768e-52
   1.864312e-53
  -2.662259e-54
   3.514868e-55
  -4.374489e-56
   5.189201e-57
  -5.908180e-58
   6.486993e-59
  -6.892064e-60
   7.103698e-61
  -7.117336e-62
   6.942980e-63
  -6.603051e-64
   6.129103e-65
  -5.557972e-66
   4.927907e-67
  -4.275153e-68
   3.631327e-69
  -3.021737e-70
   2.464648e-71
  -1.971376e-72
   1.547007e-73
  -1.191521e-74
   9.010775e-76
  -6.693109e-77
   4.884757e-78
  -3.503828e-79
   2.470900e-80
  -1.713566e-81
   1.168945e-82
  -7.845920e-84
   5.182671e-85
  -3.369940e-86
   2.157465e-87
  -1.360219e-88
   8.447029e-90
  -5.167880e-91
   3.115401e-92
  -1.850911e-93
   1.083930e-94
  -6.257957e-96
   3.562447e-97
  -1.999933e-98
   1.107383e-99
 -6.048650e-101
  3.259547e-102
 -1.733216e-103
  9.094980e-105
 -4.710417e-106
  2.408124e-107
 -1.215380e-108
  6.056334e-110
 -2.980031e-111
  1.448081e-112
 -6.949797e-114
  3.294612e-115
 -1.542883e-116
  7.138408e-118
 -3.263256e-119
  1.474087e-120
 -6.580470e-122
  2.903298e-123
 -1.266091e-124
  5.457752e-126
 -2.325811e-127
  9.799009e-129
 -4.081984e-130
  1.681418e-131
 -6.849016e-133
  2.759059e-134
 -1.099273e-135
  4.332044e-137
 -1.688701e-138
  6.512012e-140
 -2.484326e-141
  9.376949e-143
 -3.501883e-144
  1.294064e-145
 -4.732066e-147
  1.712429e-148
 -6.132909e-150
  2.173891e-151
 -7.626944e-153
  2.648678e-154
 -9.105353e-156
  3.098680e-157
 -1.043978e-158
  3.482276e-160
 -1.150042e-161
  3.760659e-163
 -1.217686e-164
  3.904344e-166
 -1.239716e-167
  3.898323e-169
 -1.214043e-170
  3.744637e-172
 -1.143994e-173
  3.461740e-175
 -1.037623e-176
  3.080895e-178
 -9.061989e-180
  2.640564e-181
 -7.622770e-183
  2.180160e-184
 -6.177880e-186
  1.734530e-187
 -4.825371e-189
  1.330153e-190
 -3.633367e-192
  9.834863e-194
 -2.638112e-195
  7.012904e-197
 -1.847550e-198
  4.823941e-200
 -1.248327e-201
  3.201757e-203
 -8.139448e-205
  2.050977e-206
 -5.122689e-208
  1.268291e-209
 -3.112686e-211
  7.572845e-213
 -1.826423e-214
  4.366906e-216
 -1.035112e-217
  2.432497e-219
 -5.667348e-221
  1.309122e-222
 -2.998220e-224
  6.808319e-226
 -1.532918e-227
  3.422241e-229
 -7.575719e-231
  1.662908e-232
 -3.619533e-234
  7.812424e-236
 -1.672155e-237
  3.549223e-239
 -7.470750e-241
  1.559472e-242
 -3.228354e-244
  6.628005e-246
 -1.349553e-247
  2.725274e-249
 -5.458214e-251
  1.084222e-252
 -2.136091e-254
  4.174094e-256
 -8.090065e-258
  1.555233e-259
 -2.965505e-261
  5.608771e-263
 -1.052225e-264
  1.958063e-266
 -3.614329e-268
  6.617851e-270
 -1.201987e-271
  2.165612e-273
 -3.870480e-275
  6.862099e-277
 -1.206873e-278
  2.105632e-280
 -3.644387e-282
  6.257362e-284
 -1.065827e-285
  1.801002e-287
 -3.019100e-289
  5.020878e-291
 -8.283689e-293
  1.355854e-294
 -2.201656e-296
  3.546797e-298
 -5.668597e-300
  8.988133e-302
 -1.413904e-303
  2.206625e-305
 -3.416622e-307
  5.248394e-309
 -7.998676e-311
  1.209436e-312
 -1.813680e-314
  2.531327e-316
 -2.095639e-318
  5.281562e-321
 -9.881313e-324
  -0.000000e+00
  -0.000000e+00
  -0.000000e+00
  -0.000000e+00
  -0.000000e+00
  -0.000000e+00
  -0.000000e+00
  -0.000000e+00
  -0.000000e+00
  -0.000000e+00
  -0.000000e+00
  -0.000000e+00
  -0.000000e+00
  -0.000000e+00
  -0.000000e+00
  -0.000000e+00
  -0.000000e+00
  -0.000000e+00
  -0.000000e+00
  -0.000000e+00
  -0.000000e+00
  -0.000000e+00
  -0.000000e+00
  -0.000000e+00
  -0.000000e+00
  -0.000000e+00
  -0.000000e+00
  -0.000000e+00
  -0.000000e+00
  -0.000000e+00
  -0.000000e+00
  -0.000000e+00
  -0.000000e+00
  -0.000000e+00
  -0.000000e+00
  -0.000000e+00
  -0.000000e+00
  -0.000000e+00
  -0.000000e+00
  -0.000000e+00
  -0.000000e+00
  -0.000000e+00
  -0.000000e+00
  -0.000000e+00
  -0.000000e+00
  -0.000000e+00
  -0.000000e+00
  -0.000000e+00
  -0.000000e+00
  -0.000000e+00
  -0.000000e+00
  -0.000000e+00
  -0.000000e+00
  -0.000000e+00
  -0.000000e+00
  -0.000000e+00
  -0.000000e+00
  -0.000000e+00
  -0.000000e+00
  -0.000000e+00
  -0.000000e+00
  -0.000000e+00
  -0.000000e+00
  -0.000000e+00
  -0.000000e+00
  -0.000000e+00
  -0.000000e+00
  -0.000000e+00
  -0.000000e+00
  -0.000000e+00
  -0.000000e+00
  -0.000000e+00
  -0.000000e+00
  -0.000000e+00
  -0.000000e+00
  -0.000000e+00
  -0.000000e+00
  -0.000000e+00
  -0.000000e+00
  -0.000000e+00
  -0.000000e+00
  -0.000000e+00
  -0.000000e+00
  -0.000000e+00
  -0.000000e+00
  -0.000000e+00
  -0.000000e+00
  -0.000000e+00
  -0.000000e+00
  -0.000000e+00
  -0.000000e+00
  -0.000000e+00
  -0.000000e+00
  -0.000000e+00
  -0.000000e+00
  -0.000000e+00
  -0.000000e+00
  -0.000000e+00
  -0.000000e+00
  -0.000000e+00
  -0.000000e+00
  -0.000000e+00
   0.000000e+00
   0.000000e+00
