   0.000000e+00
   0.000000e+00
  -7.418330e-15
  -7.565615e-15
  -6.366989e-16
  -2.066074e-14
  -7.125822e-14
  -9.499918e-14
  -9.554307e-14
  -1.329427e-13
  -1.583289e-13
  -9.958549e-14
  -3.404611e-14
  -5.162388e-14
  -1.016299e-13
  -9.487712e-14
  -3.220453e-14
   3.080188e-14
   8.215887e-14
   1.131701e-13
   3.610239e-14
  -1.737420e-13
  -3.413253e-13
  -3.070345e-13
  -1.697097e-13
  -1.279749e-13
  -1.505194e-13
  -8.310734e-14
   5.011882e-15
  -3.079778e-14
  -1.262402e-13
  -2.244394e-13
  -3.808544e-13
  -8.673069e-14
  -5.356323e-12
   7.639097e-11
  -9.401497e-10
   9.333168e-09
  -6.684764e-08
   2.138928e-07
   2.150468e-06
  -3.973673e-05
   2.961141e-04
  -8.722011e-04
  -3.168503e-03
   2.883804e-02
   2.216488e-02
  -5.332332e-01
  -1.131029e+00
   5.463324e+00
   3.872382e+01
   1.239404e+02
   2.714522e+02
   4.590563e+02
   6.361050e+02
   7.457404e+02
   7.481616e+02
   6.355456e+02
   4.355966e+02
   1.984327e+02
  -2.972420e+01
  -2.263084e+02
  -3.905583e+02
  -5.278789e+02
  -6.364212e+02
  -7.015259e+02
  -6.994398e+02
  -6.131135e+02
  -4.517465e+02
  -2.547717e+02
  -7.422081e+01
   4.898105e+01
   9.939972e+01
   8.973398e+01
   5.192755e+01
   1.782189e+01
   1.600324e+00
  -1.041077e+00
   1.745873e-01
   4.968908e-01
   1.040116e-01
  -7.925012e-02
  -2.796364e-02
   1.346992e-02
   6.024042e-03
  -2.220099e-03
  -1.092688e-03
   3.536998e-04
   1.662775e-04
  -5.728573e-05
  -2.243098e-05
   9.040573e-06
   2.729084e-06
  -1.398068e-06
  -3.258938e-07
   2.118214e-07
   4.281763e-08
  -3.140310e-08
  -6.508415e-09
   4.311009e-09
   6.933640e-11
   5.180090e-10
  -3.733983e-09
  -1.186812e-08
   2.204252e-08
   1.244219e-07
  -1.465672e-07
  -1.077204e-06
   1.191758e-06
   8.404362e-06
  -1.018000e-05
  -6.097641e-05
   8.070803e-05
   4.304599e-04
  -5.105611e-04
  -2.867714e-03
   2.637116e-03
   1.960209e-02
  -4.304260e-04
  -9.564788e-02
  -2.925841e-02
   6.364721e-01
   1.494467e+00
   1.011414e+00
   1.084129e+00
   1.598081e+01
   7.534273e+01
   2.107217e+02
   4.313423e+02
   7.087704e+02
   9.829989e+02
   1.184603e+03
   1.260052e+03
   1.189749e+03
   9.910008e+02
   7.040693e+02
   3.711838e+02
   2.345326e+01
  -3.187240e+02
  -6.376292e+02
  -9.104002e+02
  -1.106652e+03
  -1.195293e+03
  -1.159235e+03
  -1.008360e+03
  -7.803745e+02
  -5.287501e+02
  -3.050440e+02
  -1.429842e+02
  -4.996785e+01
  -1.049612e+01
  -4.747168e-02
   5.782425e-01
   3.547696e-02
  -4.565152e-02
  -1.500606e-03
   3.430480e-03
  -3.600252e-04
  -1.304584e-04
   4.868511e-05
  -7.689840e-06
   5.939124e-07
   1.587554e-08
  -1.189976e-08
   2.015223e-09
  -2.319213e-10
   2.107008e-11
  -1.600673e-12
   1.048317e-13
  -6.032825e-15
   3.091087e-16
  -1.423899e-17
   5.941050e-19
  -2.258530e-20
   7.860187e-22
  -2.514028e-23
   7.413432e-25
  -2.020735e-26
   5.102124e-28
  -1.195247e-29
   2.601091e-31
  -5.262383e-33
   9.900907e-35
  -1.731960e-36
   2.814422e-38
  -4.240939e-40
   5.907899e-42
  -7.570081e-44
   8.845835e-46
  -9.282143e-48
   8.478068e-50
  -6.234083e-52
   2.669845e-54
   1.748347e-56
  -6.299460e-58
   1.019750e-59
  -1.281147e-61
   1.383166e-63
  -1.332230e-65
   0.000000e+00
   0.000000e+00
