   0.000000e+00
   0.000000e+00
  -4.418133e-16
   1.830544e-18
  -1.766966e-16
  -2.504733e-15
  -3.110256e-15
   3.030999e-15
   4.502418e-15
  -2.659148e-14
  -9.521958e-14
  -1.530844e-13
  -1.416697e-13
  -6.982837e-14
  -1.532509e-14
  -3.587497e-14
  -1.013430e-13
  -1.240477e-13
  -4.277851e-14
   1.178566e-13
   2.510667e-13
   2.459724e-13
   1.005849e-13
  -5.567756e-14
  -1.002659e-13
  -6.197407e-14
  -6.978291e-14
  -1.746095e-13
  -2.855719e-13
  -2.862918e-13
  -1.716483e-13
  -4.720038e-14
  -6.893933e-15
  -4.991556e-14
  -1.271390e-13
  -2.077260e-13
  -2.597050e-13
  -2.317850e-13
  -1.174008e-13
   1.482824e-14
   1.003104e-13
   1.242885e-13
   6.499178e-14
  -1.074955e-13
  -3.374861e-13
  -4.838589e-13
  -4.484387e-13
  -2.437856e-13
   4.643805e-14
   2.981434e-13
   3.845231e-13
   2.880763e-13
   1.511246e-13
   1.332035e-13
   2.349742e-13
   3.064768e-13
   2.136056e-13
  -1.501592e-14
  -2.112357e-13
  -2.517282e-13
  -1.733032e-13
  -7.247800e-14
   1.342825e-14
   7.800978e-14
   1.152674e-13
   1.527265e-13
   2.053261e-13
   2.026914e-13
   7.836294e-14
  -9.838308e-14
  -2.094976e-13
  -2.717854e-13
  -3.605343e-13
  -3.733553e-13
  -1.269150e-13
   2.662276e-13
   4.113550e-13
   9.694251e-13
  -7.404497e-12
   5.561167e-11
  -3.098972e-10
   1.147863e-09
  -1.403437e-09
  -1.291849e-08
   8.311445e-08
  -1.053260e-07
  -9.638703e-07
   3.688944e-06
   8.229955e-06
  -5.687710e-05
  -1.054678e-04
   6.680292e-04
   2.178330e-03
  -3.946792e-03
  -3.620048e-02
  -6.998964e-02
   1.483112e-01
   1.451803e+00
   5.659388e+00
   1.578012e+01
   3.574174e+01
   6.955396e+01
   1.201148e+02
   1.880960e+02
   2.713531e+02
   3.650818e+02
   4.626141e+02
   5.564954e+02
   6.394414e+02
   7.049483e+02
   7.475959e+02
   7.632673e+02
   7.494969e+02
   7.059647e+02
   6.349181e+02
   5.411869e+02
   4.315685e+02
   3.136391e+02
   1.943503e+02
   7.890246e+01
  -2.972239e+01
  -1.304941e+02
  -2.235847e+02
  -3.095538e+02
  -3.888093e+02
  -4.614412e+02
  -5.272600e+02
  -5.857803e+02
  -6.359956e+02
  -6.760361e+02
  -7.029942e+02
  -7.132142e+02
  -7.031270e+02
  -6.704082e+02
  -6.150090e+02
  -5.396191e+02
  -4.493623e+02
  -3.508697e+02
  -2.511308e+02
  -1.565455e+02
  -7.240324e+01
  -2.730084e+00
   4.974170e+01
   8.370583e+01
   9.954468e+01
   9.952495e+01
   8.764312e+01
   6.896362e+01
   4.856400e+01
   3.044717e+01
   1.684268e+01
   8.147985e+00
   3.453882e+00
   1.336270e+00
   5.280566e-01
   2.347860e-01
   1.047745e-01
   3.612401e-02
   6.559388e-03
   2.483701e-05
   6.828064e-04
   9.157092e-04
   2.723217e-04
  -1.081337e-04
  -7.624219e-05
   1.334786e-05
   2.010351e-05
   1.397843e-08
  -4.430953e-06
  -5.374667e-07
   8.576353e-07
   1.799369e-07
  -1.563559e-07
  -4.385067e-08
   2.712766e-08
   8.930985e-09
  -4.618684e-09
  -1.621793e-09
   7.799690e-10
   2.688537e-10
  -1.311517e-10
  -4.122474e-11
   2.175870e-11
   5.657972e-12
  -3.839576e-12
  -9.297852e-13
   6.959919e-13
   4.840058e-13
   3.707142e-13
   3.248697e-13
   2.224851e-13
   1.427151e-13
   8.467658e-14
   2.853160e-14
  -1.263386e-13
  -3.509705e-13
  -3.417122e-13
  -8.826026e-14
   8.807481e-14
   7.267373e-14
  -3.762814e-15
   3.861878e-14
   4.348136e-14
  -8.217609e-14
  -1.647521e-13
  -4.874096e-14
   1.115340e-13
   4.639211e-14
  -1.447742e-13
  -1.414256e-13
  -5.021204e-14
  -1.321552e-13
  -1.927273e-13
  -2.161834e-13
   1.046476e-13
   2.489205e-13
  -1.292241e-12
  -7.352952e-13
   9.636668e-12
   3.982717e-12
  -6.079616e-11
  -1.807174e-11
   3.683988e-10
   7.921761e-11
  -2.153896e-09
  -3.933482e-10
   1.227633e-08
   2.958985e-09
  -6.836500e-08
  -3.023883e-08
   3.644380e-07
   3.010373e-07
  -1.765540e-06
  -2.483869e-06
   7.556166e-06
   1.931343e-05
  -1.359435e-05
  -7.821359e-05
   7.083327e-05
   7.384452e-04
   1.646841e-03
   2.456576e-03
   7.135058e-03
   3.122491e-02
   1.058194e-01
   2.804736e-01
   6.601475e-01
   1.545790e+00
   3.730129e+00
   8.898410e+00
   1.994555e+01
   4.095532e+01
   7.667449e+01
   1.315317e+02
   2.084781e+02
   3.080302e+02
   4.278212e+02
   5.627528e+02
   7.056201e+02
   8.479550e+02
   9.808595e+02
   1.095722e+03
   1.184837e+03
   1.241997e+03
   1.263059e+03
   1.246392e+03
   1.193043e+03
   1.106484e+03
   9.919379e+02
   8.554560e+02
   7.029920e+02
   5.397430e+02
   3.698795e+02
   1.966352e+02
   2.260362e+01
  -1.499366e+02
  -3.187786e+02
  -4.816351e+02
  -6.360177e+02
  -7.790976e+02
  -9.075667e+02
  -1.017595e+03
  -1.105002e+03
  -1.165700e+03
  -1.196351e+03
  -1.195065e+03
  -1.161922e+03
  -1.099168e+03
  -1.011028e+03
  -9.032369e+02
  -7.824403e+02
  -6.556133e+02
  -5.295633e+02
  -4.105038e+02
  -3.036508e+02
  -2.128239e+02
  -1.401105e+02
  -8.570610e+01
  -4.803993e+01
  -2.421683e+01
  -1.068506e+01
  -3.948002e+00
  -1.118298e+00
  -1.846936e-01
   1.590390e-02
   1.925135e-02
   3.615397e-03
  -9.369610e-04
  -4.896888e-04
   2.658823e-05
   4.797612e-05
  -6.480754e-07
  -4.277302e-06
   2.830567e-07
   3.268495e-07
  -6.869256e-08
  -1.223349e-08
   7.705306e-09
  -1.169254e-09
  -1.550849e-10
   1.220148e-10
  -3.433666e-11
   6.513980e-12
  -9.244265e-13
   9.780827e-14
  -6.546438e-15
  -8.055811e-17
   1.099724e-16
  -2.157815e-17
   2.994802e-18
  -3.435810e-19
   3.440260e-20
  -3.088010e-21
   2.524532e-22
  -1.899692e-23
   1.325827e-24
  -8.631850e-26
   5.266545e-27
  -3.022596e-28
   1.636925e-29
  -8.387506e-31
   4.075644e-32
  -1.881905e-33
   8.272067e-35
  -3.466864e-36
   1.387351e-37
  -5.307887e-39
   1.943789e-40
  -6.820693e-42
   2.295511e-43
  -7.416263e-45
   2.301952e-46
  -6.869644e-48
   1.972394e-49
  -5.451862e-51
   1.451560e-52
  -3.724697e-54
   9.215500e-56
  -2.199414e-57
   5.065532e-59
  -1.126227e-60
   2.417943e-62
  -5.014234e-64
   1.004628e-65
  -1.945065e-67
   3.639666e-69
  -6.583236e-71
   1.151069e-72
  -1.945635e-74
   3.179147e-76
  -5.021303e-78
   7.665104e-80
  -1.130634e-81
   1.611000e-83
  -2.216456e-85
   2.942885e-87
  -3.768101e-89
   4.648270e-91
  -5.517319e-93
   6.290576e-95
  -6.873180e-97
   7.172736e-99
 -7.114459e-101
  6.655999e-103
 -5.798663e-105
  4.592085e-107
 -3.130603e-109
  1.541370e-111
  3.375057e-115
 -1.458991e-115
  2.623955e-117
 -3.457586e-119
  3.934401e-121
 -4.072468e-123
  3.924453e-125
 -3.564425e-127
  3.073598e-129
 -2.527863e-131
  1.989019e-133
   0.000000e+00
   0.000000e+00
