   0.000000e+00
   0.000000e+00
  -2.413282e-23
  -1.599675e-22
  -2.723833e-22
  -2.477019e-22
  -1.637052e-23
   3.800694e-22
   7.928270e-22
   1.046512e-21
   1.032807e-21
   7.387042e-22
   2.066573e-22
  -4.963318e-22
  -1.253674e-21
  -1.879614e-21
  -2.189480e-21
  -2.123982e-21
  -1.801923e-21
  -1.476895e-21
  -1.522455e-21
  -2.485210e-21
  -4.986939e-21
  -9.271142e-21
  -1.466979e-20
  -1.967287e-20
  -2.288433e-20
  -2.409656e-20
  -2.421066e-20
  -2.371567e-20
  -2.121142e-20
  -1.402038e-20
  -1.135104e-21
   1.401263e-20
   2.421255e-20
   2.310366e-20
   1.032133e-20
  -7.458248e-21
  -2.085365e-20
  -2.386379e-20
  -1.654082e-20
  -2.612370e-21
   1.463347e-20
   3.370309e-20
   5.267098e-20
   6.687796e-20
   7.023530e-20
   5.975782e-20
   3.917438e-20
   1.790409e-20
   5.620740e-21
   6.132156e-21
   1.468226e-20
   2.051349e-20
   1.345906e-20
  -9.177931e-21
  -4.002828e-20
  -6.585668e-20
  -7.646792e-20
  -7.216091e-20
  -6.378286e-20
  -6.458702e-20
  -7.963112e-20
  -1.012102e-19
  -1.148980e-19
  -1.121556e-19
  -9.882294e-20
  -9.098543e-20
  -1.005866e-19
  -1.232960e-19
  -1.400065e-19
  -1.311407e-19
  -9.170256e-20
  -3.546135e-20
   1.336099e-20
   3.388220e-20
   1.959499e-20
  -1.845838e-20
  -5.798488e-20
  -7.831332e-20
  -7.172671e-20
  -4.515738e-20
  -1.274442e-20
   1.159579e-20
   1.556031e-20
  -1.064465e-20
  -6.599866e-20
  -1.287483e-19
  -1.619382e-19
  -1.392375e-19
  -6.957542e-20
   7.532997e-21
   5.638592e-20
   7.617246e-20
   9.631184e-20
   1.403022e-19
   1.954185e-19
   2.198767e-19
   1.817443e-19
   9.308124e-20
   6.839924e-21
  -2.272929e-20
   1.695599e-20
   8.731431e-20
   1.307904e-19
   1.164645e-19
   5.991683e-20
   3.697801e-21
  -1.869133e-20
  -1.770900e-21
   4.001558e-20
   8.904657e-20
   1.296225e-19
   1.430983e-19
   1.101707e-19
   2.730381e-20
  -7.768152e-20
  -1.521473e-19
  -1.501939e-19
  -6.670950e-20
   5.562853e-20
   1.554075e-19
   1.948818e-19
   1.797781e-19
   1.413544e-19
   1.020003e-19
   5.985324e-20
   4.081576e-21
  -6.177445e-20
  -1.162773e-19
  -1.375928e-19
  -1.200249e-19
  -7.397261e-20
  -1.520662e-20
   4.326182e-20
   9.326204e-20
   1.310047e-19
   1.540732e-19
   1.553793e-19
   1.219974e-19
   4.787601e-20
  -4.754833e-20
  -1.182983e-19
  -1.194944e-19
  -4.294006e-20
   7.324361e-20
   1.707227e-19
   2.084533e-19
   1.813705e-19
   1.139252e-19
   4.336985e-20
   5.075065e-21
   1.933638e-20
   7.896282e-20
   1.474390e-19
   1.772573e-19
   1.402459e-19
   4.652113e-20
  -6.331261e-20
  -1.442231e-19
  -1.692365e-19
  -1.357560e-19
  -5.994469e-20
   3.147994e-20
   1.088827e-19
   1.476969e-19
   1.354745e-19
   7.580825e-20
  -1.056781e-20
  -8.864592e-20
  -1.221896e-19
  -9.813711e-20
  -4.506951e-20
  -2.004882e-20
  -6.277498e-20
  -1.554664e-19
  -2.324654e-19
  -2.375330e-19
  -1.745988e-19
  -1.002381e-19
  -6.563485e-20
  -6.865856e-20
  -6.462619e-20
  -2.049771e-20
   4.828541e-20
   9.722662e-20
   1.038169e-19
   9.166987e-20
   1.016529e-19
   1.437785e-19
   1.829648e-19
   1.724144e-19
   9.872840e-20
  -3.944827e-21
  -7.902875e-20
  -8.722263e-20
  -3.184041e-20
   4.395909e-20
   8.513659e-20
   6.133433e-20
  -1.278372e-20
  -8.996849e-20
  -1.260647e-19
  -1.086548e-19
  -5.691491e-20
   1.777678e-22
   4.365876e-20
   6.916387e-20
   8.121834e-20
   8.624181e-20
   8.672281e-20
   7.740608e-20
   4.811698e-20
  -5.248987e-21
  -7.072598e-20
  -1.234804e-19
  -1.418694e-19
  -1.214815e-19
  -7.402300e-20
  -1.431443e-20
   4.961513e-20
   1.138512e-19
   1.687671e-19
   1.954703e-19
   1.761134e-19
   1.118127e-19
   3.120539e-20
  -2.433437e-20
  -3.297771e-20
  -1.378350e-20
  -1.014550e-20
  -4.376351e-20
  -8.522071e-20
  -7.937349e-20
  -6.603284e-21
   8.569519e-20
   1.225125e-19
   7.462934e-20
  -1.426266e-20
  -7.858770e-20
  -1.021149e-19
  -1.269062e-19
  -1.917032e-19
  -2.765713e-19
  -3.214142e-19
  -2.932841e-19
  -2.182144e-19
  -1.422267e-19
  -7.809520e-20
  -8.969070e-21
   6.048344e-20
   8.203983e-20
   1.147040e-20
  -1.271110e-19
  -2.420490e-19
  -2.487973e-19
  -1.421813e-19
   5.379770e-21
   1.093872e-19
   1.329627e-19
   9.423662e-20
   3.665243e-20
   1.353276e-21
   1.469723e-20
   7.900680e-20
   1.646007e-19
   2.197687e-19
   2.042032e-19
   1.204325e-19
   1.133833e-20
  -7.563117e-20
  -1.225330e-19
  -1.422800e-19
  -1.524337e-19
  -1.533357e-19
  -1.330100e-19
  -8.961224e-20
  -4.312903e-20
  -2.067077e-20
  -3.010700e-20
  -5.187850e-20
  -6.021812e-20
  -5.156762e-20
  -4.803973e-20
  -7.072981e-20
  -1.116702e-19
  -1.356679e-19
  -1.121928e-19
  -4.709937e-20
   1.610482e-20
   2.834382e-20
  -2.584233e-20
  -1.152499e-19
  -1.867170e-19
  -2.057021e-19
  -1.765930e-19
  -1.283481e-19
  -8.701293e-20
  -6.552549e-20
  -7.302186e-20
  -1.185116e-19
  -1.951805e-19
  -2.668172e-19
  -2.860602e-19
  -2.371052e-19
  -1.570940e-19
  -1.040686e-19
  -9.793211e-20
  -9.806758e-20
  -4.797303e-20
   5.636934e-20
   1.497730e-19
   1.570606e-19
   6.962301e-20
  -4.183508e-20
  -9.350210e-20
  -6.538852e-20
  -1.145291e-20
   2.063018e-21
  -3.749766e-20
  -8.385135e-20
  -8.484418e-20
  -3.598041e-20
   1.677024e-20
   2.318411e-20
  -2.272375e-20
  -7.845340e-20
  -9.720261e-20
  -7.668835e-20
  -6.071484e-20
  -8.870680e-20
  -1.478174e-19
  -1.848509e-19
  -1.681625e-19
  -1.276307e-19
  -1.227455e-19
  -1.731739e-19
  -2.306682e-19
  -2.230512e-19
  -1.223017e-19
   2.936730e-20
   1.515729e-19
   1.811304e-19
   1.098041e-19
  -1.372644e-20
  -1.149867e-19
  -1.404533e-19
  -9.132397e-20
  -2.048995e-20
   1.096919e-20
   2.597852e-21
   3.494381e-20
   7.886318e-20
  -2.323708e-19
  -7.184264e-19
   1.343471e-18
   7.401969e-18
   7.149093e-19
  -5.135105e-17
  -8.990490e-17
   1.926494e-16
   9.929952e-16
   8.103703e-16
  -4.760449e-15
  -1.693094e-14
  -1.300528e-14
   7.298855e-14
   2.952138e-13
   4.467302e-13
  -4.008159e-13
  -4.129399e-12
  -1.219845e-11
  -1.996650e-11
  -2.748319e-12
   1.110210e-10
   4.838268e-10
   1.433368e-09
   3.518351e-09
   7.645185e-09
   1.519343e-08
   2.815649e-08
   4.929305e-08
   8.228341e-08
   1.318844e-07
   2.040754e-07
   3.061882e-07
   4.470131e-07
   6.368741e-07
   8.876672e-07
   1.212855e-06
   1.627417e-06
   2.147745e-06
   2.791496e-06
   3.577387e-06
   4.524947e-06
   5.654222e-06
   6.985449e-06
   8.538688e-06
   1.033344e-05
   1.238827e-05
   1.472036e-05
   1.734518e-05
   2.027607e-05
   2.352390e-05
   2.709681e-05
   3.099987e-05
   3.523494e-05
   3.980049e-05
   4.469150e-05
   4.989947e-05
   5.541241e-05
   6.121497e-05
   6.728856e-05
   7.361161e-05
   8.015976e-05
   8.690616e-05
   9.382182e-05
   1.008759e-04
   1.080360e-04
   1.152688e-04
   1.225397e-04
   1.298142e-04
   1.370570e-04
   1.442334e-04
   1.513085e-04
   1.582483e-04
   1.650194e-04
   1.715890e-04
   1.779255e-04
   1.839982e-04
   1.897775e-04
   1.952351e-04
   2.003436e-04
   2.050771e-04
   2.094108e-04
   2.133214e-04
   2.167868e-04
   2.197864e-04
   2.223014e-04
   2.243143e-04
   2.258098e-04
   2.267745e-04
   2.271969e-04
   2.270682e-04
   2.263820e-04
   2.251345e-04
   2.233248e-04
   2.209551e-04
   2.180308e-04
   2.145603e-04
   2.105556e-04
   2.060316e-04
   2.010068e-04
   1.955025e-04
   1.895431e-04
   1.831557e-04
   1.763699e-04
   1.692174e-04
   1.617318e-04
   1.539477e-04
   1.459011e-04
   1.376281e-04
   1.291652e-04
   1.205481e-04
   1.118121e-04
   1.029909e-04
   9.411668e-05
   8.521968e-05
   7.632791e-05
   6.746691e-05
   5.865962e-05
   4.992622e-05
   4.128420e-05
   3.274828e-05
   2.433056e-05
   1.604062e-05
   7.885724e-06
  -1.289897e-07
  -8.000241e-06
  -1.572636e-05
  -2.330700e-05
  -3.074288e-05
  -3.803553e-05
  -4.518702e-05
  -5.219972e-05
  -5.907617e-05
  -6.581885e-05
  -7.243008e-05
  -7.891191e-05
  -8.526607e-05
  -9.149392e-05
  -9.759647e-05
  -1.035743e-04
  -1.094279e-04
  -1.151570e-04
  -1.207616e-04
  -1.262411e-04
  -1.315950e-04
  -1.368223e-04
  -1.419220e-04
  -1.468930e-04
  -1.517335e-04
  -1.564419e-04
  -1.610156e-04
  -1.654519e-04
  -1.697471e-04
  -1.738968e-04
  -1.778956e-04
  -1.817370e-04
  -1.854134e-04
  -1.889157e-04
  -1.922335e-04
  -1.953551e-04
  -1.982675e-04
  -2.009560e-04
  -2.034051e-04
  -2.055980e-04
  -2.075171e-04
  -2.091443e-04
  -2.104610e-04
  -2.114488e-04
  -2.120895e-04
  -2.123658e-04
  -2.122615e-04
  -2.117618e-04
  -2.108540e-04
  -2.095275e-04
  -2.077743e-04
  -2.055892e-04
  -2.029701e-04
  -1.999182e-04
  -1.964379e-04
  -1.925371e-04
  -1.882270e-04
  -1.835222e-04
  -1.784403e-04
  -1.730021e-04
  -1.672309e-04
  -1.611524e-04
  -1.547945e-04
  -1.481868e-04
  -1.413602e-04
  -1.343467e-04
  -1.271791e-04
  -1.198901e-04
  -1.125129e-04
  -1.050799e-04
  -9.762314e-05
  -9.017397e-05
  -8.276257e-05
  -7.541806e-05
  -6.816828e-05
  -6.103975e-05
  -5.405761e-05
  -4.724560e-05
  -4.062603e-05
  -3.421983e-05
  -2.804649e-05
  -2.212416e-05
  -1.646958e-05
  -1.109809e-05
  -6.023631e-06
  -1.258682e-06
   3.185793e-06
   7.300420e-06
   1.107750e-05
   1.451113e-05
   1.759728e-05
   2.033395e-05
   2.272124e-05
   2.476146e-05
   2.645921e-05
   2.782144e-05
   2.885747e-05
   2.957895e-05
   2.999986e-05
   3.013636e-05
   3.000666e-05
   2.963083e-05
   2.903061e-05
   2.822905e-05
   2.725028e-05
   2.611917e-05
   2.486090e-05
   2.350070e-05
   2.206339e-05
   2.057310e-05
   1.905285e-05
   1.752428e-05
   1.600736e-05
   1.452015e-05
   1.307859e-05
   1.169637e-05
   1.038488e-05
   9.153110e-06
   8.007736e-06
   6.953172e-06
   5.991704e-06
   5.123653e-06
   4.347581e-06
   3.660524e-06
   3.058236e-06
   2.535455e-06
   2.086156e-06
   1.703809e-06
   1.381616e-06
   1.112730e-06
   8.904405e-07
   7.083380e-07
   5.604381e-07
   4.412741e-07
   3.459556e-07
   2.701951e-07
   2.103066e-07
   1.631798e-07
   1.262352e-07
   9.736608e-08
   7.487329e-08
   5.739905e-08
   4.386436e-08
   3.341416e-08
   2.537179e-08
   1.920268e-08
   1.448577e-08
   1.089080e-08
   8.159841e-09
   6.092258e-09
   4.532379e-09
   3.359732e-09
   2.481356e-09
   1.825784e-09
   1.338302e-09
   9.771779e-10
   7.106917e-10
   5.148145e-10
   3.714097e-10
   2.668441e-10
   1.909117e-10
   1.360031e-10
   9.646657e-11
   6.812193e-11
   4.789031e-11
   3.351409e-11
   2.334506e-11
   1.618527e-11
   1.116788e-11
   7.668604e-12
   5.239916e-12
   3.562569e-12
   2.409918e-12
   1.621846e-12
   1.085810e-12
   7.231092e-13
   4.789922e-13
   3.155709e-13
   2.067660e-13
   1.347239e-13
   8.728986e-14
   5.623503e-14
   3.602018e-14
   2.293789e-14
   1.452124e-14
   9.138373e-15
   5.716347e-15
   3.554031e-15
   2.196112e-15
   1.348670e-15
   8.231122e-16
   4.992192e-16
   3.008482e-16
   1.800821e-16
   1.070426e-16
   6.324573e-17
   3.722742e-17
   2.185330e-17
   1.276200e-17
   7.371423e-18
   4.182215e-18
   2.316860e-18
   1.249371e-18
   6.663468e-19
   3.799411e-19
   2.518771e-19
   1.650781e-19
   6.906850e-20
   7.206081e-21
   3.068722e-20
   9.698027e-20
   1.084498e-19
   3.629799e-20
  -5.397667e-20
  -9.492145e-20
  -7.782085e-20
  -2.525242e-20
   3.137971e-20
   4.109357e-20
  -2.407978e-20
  -1.030129e-19
  -1.037821e-19
  -3.525049e-20
   9.213186e-21
  -2.829151e-21
  -9.883601e-21
   2.666076e-20
   6.118646e-20
   4.724303e-20
   1.909418e-20
   4.128976e-20
   1.110681e-19
   1.681268e-19
   1.849328e-19
   1.834019e-19
   1.671219e-19
   1.055372e-19
  -4.319475e-23
  -8.921784e-20
  -1.094121e-19
  -7.699324e-20
  -4.553846e-20
  -3.982687e-20
  -4.424056e-20
  -3.207228e-20
   5.263234e-21
   3.462777e-20
  -1.052612e-21
  -1.083684e-19
  -2.096085e-19
  -2.191081e-19
  -1.394330e-19
  -5.922221e-20
  -5.508899e-20
  -1.069690e-19
  -1.312983e-19
  -9.333019e-20
  -4.623227e-20
  -5.021623e-20
  -9.154184e-20
  -1.010835e-19
  -3.828681e-20
   5.508854e-20
   9.068673e-20
   2.891989e-20
  -7.080179e-20
  -1.085734e-19
  -4.553777e-20
   6.130271e-20
   1.169667e-19
   7.965308e-20
   5.308046e-22
  -3.590744e-20
  -9.099665e-21
   2.741034e-20
   3.108657e-20
   2.295690e-20
   4.332410e-20
   9.254135e-20
   1.371845e-19
   1.520522e-19
   1.344849e-19
   9.126481e-20
   3.538025e-20
  -6.717461e-21
  -7.511180e-21
   2.910127e-20
   5.860079e-20
   3.900308e-20
  -1.628245e-20
  -4.995686e-20
  -3.039934e-20
   1.585962e-20
   5.085140e-20
   7.166261e-20
   8.934184e-20
   9.266704e-20
   6.487380e-20
   1.808702e-20
  -1.755039e-20
  -2.789975e-20
  -1.839579e-20
   3.794428e-21
   3.482385e-20
   6.893497e-20
   9.493011e-20
   9.584570e-20
   6.281955e-20
   1.454120e-20
  -1.981477e-20
  -4.368081e-20
  -8.362649e-20
  -1.277750e-19
  -1.250233e-19
  -6.841556e-20
  -2.372756e-20
  -3.773361e-20
  -6.592909e-20
  -3.633210e-20
   5.030695e-20
   1.285137e-19
   1.509383e-19
   1.224263e-19
   6.969569e-20
  -4.316316e-19
  -3.113917e-19
  -1.064344e-19
   9.804365e-20
   2.122006e-19
   1.969961e-19
   7.208961e-20
  -1.081457e-19
  -2.646985e-19
  -3.137385e-19
  -2.301836e-19
  -8.778847e-20
   3.813761e-21
   4.318356e-21
  -3.854551e-20
  -7.036925e-20
  -9.605918e-20
  -1.422689e-19
  -1.823323e-19
  -1.573685e-19
  -7.213609e-20
  -3.886769e-21
  -2.118579e-21
  -3.762184e-20
  -5.959021e-20
  -5.104088e-20
  -2.210599e-20
   1.236044e-20
   4.243035e-20
   6.711672e-20
   8.817519e-20
   9.892784e-20
   9.114978e-20
   7.479222e-20
   7.088678e-20
   7.229565e-20
   3.779828e-20
  -4.557344e-20
  -1.199348e-19
  -1.135544e-19
  -1.990566e-20
   1.064801e-19
   2.039252e-19
   2.328626e-19
   1.880250e-19
   1.088857e-19
   5.600886e-20
   5.507662e-20
   6.824829e-20
   2.865657e-20
  -8.633372e-20
  -2.079889e-19
  -2.306194e-19
  -1.448865e-19
  -6.867514e-20
  -8.824755e-20
  -1.401297e-19
  -1.330368e-19
  -9.857815e-20
  -1.137734e-19
  -1.516069e-19
  -1.242050e-19
  -3.275714e-20
   2.624413e-20
   3.487047e-21
  -3.225000e-20
  -6.034942e-21
   4.301058e-20
   3.665622e-20
  -2.408064e-21
  -1.533991e-21
   2.502247e-20
   1.841811e-20
  -2.759958e-21
   1.494302e-20
   4.676267e-20
   2.529785e-20
  -4.608958e-20
  -1.027586e-19
  -1.172691e-19
  -1.068219e-19
  -6.827811e-20
  -6.140805e-21
   7.508482e-21
  -6.645885e-20
  -1.111076e-19
   8.390326e-21
   2.131519e-19
   2.848317e-19
   1.611658e-19
   7.585985e-22
  -5.606292e-20
  -3.654329e-20
  -1.195877e-20
   2.077148e-20
   6.923531e-20
   8.683300e-20
   6.337382e-20
   7.503603e-20
   1.577215e-19
   2.139113e-19
   1.468637e-19
   1.443583e-20
  -6.370929e-20
  -8.620959e-20
  -1.334008e-19
  -1.945299e-19
  -1.689290e-19
  -4.211777e-20
   6.801350e-20
   7.295277e-20
   1.550926e-20
  -1.772577e-20
  -4.573719e-21
  -1.408794e-21
  -6.982537e-20
  -1.698366e-19
  -2.324252e-19
  -3.563305e-19
  -7.227626e-19
  -1.395277e-18
  -2.473719e-18
  -4.306305e-18
  -7.435311e-18
  -1.269658e-17
  -2.164584e-17
  -3.700136e-17
  -6.316621e-17
  -1.071681e-16
  -1.803527e-16
  -3.012268e-16
  -4.997784e-16
  -8.239512e-16
  -1.349837e-15
  -2.197642e-15
  -3.556050e-15
  -5.719131e-15
  -9.142345e-15
  -1.452697e-14
  -2.294616e-14
  -3.603203e-14
  -5.625186e-14
  -8.731353e-14
  -1.347571e-13
  -2.068125e-13
  -3.156359e-13
  -4.790824e-13
  -7.232333e-13
  -1.085980e-12
  -1.622079e-12
  -2.410234e-12
  -3.562997e-12
  -5.240490e-12
  -7.669374e-12
  -1.116892e-11
  -1.618664e-11
  -2.334686e-11
  -3.351643e-11
  -4.789340e-11
  -6.812604e-11
  -9.647196e-11
  -1.360099e-10
  -1.909202e-10
  -2.668550e-10
  -3.714247e-10
  -5.148346e-10
  -7.107161e-10
  -9.772042e-10
  -1.338333e-09
  -1.825830e-09
  -2.481431e-09
  -3.359832e-09
  -4.532468e-09
  -6.092302e-09
  -8.159881e-09
  -1.089099e-08
  -1.448628e-08
  -1.920344e-08
  -2.537234e-08
  -3.341396e-08
  -4.386371e-08
  -5.740025e-08
  -7.488124e-08
  -9.738752e-08
  -1.262778e-07
  -1.632552e-07
  -2.104473e-07
  -2.704989e-07
  -3.466780e-07
  -4.429920e-07
  -5.643115e-07
  -7.164975e-07
  -9.065269e-07
  -1.142612e-06
  -1.434307e-06
  -1.792593e-06
  -2.229946e-06
  -2.760367e-06
  -3.399378e-06
  -4.163987e-06
  -5.072604e-06
  -6.144915e-06
  -7.401714e-06
  -8.864694e-06
  -1.055620e-05
  -1.249893e-05
  -1.471565e-05
  -1.722880e-05
  -2.006020e-05
  -2.323064e-05
  -2.675952e-05
  -3.066448e-05
  -3.496111e-05
  -3.966254e-05
  -4.477922e-05
  -5.031863e-05
  -5.628507e-05
  -6.267952e-05
  -6.949948e-05
  -7.673894e-05
  -8.438833e-05
  -9.243458e-05
  -1.008612e-04
  -1.096483e-04
  -1.187731e-04
  -1.282094e-04
  -1.379288e-04
  -1.478999e-04
  -1.580895e-04
  -1.684621e-04
  -1.789806e-04
  -1.896067e-04
  -2.003006e-04
  -2.110218e-04
  -2.217292e-04
  -2.323810e-04
  -2.429357e-04
  -2.533513e-04
  -2.635865e-04
  -2.736000e-04
  -2.833515e-04
  -2.928010e-04
  -3.019098e-04
  -3.106402e-04
  -3.189557e-04
  -3.268211e-04
  -3.342029e-04
  -3.410693e-04
  -3.473906e-04
  -3.531387e-04
  -3.582880e-04
  -3.628155e-04
  -3.667003e-04
  -3.699245e-04
  -3.724729e-04
  -3.743332e-04
  -3.754964e-04
  -3.759564e-04
  -3.757103e-04
  -3.747583e-04
  -3.731041e-04
  -3.707541e-04
  -3.677180e-04
  -3.640084e-04
  -3.596407e-04
  -3.546326e-04
  -3.490046e-04
  -3.427790e-04
  -3.359800e-04
  -3.286335e-04
  -3.207665e-04
  -3.124071e-04
  -3.035839e-04
  -2.943261e-04
  -2.846628e-04
  -2.746231e-04
  -2.642355e-04
  -2.535278e-04
  -2.425273e-04
  -2.312599e-04
  -2.197506e-04
  -2.080231e-04
  -1.961000e-04
  -1.840022e-04
  -1.717497e-04
  -1.593610e-04
  -1.468534e-04
  -1.342431e-04
  -1.215452e-04
  -1.087738e-04
  -9.594222e-05
  -8.306300e-05
  -7.014806e-05
  -5.720880e-05
  -4.425622e-05
  -3.130099e-05
  -1.835358e-05
  -5.424276e-06
   7.476682e-06
   2.033910e-05
   3.315274e-05
   4.590733e-05
   5.859247e-05
   7.119767e-05
   8.371225e-05
   9.612540e-05
   1.084261e-04
   1.206030e-04
   1.326448e-04
   1.445395e-04
   1.562751e-04
   1.678391e-04
   1.792185e-04
   1.904001e-04
   2.013700e-04
   2.121139e-04
   2.226166e-04
   2.328627e-04
   2.428360e-04
   2.525196e-04
   2.618961e-04
   2.709475e-04
   2.796552e-04
   2.880002e-04
   2.959630e-04
   3.035240e-04
   3.106635e-04
   3.173617e-04
   3.235991e-04
   3.293566e-04
   3.346158e-04
   3.393591e-04
   3.435699e-04
   3.472329e-04
   3.503344e-04
   3.528623e-04
   3.548066e-04
   3.561591e-04
   3.569140e-04
   3.570680e-04
   3.566201e-04
   3.555719e-04
   3.539276e-04
   3.516941e-04
   3.488808e-04
   3.454998e-04
   3.415655e-04
   3.370947e-04
   3.321067e-04
   3.266227e-04
   3.206659e-04
   3.142612e-04
   3.074352e-04
   3.002159e-04
   2.926326e-04
   2.847154e-04
   2.764953e-04
   2.680043e-04
   2.592743e-04
   2.503381e-04
   2.412282e-04
   2.319775e-04
   2.226184e-04
   2.131834e-04
   2.037044e-04
   1.942129e-04
   1.847397e-04
   1.753151e-04
   1.659684e-04
   1.567279e-04
   1.476210e-04
   1.386740e-04
   1.299117e-04
   1.213578e-04
   1.130342e-04
   1.049615e-04
   9.715839e-05
   8.964173e-05
   8.242650e-05
   7.552565e-05
   6.895001e-05
   6.270825e-05
   5.680681e-05
   5.124990e-05
   4.603946e-05
   4.117520e-05
   3.665462e-05
   3.247313e-05
   2.862407e-05
   2.509888e-05
   2.188723e-05
   1.897719e-05
   1.635541e-05
   1.400730e-05
   1.191728e-05
   1.006898e-05
   8.445482e-06
   7.029513e-06
   5.803706e-06
   4.750792e-06
   3.853805e-06
   3.096267e-06
   2.462350e-06
   1.937021e-06
   1.506159e-06
   1.156649e-06
   8.764481e-07
   6.546282e-07
   4.813910e-07
   3.480622e-07
   2.470634e-07
   1.718652e-07
   1.169247e-07
   7.761041e-08
   5.011759e-08
   3.137820e-08
   1.896772e-08
   1.101251e-08
   6.100242e-09
   3.195731e-09
   1.564031e-09
   7.022157e-10
   2.806371e-10
   9.403204e-11
   2.232046e-11
   5.296258e-13
  -3.092404e-12
  -1.997998e-12
  -7.074737e-13
  -9.128086e-14
   6.065216e-14
   4.539798e-14
   1.270729e-14
  -1.178446e-15
  -2.467188e-15
  -8.200656e-16
   6.503675e-17
   1.468575e-16
   3.812714e-17
  -1.038144e-17
  -8.469971e-18
  -6.051241e-19
   1.085749e-18
   3.057102e-19
  -9.868840e-20
  -5.804381e-20
   5.872913e-21
   8.566948e-21
  -1.975642e-23
  -1.141031e-21
  -5.272320e-23
   1.465694e-22
   8.028913e-24
  -1.863293e-23
  -4.541037e-25
   2.321028e-24
  -9.804892e-26
  -2.710651e-25
   3.909217e-26
   2.718457e-26
  -8.200827e-27
  -1.869731e-27
   1.240280e-27
  -1.856739e-29
  -1.331017e-28
   3.050557e-29
   7.341127e-30
  -5.031149e-30
   5.267643e-31
   3.786742e-31
  -1.622561e-31
   1.025457e-32
   1.302124e-32
  -5.256983e-33
   5.098359e-34
   3.277005e-34
  -1.677036e-34
   3.218199e-35
   3.107035e-36
  -4.191939e-36
   1.438835e-36
  -2.314608e-37
  -2.701274e-38
   3.215045e-38
  -1.225255e-38
   2.949508e-39
  -3.702646e-40
  -6.450380e-41
   6.171029e-41
  -2.566307e-41
   8.171322e-42
  -2.224986e-42
   5.412653e-43
  -1.203323e-43
   2.478260e-44
  -4.770548e-45
   8.635884e-46
  -1.476482e-46
   2.391202e-47
  -3.675150e-48
   5.364830e-49
  -7.435613e-50
   9.767600e-51
  -1.211392e-51
   1.407990e-52
  -1.512222e-53
   1.457558e-54
  -1.171048e-55
   5.819621e-57
   3.676337e-58
  -1.711890e-58
   3.451690e-59
  -5.548548e-60
   7.923389e-61
  -1.046092e-61
   1.301931e-62
  -1.544405e-63
   1.758387e-64
  -1.930653e-65
   2.051209e-66
  -2.114196e-67
   2.118255e-68
  -2.066363e-69
   1.965194e-70
  -1.824138e-71
   1.654158e-72
  -1.466639e-73
   1.272367e-74
  -1.080752e-75
   8.993266e-77
  -7.335262e-78
   5.867189e-79
  -4.604189e-80
   3.546193e-81
  -2.681778e-82
   1.991997e-83
  -1.453797e-84
   1.042806e-85
  -7.353869e-87
   5.099899e-88
  -3.479003e-89
   2.335095e-90
  -1.542462e-91
   1.002958e-92
  -6.421026e-94
   4.048271e-95
  -2.513997e-96
   1.538059e-97
  -9.272026e-99
  5.508663e-100
 -3.225982e-101
  1.862487e-102
 -1.060252e-103
  5.952181e-105
 -3.295784e-106
  1.800193e-107
 -9.701032e-109
  5.158382e-110
 -2.706839e-111
  1.401910e-112
 -7.167035e-114
  3.617203e-115
 -1.802480e-116
  8.869139e-118
 -4.309763e-119
  2.068392e-120
 -9.805392e-122
  4.591914e-123
 -2.124526e-124
  9.712070e-126
 -4.387163e-127
  1.958473e-128
 -8.640767e-130
  3.768128e-131
 -1.624331e-132
  6.922057e-134
 -2.916372e-135
  1.214876e-136
 -5.004220e-138
  2.038397e-139
 -8.211484e-141
  3.271646e-142
 -1.289299e-143
  5.025897e-145
 -1.938099e-146
  7.393829e-148
 -2.790759e-149
  1.042227e-150
 -3.851381e-152
  1.408353e-153
 -5.096514e-155
  1.825270e-156
 -6.469913e-158
  2.269924e-159
 -7.882969e-161
  2.709927e-162
 -9.222262e-164
  3.107078e-165
 -1.036392e-166
  3.422743e-168
 -1.119244e-169
  3.624065e-171
 -1.162007e-172
  3.689632e-174
 -1.160215e-175
  3.613223e-177
 -1.114475e-178
  3.404745e-180
 -1.030280e-181
  3.088163e-183
 -9.169329e-185
  2.697020e-186
 -7.858820e-188
  2.268681e-189
 -6.488572e-191
  1.838655e-192
 -5.162291e-194
  1.436122e-195
 -3.958789e-197
  1.081359e-198
 -2.927043e-200
  7.851523e-202
 -2.087174e-203
  5.498662e-205
 -1.435697e-206
  3.715259e-208
 -9.529039e-210
  2.422455e-211
 -6.104097e-213
  1.524610e-214
 -3.774675e-216
  9.263947e-218
 -2.253823e-219
  5.435784e-221
 -1.299674e-222
  3.080689e-224
 -7.239574e-226
  1.686711e-227
 -3.896197e-229
  8.923275e-231
 -2.026285e-232
  4.562257e-234
 -1.018524e-235
  2.254678e-237
 -4.949131e-239
  1.077242e-240
 -2.325126e-242
  4.976652e-244
 -1.056316e-245
  2.223438e-247
 -4.641286e-249
  9.608197e-251
 -1.972620e-252
  4.016528e-254
 -8.110935e-256
  1.624468e-257
 -3.226851e-259
  6.357414e-261
 -1.242290e-262
  2.407757e-264
 -4.628669e-266
  8.825907e-268
 -1.669277e-269
  3.131621e-271
 -5.827569e-273
  1.075693e-274
 -1.969598e-276
  3.577341e-278
 -6.445274e-280
  1.151929e-281
 -2.042291e-283
  3.591883e-285
 -6.266763e-287
  1.084639e-288
 -1.862310e-290
  3.172104e-292
 -5.360126e-294
  8.985416e-296
 -1.494309e-297
  2.465384e-299
 -4.035279e-301
  6.552549e-303
 -1.055594e-304
  1.687083e-306
 -2.675040e-308
  4.208047e-310
 -6.567336e-312
  1.016852e-313
 -1.562022e-315
  2.380558e-317
 -3.599515e-319
  5.395197e-321
 -7.410985e-323
   0.000000e+00
   0.000000e+00
   0.000000e+00
   0.000000e+00
   0.000000e+00
   0.000000e+00
   0.000000e+00
   0.000000e+00
   0.000000e+00
   0.000000e+00
   0.000000e+00
   0.000000e+00
   0.000000e+00
   0.000000e+00
   0.000000e+00
   0.000000e+00
   0.000000e+00
   0.000000e+00
   0.000000e+00
   0.000000e+00
   0.000000e+00
   0.000000e+00
   0.000000e+00
   0.000000e+00
   0.000000e+00
   0.000000e+00
   0.000000e+00
   0.000000e+00
   0.000000e+00
   0.000000e+00
   0.000000e+00
   0.000000e+00
   0.000000e+00
   0.000000e+00
   0.000000e+00
   0.000000e+00
   0.000000e+00
   0.000000e+00
   0.000000e+00
   0.000000e+00
   0.000000e+00
   0.000000e+00
   0.000000e+00
   0.000000e+00
   0.000000e+00
   0.000000e+00
   0.000000e+00
   0.000000e+00
   0.000000e+00
   0.000000e+00
   0.000000e+00
   0.000000e+00
   0.000000e+00
   0.000000e+00
   0.000000e+00
   0.000000e+00
   0.000000e+00
   0.000000e+00
   0.000000e+00
   0.000000e+00
   0.000000e+00
   0.000000e+00
   0.000000e+00
   0.000000e+00
   0.000000e+00
   0.000000e+00
   0.000000e+00
   0.000000e+00
   0.000000e+00
   0.000000e+00
   0.000000e+00
   0.000000e+00
   0.000000e+00
   0.000000e+00
   0.000000e+00
   0.000000e+00
   0.000000e+00
   0.000000e+00
   0.000000e+00
   0.000000e+00
   0.000000e+00
   0.000000e+00
   0.000000e+00
   0.000000e+00
   0.000000e+00
   0.000000e+00
   0.000000e+00
   0.000000e+00
   0.000000e+00
   0.000000e+00
   0.000000e+00
   0.000000e+00
   0.000000e+00
   0.000000e+00
   0.000000e+00
   0.000000e+00
   0.000000e+00
   0.000000e+00
   0.000000e+00
   0.000000e+00
   0.000000e+00
   0.000000e+00
   0.000000e+00
   0.000000e+00
   0.000000e+00
   0.000000e+00
   0.000000e+00
