   0.000000e+00
   0.000000e+00
  -1.314921e-22
   5.448046e-25
  -5.258828e-23
  -7.454562e-22
  -9.256715e-22
   9.020830e-22
   1.340005e-21
  -7.914132e-21
  -2.833916e-20
  -4.556082e-20
  -4.216359e-20
  -2.078225e-20
  -4.561039e-21
  -1.067707e-20
  -3.016160e-20
  -3.691897e-20
  -1.273170e-20
   3.507636e-20
   7.472222e-20
   7.320606e-20
   2.993600e-20
  -1.657070e-20
  -2.984103e-20
  -1.844466e-20
  -2.076872e-20
  -5.196710e-20
  -8.499165e-20
  -8.520590e-20
  -5.108580e-20
  -1.404773e-20
  -2.051766e-21
  -1.485582e-20
  -3.783897e-20
  -6.182321e-20
  -7.729314e-20
  -6.898363e-20
  -3.494071e-20
   4.413166e-21
   2.985429e-20
   3.699064e-20
   1.934279e-20
  -3.199272e-20
  -1.004423e-19
  -1.440056e-19
  -1.334639e-19
  -7.255525e-20
   1.382085e-20
   8.873317e-20
   1.144414e-19
   8.573699e-20
   4.497755e-20
   3.964391e-20
   6.993279e-20
   9.121334e-20
   6.357309e-20
  -4.469023e-21
  -6.286777e-20
  -7.491912e-20
  -5.157834e-20
  -2.157083e-20
   3.996503e-21
   2.321720e-20
   3.430578e-20
   4.545431e-20
   6.110897e-20
   6.032482e-20
   2.332230e-20
  -2.928068e-20
  -6.235048e-20
  -8.088852e-20
  -1.073019e-19
  -1.111176e-19
  -3.777233e-20
   7.923440e-20
   1.224271e-19
   2.885194e-19
  -2.203719e-18
   1.655109e-17
  -9.223130e-17
   3.416257e-16
  -4.176896e-16
  -3.844790e-15
   2.473644e-14
  -3.134702e-14
  -2.868662e-13
   1.097900e-12
   2.449391e-12
  -1.692771e-11
  -3.138922e-11
   1.988182e-10
   6.483124e-10
  -1.174640e-09
  -1.077395e-08
  -2.083025e-08
   4.414023e-08
   4.320843e-07
   1.684342e-06
   4.696463e-06
   1.063742e-05
   2.070058e-05
   3.574844e-05
   5.598095e-05
   8.075985e-05
   1.086553e-04
   1.376828e-04
   1.656236e-04
   1.903099e-04
   2.098060e-04
   2.224988e-04
   2.271629e-04
   2.230645e-04
   2.101085e-04
   1.889637e-04
   1.610675e-04
   1.284430e-04
   9.334498e-05
   5.784236e-05
   2.348288e-05
  -8.845949e-06
  -3.883752e-05
  -6.654308e-05
  -9.212909e-05
  -1.157171e-04
  -1.373337e-04
  -1.569226e-04
  -1.743394e-04
  -1.892844e-04
  -2.012012e-04
  -2.092245e-04
  -2.122661e-04
  -2.092640e-04
  -1.995262e-04
  -1.830384e-04
  -1.606009e-04
  -1.337388e-04
  -1.044255e-04
  -7.474130e-05
  -4.659091e-05
  -2.154858e-05
  -8.125249e-07
   1.480408e-05
   2.491245e-05
   2.962639e-05
   2.962052e-05
   2.608426e-05
   2.052489e-05
   1.445357e-05
   9.061656e-06
   5.012703e-06
   2.424996e-06
   1.027941e-06
   3.976994e-07
   1.571597e-07
   6.987679e-08
   3.118288e-08
   1.075119e-08
   1.952199e-09
   7.391969e-12
   2.032162e-10
   2.725325e-10
   8.104812e-11
  -3.218263e-11
  -2.269113e-11
   3.972578e-12
   5.983189e-12
   4.160248e-15
  -1.318736e-12
  -1.599603e-13
   2.552486e-13
   5.355265e-14
  -4.653451e-14
  -1.305079e-14
   8.073689e-15
   2.657967e-15
  -1.374670e-15
  -4.827053e-16
   2.321554e-16
   8.008257e-17
  -3.898216e-17
  -1.225560e-17
   6.526630e-18
   1.765835e-18
  -1.122804e-18
  -3.307469e-19
   1.388766e-19
   1.019868e-19
   9.153834e-20
   7.861730e-20
   7.758801e-21
  -3.156353e-20
   2.353302e-21
   1.997865e-20
  -3.266088e-20
  -6.314642e-20
   2.943174e-21
   9.680691e-20
   1.142396e-19
   4.061156e-20
  -2.645726e-20
  -3.848886e-20
   7.894810e-20
   1.206044e-19
   5.833044e-20
  -1.054874e-20
  -1.208457e-20
   1.212973e-20
   3.726891e-20
   5.831467e-20
   3.186247e-21
  -7.514242e-20
   2.145411e-21
   8.592708e-20
   2.316266e-20
   6.631458e-21
   4.020751e-19
   1.482032e-19
  -2.866095e-18
  -1.096617e-18
   1.814938e-17
   5.448953e-18
  -1.096642e-16
  -2.371519e-17
   6.409563e-16
   1.171109e-16
  -3.653605e-15
  -8.806373e-16
   2.034676e-14
   8.999789e-15
  -1.084636e-13
  -8.959438e-14
   5.254585e-13
   7.392468e-13
  -2.248859e-12
  -5.748045e-12
   4.045938e-12
   2.327785e-11
  -2.108133e-11
  -2.197754e-10
  -4.901311e-10
  -7.311237e-10
  -2.123529e-09
  -9.293127e-09
  -3.149386e-08
  -8.347429e-08
  -1.964725e-07
  -4.600564e-07
  -1.110158e-06
  -2.648336e-06
  -5.936175e-06
  -1.218908e-05
  -2.281979e-05
  -3.914635e-05
  -6.204705e-05
  -9.167567e-05
  -1.273277e-04
  -1.674859e-04
  -2.100060e-04
  -2.523676e-04
  -2.919225e-04
  -3.261077e-04
  -3.526301e-04
  -3.696420e-04
  -3.759103e-04
  -3.709499e-04
  -3.550723e-04
  -3.293106e-04
  -2.952196e-04
  -2.546000e-04
  -2.092238e-04
  -1.606378e-04
  -1.100832e-04
  -5.852238e-05
  -6.727266e-06
   4.462399e-05
   9.487459e-05
   1.433438e-04
   1.892910e-04
   2.318743e-04
   2.701091e-04
   3.028556e-04
   3.288696e-04
   3.469346e-04
   3.560570e-04
   3.556741e-04
   3.458101e-04
   3.271334e-04
   3.009013e-04
   2.688205e-04
   2.328691e-04
   1.951230e-04
   1.576081e-04
   1.221738e-04
   9.037225e-05
   6.334044e-05
   4.169956e-05
   2.550777e-05
   1.429760e-05
   7.207389e-06
   3.180078e-06
   1.175001e-06
   3.328267e-07
   5.496833e-08
  -4.733305e-09
  -5.729570e-09
  -1.076011e-09
   2.788574e-10
   1.457407e-10
  -7.913163e-12
  -1.427861e-11
   1.928796e-13
   1.273006e-12
  -8.424307e-14
  -9.727663e-14
   2.044422e-14
   3.640920e-15
  -2.293246e-15
   3.479923e-16
   4.615621e-17
  -3.631392e-17
   1.021925e-17
  -1.938685e-18
   2.751269e-19
  -2.910960e-20
   1.948345e-21
   2.397563e-23
  -3.272989e-23
   6.422067e-24
  -8.913101e-25
   1.022562e-25
  -1.023887e-26
   9.190506e-28
  -7.513487e-29
   5.653845e-30
  -3.945913e-31
   2.569003e-32
  -1.567424e-33
   8.995822e-35
  -4.871802e-36
   2.496282e-37
  -1.212989e-38
   5.600908e-40
  -2.461925e-41
   1.031805e-42
  -4.129021e-44
   1.579728e-45
  -5.785085e-47
   2.029968e-48
  -6.831879e-50
   2.207221e-51
  -6.851048e-53
   2.044537e-54
  -5.870221e-56
   1.622578e-57
  -4.320120e-59
   1.108541e-60
  -2.742708e-62
   6.545874e-64
  -1.507599e-65
   3.351867e-67
  -7.196258e-69
   1.492332e-70
  -2.989963e-72
   5.788884e-74
  -1.083234e-75
   1.959296e-77
  -3.425801e-79
   5.790579e-81
  -9.461746e-83
   1.494435e-84
  -2.281281e-86
   3.364981e-88
  -4.794643e-90
   6.596595e-92
  -8.758585e-94
   1.121458e-95
  -1.383414e-97
   1.642059e-99
 -1.872195e-101
  2.045589e-103
 -2.134743e-105
  2.117399e-107
 -1.980952e-109
  1.725792e-111
 -1.366692e-113
  9.317270e-116
 -4.587411e-118
 -1.004481e-121
  4.342235e-122
 -7.809390e-124
  1.029043e-125
 -1.170953e-127
  1.212044e-129
 -1.167992e-131
  1.060841e-133
 -9.147614e-136
  7.523402e-138
 -5.919698e-140
   0.000000e+00
   0.000000e+00
