   0.000000e+00
   0.000000e+00
  -9.281945e-22
  -8.628065e-22
  -6.905121e-22
  -4.789350e-22
  -2.930973e-22
  -1.238762e-22
   9.534805e-23
   4.185663e-22
   8.096743e-22
   1.121056e-21
   1.159475e-21
   8.092107e-22
   1.329617e-22
  -6.268341e-22
  -1.163103e-21
  -1.272042e-21
  -9.703347e-22
  -4.921939e-22
  -1.775915e-22
  -3.231997e-22
  -1.063445e-21
  -2.305018e-21
  -3.717728e-21
  -4.810035e-21
  -5.130530e-21
  -4.562333e-21
  -3.538396e-21
  -2.947077e-21
  -3.655128e-21
  -5.895390e-21
  -8.981999e-21
  -1.166509e-20
  -1.295142e-20
  -1.277785e-20
  -1.196147e-20
  -1.142074e-20
  -1.131615e-20
  -1.089264e-20
  -9.224646e-21
  -6.234053e-21
  -3.029164e-21
  -1.155648e-21
  -1.326862e-21
  -2.735460e-21
  -3.618749e-21
  -2.700959e-21
  -3.841567e-22
   1.248520e-21
  -3.674708e-22
  -6.685827e-21
  -1.698716e-20
  -2.829259e-20
  -3.621589e-20
  -3.654154e-20
  -2.719713e-20
  -9.897971e-21
   9.670442e-21
   2.396040e-20
   2.743506e-20
   2.007541e-20
   7.996431e-21
   2.173200e-22
   3.260854e-21
   1.696177e-20
   3.424343e-20
   4.506694e-20
   4.210990e-20
   2.478708e-20
  -5.603668e-22
  -2.410930e-20
  -3.747467e-20
  -3.746717e-20
  -2.707190e-20
  -1.367994e-20
  -5.787173e-21
  -9.560029e-21
  -2.621375e-20
  -5.081906e-20
  -7.320213e-20
  -8.141047e-20
  -6.706048e-20
  -3.014714e-20
   1.979696e-20
   6.761500e-20
   9.957502e-20
   1.092574e-19
   9.886210e-20
   7.604666e-20
   4.944656e-20
   2.592228e-20
   9.857447e-21
   2.678326e-21
   1.539178e-21
  -1.258610e-21
  -1.548895e-20
  -4.670104e-20
  -9.027368e-20
  -1.311502e-19
  -1.512056e-19
  -1.402159e-19
  -1.027946e-19
  -5.584133e-20
  -1.776584e-20
   3.029913e-21
   1.211831e-20
   2.260397e-20
   4.317641e-20
   6.981049e-20
   8.769131e-20
   8.231541e-20
   5.167455e-20
   1.024457e-20
  -1.883412e-20
  -1.851703e-20
   1.051666e-20
   4.959405e-20
   7.364177e-20
   6.691556e-20
   3.223769e-20
  -1.228239e-20
  -4.620779e-20
  -5.993181e-20
  -5.897016e-20
  -5.724518e-20
  -6.517614e-20
  -8.151312e-20
  -9.442233e-20
  -9.054930e-20
  -6.562612e-20
  -2.962573e-20
  -3.119724e-21
  -6.780306e-21
  -4.992011e-20
  -1.245306e-19
  -2.081403e-19
  -2.737522e-19
  -3.012541e-19
  -2.844487e-19
  -2.310989e-19
  -1.575843e-19
  -8.206493e-20
  -1.942080e-20
   2.109398e-20
   3.645013e-20
   2.980655e-20
   9.696413e-21
  -1.268731e-20
  -2.839510e-20
  -3.567639e-20
  -4.115096e-20
  -5.488449e-20
  -8.163760e-20
  -1.145819e-19
  -1.370916e-19
  -1.324133e-19
  -9.462154e-20
  -3.295003e-20
   3.322771e-20
   8.430456e-20
   1.078404e-19
   9.962117e-20
   6.078544e-20
  -3.669115e-21
  -8.267145e-20
  -1.565310e-19
  -2.000187e-19
  -1.933377e-19
  -1.357381e-19
  -5.152911e-20
   1.902418e-20
   4.139913e-20
   7.980245e-21
  -5.683584e-20
  -1.134130e-19
  -1.350614e-19
  -1.267461e-19
  -1.187745e-19
  -1.390032e-19
  -1.854234e-19
  -2.225401e-19
  -2.065768e-19
  -1.204448e-19
   9.767809e-21
   1.304782e-19
   1.957062e-19
   1.934204e-19
   1.440643e-19
   7.717591e-20
   9.788459e-21
  -5.509426e-20
  -1.137794e-19
  -1.511237e-19
  -1.482780e-19
  -1.021997e-19
  -3.580568e-20
   1.446967e-20
   2.464591e-20
  -1.220963e-22
  -3.230366e-20
  -4.468435e-20
  -2.881268e-20
   3.667507e-21
   3.263995e-20
   4.139957e-20
   2.187516e-20
  -2.425246e-20
  -8.474965e-20
  -1.384067e-19
  -1.631586e-19
  -1.483371e-19
  -1.013708e-19
  -4.190398e-20
   1.212726e-20
   5.392057e-20
   8.510591e-20
   1.060256e-19
   1.108361e-19
   9.304140e-20
   5.518467e-20
   1.176630e-20
  -1.858373e-20
  -2.494475e-20
  -9.673689e-21
   1.623694e-20
   4.274328e-20
   6.668389e-20
   9.013444e-20
   1.145112e-19
   1.367629e-19
   1.508113e-19
   1.519524e-19
   1.396288e-19
   1.165034e-19
   8.588709e-20
   5.079826e-20
   1.525092e-20
  -1.481609e-20
  -3.334415e-20
  -3.757900e-20
  -2.941237e-20
  -1.269869e-20
   1.083162e-20
   4.225396e-20
   8.113339e-20
   1.203289e-19
   1.461185e-19
   1.454644e-19
   1.151890e-19
   6.502554e-20
   1.117224e-20
  -3.470924e-20
  -7.168306e-20
  -1.054219e-19
  -1.375478e-19
  -1.587444e-19
  -1.534057e-19
  -1.132618e-19
  -4.809922e-20
   1.758264e-20
   6.152958e-20
   8.086028e-20
   9.375897e-20
   1.223554e-19
   1.702570e-19
   2.143690e-19
   2.195109e-19
   1.650292e-19
   6.227851e-20
  -5.038348e-20
  -1.300793e-19
  -1.520529e-19
  -1.184001e-19
  -5.184541e-20
   1.703633e-20
   6.150491e-20
   6.728257e-20
   3.820995e-20
  -3.644764e-21
  -2.687785e-20
  -6.827392e-21
   6.003434e-20
   1.529284e-19
   2.367644e-19
   2.784484e-19
   2.604890e-19
   1.873815e-19
   8.481154e-20
  -7.937985e-21
  -5.271187e-20
  -3.117507e-20
   4.221457e-20
   1.240439e-19
   1.644025e-19
   1.353275e-19
   4.612581e-20
  -6.447247e-20
  -1.517023e-19
  -1.855320e-19
  -1.565186e-19
  -7.008624e-20
   5.812838e-20
   1.995247e-19
   3.105715e-19
   3.454395e-19
   2.844917e-19
   1.591072e-19
   4.613411e-20
   2.430549e-20
   1.181961e-19
   2.732311e-19
   3.872023e-19
   3.800318e-19
   2.502310e-19
   7.426369e-20
  -5.036648e-20
  -7.330184e-20
  -1.936510e-20
   3.994982e-20
   4.340667e-20
  -1.967010e-20
  -1.106497e-19
  -1.746915e-19
  -1.766215e-19
  -1.170317e-19
  -2.564100e-20
   5.711920e-20
   9.826308e-20
   8.392737e-20
   2.273888e-20
  -5.965586e-20
  -1.336753e-19
  -1.811097e-19
  -2.036837e-19
  -2.178600e-19
  -2.376286e-19
  -2.575078e-19
  -2.512750e-19
  -1.922382e-19
  -8.244139e-20
   3.438610e-20
   9.380794e-20
   5.657388e-20
  -5.488634e-20
  -1.627771e-19
  -1.847263e-19
  -9.278117e-20
   6.556306e-20
   2.010971e-19
   2.441733e-19
   1.861902e-19
   7.398528e-20
  -3.043933e-20
  -8.877425e-20
  -9.724526e-20
  -7.119440e-20
  -2.479204e-20
   3.585851e-20
   1.054060e-19
   1.704973e-19
   2.116445e-19
   2.160383e-19
   1.899309e-19
   1.573370e-19
   1.421768e-19
   1.464371e-19
   1.441812e-19
   1.010089e-19
   6.292541e-21
  -1.094583e-19
  -1.907198e-19
  -1.965555e-19
  -1.307505e-19
  -3.556100e-20
   4.587684e-20
   1.046149e-19
   1.667003e-19
   2.599196e-19
   3.784048e-19
   4.785844e-19
   5.103893e-19
   4.554903e-19
   3.394893e-19
   2.101848e-19
   1.038500e-19
   2.836957e-20
  -2.742907e-20
  -7.333576e-20
  -1.073797e-19
  -1.219365e-19
  -1.150830e-19
  -9.328166e-20
  -6.377549e-20
  -2.702431e-20
   2.156883e-20
   8.261482e-20
   1.463542e-19
   1.954778e-19
   2.139598e-19
   1.938191e-19
   1.359242e-19
   4.789524e-20
  -5.646220e-20
  -1.564989e-19
  -2.272380e-19
  -2.475520e-19
  -2.106748e-19
  -1.302787e-19
  -3.742680e-20
   3.112104e-20
   4.845484e-20
   1.012653e-20
  -6.283315e-20
  -1.340842e-19
  -1.719544e-19
  -1.678399e-19
  -1.397249e-19
  -1.165761e-19
  -1.146424e-19
  -1.250877e-19
  -1.242344e-19
  -9.794864e-20
  -5.788150e-20
  -3.345764e-20
  -4.545242e-20
  -8.464215e-20
  -1.153855e-19
  -1.021812e-19
  -3.747503e-20
   5.129820e-20
   1.197726e-19
   1.353648e-19
   9.693909e-20
   3.446309e-20
  -9.229081e-21
  -3.439917e-21
   5.238843e-20
   1.280825e-19
   1.809439e-19
   1.824563e-19
   1.363861e-19
   7.588501e-20
   4.138954e-20
   5.416034e-20
   1.025544e-19
   1.491398e-19
   1.538757e-19
   9.939100e-20
   2.734638e-21
  -9.504616e-20
  -1.562139e-19
  -1.717574e-19
  -1.646416e-19
  -1.664827e-19
  -1.861268e-19
  -1.980151e-19
  -1.629031e-19
  -6.514088e-20
   6.521180e-20
   1.656575e-19
   1.812878e-19
   1.018285e-19
  -3.075425e-20
  -1.479905e-19
  -1.952375e-19
  -1.606851e-19
  -7.705753e-20
   2.194366e-21
   3.600285e-20
   1.785444e-20
  -2.551824e-20
  -5.626424e-20
  -5.201770e-20
  -1.811707e-20
   2.188041e-20
   4.748529e-20
   5.593952e-20
   5.960070e-20
   7.195123e-20
   9.732736e-20
   1.327317e-19
   1.756435e-19
   2.257465e-19
   2.773339e-19
   3.123892e-19
   3.065000e-19
   2.474218e-19
   1.515660e-19
   6.178233e-20
   2.329137e-20
   5.245439e-20
   1.210454e-19
   1.704013e-19
   1.499693e-19
   5.579135e-20
  -5.992548e-20
  -1.202616e-19
  -7.838639e-20
   4.338399e-20
   1.625171e-19
   1.910135e-19
   9.741408e-20
  -6.999656e-20
  -2.154604e-19
  -2.579446e-19
  -1.778503e-19
  -1.962957e-20
   1.428038e-19
   2.479663e-19
   2.704321e-19
   2.209916e-19
   1.332501e-19
   4.724559e-20
  -5.467182e-21
  -1.301524e-20
   1.379431e-20
   5.013017e-20
   7.320517e-20
   7.419825e-20
   5.706994e-20
   2.748058e-20
  -1.510139e-20
  -7.265341e-20
  -1.364060e-19
  -1.826951e-19
  -1.858272e-19
  -1.385741e-19
  -6.011744e-20
   1.832201e-20
   7.704355e-20
   1.166481e-19
   1.433370e-19
   1.488911e-19
   1.118127e-19
   2.354771e-20
  -8.721041e-20
  -1.630948e-19
  -1.592043e-19
  -8.114089e-20
   1.676981e-20
   7.332913e-20
   6.531355e-20
   1.729166e-20
  -2.734980e-20
  -4.417235e-20
  -4.187199e-20
  -4.611389e-20
  -7.189190e-20
  -1.080909e-19
  -1.243809e-19
  -9.388052e-20
  -1.566967e-20
   7.881461e-20
   1.426238e-19
   1.446885e-19
   9.314251e-20
   2.977844e-20
  -3.356620e-21
   1.564453e-21
   1.373100e-20
  -5.029659e-21
  -6.127641e-20
  -1.199389e-19
  -1.331991e-19
  -8.134132e-20
   1.186343e-20
   1.007383e-19
   1.523717e-19
   1.614665e-19
   1.369124e-19
   8.177480e-20
  -7.829756e-21
  -1.243732e-19
  -2.353244e-19
  -2.956312e-19
  -2.796184e-19
  -2.025764e-19
  -1.092911e-19
  -3.786009e-20
   8.516342e-21
   5.597520e-20
   1.266383e-19
   2.095366e-19
   2.636412e-19
   2.509343e-19
   1.702716e-19
   6.270941e-20
  -1.568923e-20
  -3.075029e-20
   1.159153e-20
   7.652785e-20
   1.284645e-19
   1.532102e-19
   1.597867e-19
   1.645782e-19
   1.728844e-19
   1.727597e-19
   1.451012e-19
   8.090780e-20
  -8.682656e-21
  -9.727402e-20
  -1.576425e-19
  -1.731328e-19
  -1.392607e-19
  -6.091620e-20
   4.575911e-20
   1.481391e-19
   2.016427e-19
   1.726132e-19
   6.721848e-20
  -6.106870e-20
  -1.409353e-19
  -1.323953e-19
  -5.621523e-20
   2.275119e-20
   4.577750e-20
   2.753472e-21
  -6.627692e-20
  -1.076589e-19
  -9.569623e-20
  -4.716609e-20
  -3.203570e-21
   1.733102e-21
  -3.994951e-20
  -1.091758e-19
  -1.748624e-19
  -2.118144e-19
  -2.130520e-19
  -1.909633e-19
  -1.652051e-19
  -1.430854e-19
  -1.075997e-19
  -2.798919e-20
   1.091102e-19
   2.720071e-19
   3.887470e-19
   3.902398e-19
   2.631675e-19
   6.983163e-20
  -8.567762e-20
  -1.232852e-19
  -3.636791e-20
   1.113453e-19
   2.365664e-19
   2.941355e-19
   2.983798e-19
   2.960563e-19
   3.170929e-19
   3.449438e-19
   3.309901e-19
   2.417212e-19
   1.001422e-19
  -1.589840e-20
  -2.489570e-20
   9.175412e-20
   2.613597e-19
   3.606463e-19
   3.026242e-19
   1.036840e-19
  -1.255818e-19
  -2.614996e-19
  -2.548029e-19
  -1.540988e-19
  -5.250469e-20
  -1.065018e-20
  -2.250039e-20
  -4.339491e-20
  -4.267408e-20
  -2.987393e-20
  -3.793904e-20
  -8.793938e-20
  -1.691874e-19
  -2.470529e-19
  -2.863695e-19
  -2.716690e-19
  -2.135531e-19
  -1.404784e-19
  -8.177425e-20
  -5.209341e-20
  -4.770934e-20
  -5.683457e-20
  -7.341313e-20
  -9.969125e-20
  -1.344460e-19
  -1.605059e-19
  -1.484568e-19
  -7.794769e-20
   4.087261e-20
   1.660885e-19
   2.470186e-19
   2.555198e-19
   2.027334e-19
   1.289509e-19
   7.347646e-20
   4.611173e-20
   2.222089e-20
  -3.285782e-20
  -1.277565e-19
  -2.276928e-19
  -2.740646e-19
  -2.288482e-19
  -1.081227e-19
   2.459245e-20
   1.015123e-19
   9.571067e-20
   3.256763e-20
  -3.881042e-20
  -8.736781e-20
  -1.195458e-19
  -1.622812e-19
  -2.272404e-19
  -2.895112e-19
  -3.013136e-19
  -2.314355e-19
  -9.860223e-20
   2.966921e-20
   7.538811e-20
   2.567166e-21
  -1.468277e-19
  -2.630738e-19
  -2.602385e-19
  -2.486787e-19
  -5.926265e-19
  -1.353376e-18
  -8.588354e-19
   4.960299e-18
   1.758317e-17
   2.088270e-17
  -3.387568e-17
  -2.003114e-16
  -3.991047e-16
  -1.633501e-16
   1.493255e-15
   5.411128e-15
   9.820019e-15
   5.597515e-15
  -2.873628e-14
  -1.248035e-13
  -2.987875e-13
  -4.756570e-13
  -3.261175e-13
   1.027727e-12
   5.483710e-12
   1.665003e-11
   4.078976e-11
   8.804661e-11
   1.739719e-10
   3.213684e-10
   5.624608e-10
   9.413998e-10
   1.517100e-09
   2.366407e-09
   3.587576e-09
   5.304058e-09
   7.668547e-09
   1.086729e-08
   1.512457e-08
   2.070745e-08
   2.793053e-08
   3.716085e-08
   4.882288e-08
   6.340335e-08
   8.145616e-08
   1.036070e-07
   1.305580e-07
   1.630917e-07
   2.020754e-07
   2.484644e-07
   3.033053e-07
   3.677387e-07
   4.430012e-07
   5.304272e-07
   6.314493e-07
   7.475993e-07
   8.805072e-07
   1.031900e-06
   1.203601e-06
   1.397524e-06
   1.615674e-06
   1.860139e-06
   2.133088e-06
   2.436762e-06
   2.773471e-06
   3.145584e-06
   3.555520e-06
   4.005743e-06
   4.498748e-06
   5.037055e-06
   5.623195e-06
   6.259702e-06
   6.949098e-06
   7.693884e-06
   8.496527e-06
   9.359448e-06
   1.028501e-05
   1.127550e-05
   1.233312e-05
   1.345999e-05
   1.465810e-05
   1.592934e-05
   1.727546e-05
   1.869806e-05
   2.019859e-05
   2.177835e-05
   2.343845e-05
   2.517982e-05
   2.700321e-05
   2.890917e-05
   3.089804e-05
   3.296998e-05
   3.512489e-05
   3.736250e-05
   3.968230e-05
   4.208356e-05
   4.456534e-05
   4.712648e-05
   4.976559e-05
   5.248109e-05
   5.527115e-05
   5.813377e-05
   6.106674e-05
   6.406764e-05
   6.713387e-05
   7.026264e-05
   7.345101e-05
   7.669585e-05
   7.999388e-05
   8.334169e-05
   8.673570e-05
   9.017225e-05
   9.364751e-05
   9.715760e-05
   1.006985e-04
   1.042662e-04
   1.078564e-04
   1.114650e-04
   1.150877e-04
   1.187202e-04
   1.223581e-04
   1.259972e-04
   1.296329e-04
   1.332609e-04
   1.368769e-04
   1.404765e-04
   1.440553e-04
   1.476090e-04
   1.511334e-04
   1.546241e-04
   1.580769e-04
   1.614878e-04
   1.648526e-04
   1.681671e-04
   1.714276e-04
   1.746299e-04
   1.777702e-04
   1.808448e-04
   1.838499e-04
   1.867818e-04
   1.896369e-04
   1.924117e-04
   1.951028e-04
   1.977068e-04
   2.002204e-04
   2.026404e-04
   2.049636e-04
   2.071870e-04
   2.093076e-04
   2.113226e-04
   2.132291e-04
   2.150243e-04
   2.167058e-04
   2.182710e-04
   2.197174e-04
   2.210427e-04
   2.222447e-04
   2.233213e-04
   2.242704e-04
   2.250903e-04
   2.257791e-04
   2.263352e-04
   2.267571e-04
   2.270436e-04
   2.271933e-04
   2.272052e-04
   2.270784e-04
   2.268123e-04
   2.264062e-04
   2.258597e-04
   2.251727e-04
   2.243451e-04
   2.233770e-04
   2.222689e-04
   2.210213e-04
   2.196349e-04
   2.181107e-04
   2.164498e-04
   2.146537e-04
   2.127238e-04
   2.106621e-04
   2.084703e-04
   2.061508e-04
   2.037059e-04
   2.011382e-04
   1.984504e-04
   1.956455e-04
   1.927266e-04
   1.896971e-04
   1.865603e-04
   1.833200e-04
   1.799798e-04
   1.765437e-04
   1.730158e-04
   1.694000e-04
   1.657007e-04
   1.619222e-04
   1.580688e-04
   1.541451e-04
   1.501555e-04
   1.461046e-04
   1.419969e-04
   1.378369e-04
   1.336292e-04
   1.293782e-04
   1.250886e-04
   1.207647e-04
   1.164108e-04
   1.120312e-04
   1.076302e-04
   1.032118e-04
   9.877997e-05
   9.433858e-05
   8.989136e-05
   8.544187e-05
   8.099357e-05
   7.654972e-05
   7.211346e-05
   6.768774e-05
   6.327535e-05
   5.887891e-05
   5.450088e-05
   5.014352e-05
   4.580895e-05
   4.149909e-05
   3.721572e-05
   3.296043e-05
   2.873465e-05
   2.453968e-05
   2.037663e-05
   1.624649e-05
   1.215011e-05
   8.088185e-06
   4.061307e-06
   6.994449e-08
  -3.885546e-06
  -7.804905e-06
  -1.168797e-05
  -1.553466e-05
  -1.934496e-05
  -2.311894e-05
  -2.685671e-05
  -3.055844e-05
  -3.422435e-05
  -3.785468e-05
  -4.144969e-05
  -4.500969e-05
  -4.853498e-05
  -5.202587e-05
  -5.548268e-05
  -5.890573e-05
  -6.229533e-05
  -6.565177e-05
  -6.897533e-05
  -7.226629e-05
  -7.552490e-05
  -7.875137e-05
  -8.194593e-05
  -8.510874e-05
  -8.823998e-05
  -9.133977e-05
  -9.440823e-05
  -9.744546e-05
  -1.004515e-04
  -1.034265e-04
  -1.063703e-04
  -1.092831e-04
  -1.121648e-04
  -1.150154e-04
  -1.178348e-04
  -1.206230e-04
  -1.233800e-04
  -1.261057e-04
  -1.287999e-04
  -1.314627e-04
  -1.340938e-04
  -1.366931e-04
  -1.392606e-04
  -1.417960e-04
  -1.442993e-04
  -1.467702e-04
  -1.492085e-04
  -1.516140e-04
  -1.539865e-04
  -1.563257e-04
  -1.586312e-04
  -1.609028e-04
  -1.631400e-04
  -1.653425e-04
  -1.675098e-04
  -1.696413e-04
  -1.717365e-04
  -1.737947e-04
  -1.758153e-04
  -1.777974e-04
  -1.797402e-04
  -1.816429e-04
  -1.835043e-04
  -1.853235e-04
  -1.870992e-04
  -1.888302e-04
  -1.905153e-04
  -1.921529e-04
  -1.937415e-04
  -1.952796e-04
  -1.967655e-04
  -1.981974e-04
  -1.995735e-04
  -2.008918e-04
  -2.021504e-04
  -2.033472e-04
  -2.044800e-04
  -2.055467e-04
  -2.065451e-04
  -2.074730e-04
  -2.083279e-04
  -2.091077e-04
  -2.098100e-04
  -2.104324e-04
  -2.109728e-04
  -2.114287e-04
  -2.117979e-04
  -2.120783e-04
  -2.122676e-04
  -2.123639e-04
  -2.123651e-04
  -2.122693e-04
  -2.120747e-04
  -2.117797e-04
  -2.113826e-04
  -2.108822e-04
  -2.102771e-04
  -2.095662e-04
  -2.087487e-04
  -2.078237e-04
  -2.067907e-04
  -2.056494e-04
  -2.043995e-04
  -2.030411e-04
  -2.015744e-04
  -1.999998e-04
  -1.983181e-04
  -1.965301e-04
  -1.946368e-04
  -1.926396e-04
  -1.905399e-04
  -1.883395e-04
  -1.860402e-04
  -1.836443e-04
  -1.811539e-04
  -1.785716e-04
  -1.759000e-04
  -1.731419e-04
  -1.703005e-04
  -1.673787e-04
  -1.643799e-04
  -1.613075e-04
  -1.581651e-04
  -1.549562e-04
  -1.516847e-04
  -1.483543e-04
  -1.449691e-04
  -1.415328e-04
  -1.380497e-04
  -1.345237e-04
  -1.309589e-04
  -1.273595e-04
  -1.237296e-04
  -1.200732e-04
  -1.163946e-04
  -1.126978e-04
  -1.089869e-04
  -1.052658e-04
  -1.015387e-04
  -9.780937e-05
  -9.408176e-05
  -9.035967e-05
  -8.664687e-05
  -8.294702e-05
  -7.926373e-05
  -7.560053e-05
  -7.196086e-05
  -6.834808e-05
  -6.476548e-05
  -6.121624e-05
  -5.770346e-05
  -5.423017e-05
  -5.079928e-05
  -4.741364e-05
  -4.407600e-05
  -4.078901e-05
  -3.755526e-05
  -3.437722e-05
  -3.125731e-05
  -2.819783e-05
  -2.520102e-05
  -2.226900e-05
  -1.940385e-05
  -1.660752e-05
  -1.388189e-05
  -1.122875e-05
  -8.649817e-06
  -6.146689e-06
  -3.720888e-06
  -1.373840e-06
   8.931287e-07
   3.078789e-06
   5.182013e-06
   7.201780e-06
   9.137174e-06
   1.098739e-05
   1.275175e-05
   1.442967e-05
   1.602071e-05
   1.752454e-05
   1.894098e-05
   2.026995e-05
   2.151153e-05
   2.266593e-05
   2.373351e-05
   2.471476e-05
   2.561031e-05
   2.642096e-05
   2.714764e-05
   2.779144e-05
   2.835358e-05
   2.883544e-05
   2.923855e-05
   2.956458e-05
   2.981534e-05
   2.999277e-05
   3.009895e-05
   3.013610e-05
   3.010656e-05
   3.001277e-05
   2.985729e-05
   2.964279e-05
   2.937203e-05
   2.904785e-05
   2.867318e-05
   2.825099e-05
   2.778435e-05
   2.727633e-05
   2.673006e-05
   2.614869e-05
   2.553538e-05
   2.489329e-05
   2.422556e-05
   2.353533e-05
   2.282568e-05
   2.209967e-05
   2.136028e-05
   2.061043e-05
   1.985298e-05
   1.909069e-05
   1.832622e-05
   1.756212e-05
   1.680085e-05
   1.604473e-05
   1.529597e-05
   1.455662e-05
   1.382864e-05
   1.311380e-05
   1.241376e-05
   1.173002e-05
   1.106393e-05
   1.041670e-05
   9.789384e-06
   9.182902e-06
   8.598019e-06
   8.035361e-06
   7.495417e-06
   6.978542e-06
   6.484961e-06
   6.014779e-06
   5.567979e-06
   5.144438e-06
   4.743928e-06
   4.366125e-06
   4.010615e-06
   3.676906e-06
   3.364434e-06
   3.072569e-06
   2.800625e-06
   2.547869e-06
   2.313530e-06
   2.096801e-06
   1.896855e-06
   1.712845e-06
   1.543916e-06
   1.389208e-06
   1.247866e-06
   1.119043e-06
   1.001904e-06
   8.956350e-07
   7.994446e-07
   7.125677e-07
   6.342691e-07
   5.638463e-07
   5.006311e-07
   4.439918e-07
   3.933337e-07
   3.481004e-07
   3.077730e-07
   2.718708e-07
   2.399500e-07
   2.116032e-07
   1.864578e-07
   1.641743e-07
   1.444452e-07
   1.269924e-07
   1.115656e-07
   9.793999e-08
   8.591418e-08
   7.530816e-08
   6.596122e-08
   5.773003e-08
   5.048689e-08
   4.411805e-08
   3.852229e-08
   3.360957e-08
   2.929989e-08
   2.552220e-08
   2.221345e-08
   1.931775e-08
   1.678560e-08
   1.457315e-08
   1.264164e-08
   1.095679e-08
   9.488344e-09
   8.209579e-09
   7.096949e-09
   6.129703e-09
   5.289577e-09
   4.560503e-09
   3.928363e-09
   3.380757e-09
   2.906809e-09
   2.496984e-09
   2.142931e-09
   1.837344e-09
   1.573834e-09
   1.346822e-09
   1.151439e-09
   9.834377e-10
   8.391218e-10
   7.152725e-10
   6.090920e-10
   5.181498e-10
   4.403371e-10
   3.738256e-10
   3.170317e-10
   2.685857e-10
   2.273032e-10
   1.921618e-10
   1.622795e-10
   1.368962e-10
   1.153577e-10
   9.710136e-11
   8.164392e-11
   6.857065e-11
   5.752607e-11
   4.820580e-11
   4.034949e-11
   3.373472e-11
   2.817167e-11
   2.349852e-11
   1.957749e-11
   1.629139e-11
   1.354066e-11
   1.124082e-11
   9.320284e-12
   7.718429e-12
   6.384007e-12
   5.273738e-12
   4.351115e-12
   3.585382e-12
   2.950659e-12
   2.425200e-12
   1.990751e-12
   1.632012e-12
   1.336172e-12
   1.092523e-12
   8.921212e-13
   7.275088e-13
   5.924748e-13
   4.818532e-13
   3.913532e-13
   3.174159e-13
   2.570930e-13
   2.079456e-13
   1.679590e-13
   1.354711e-13
   1.091130e-13
   8.775853e-14
   7.048247e-14
   5.652602e-14
   4.526762e-14
   3.619893e-14
   2.890471e-14
   2.304638e-14
   1.834824e-14
   1.458616e-14
   1.157814e-14
   9.176591e-15
   7.262145e-15
   5.738373e-15
   4.527465e-15
   3.566676e-15
   2.805503e-15
   2.203394e-15
   1.727837e-15
   1.352793e-15
   1.057458e-15
   8.252563e-16
   6.429995e-16
   5.002008e-16
   3.885245e-16
   3.013394e-16
   2.333760e-16
   1.804733e-16
   1.393593e-16
   1.074484e-16
   8.269512e-17
   6.350852e-17
   4.867218e-17
   3.723715e-17
   2.843507e-17
   2.165270e-17
   1.643318e-17
   1.245222e-17
   9.466570e-18
   7.257809e-18
   5.599604e-18
   4.283103e-18
   3.188665e-18
   2.314108e-18
   1.697066e-18
   1.306396e-18
   1.031940e-18
   7.778671e-19
   5.340256e-19
   3.453829e-19
   2.404929e-19
   2.090297e-19
   2.233962e-19
   2.491476e-19
   2.433871e-19
   1.783292e-19
   7.606803e-20
  -2.910533e-21
  -1.964647e-20
   7.772376e-21
   3.739252e-20
   5.474409e-20
   7.278101e-20
   9.300640e-20
   9.607196e-20
   7.718698e-20
   6.573937e-20
   8.826659e-20
   1.213785e-19
   1.056443e-19
   1.395308e-20
  -1.063223e-19
  -1.723385e-19
  -1.480399e-19
  -8.090967e-20
  -5.425175e-20
  -1.075091e-19
  -2.027983e-19
  -2.589662e-19
  -2.160956e-19
  -8.204089e-20
   7.062663e-20
   1.573051e-19
   1.446155e-19
   7.225999e-20
   1.438167e-20
   1.398626e-20
   5.127977e-20
   7.616836e-20
   6.662254e-20
   4.694202e-20
   5.231463e-20
   8.756251e-20
   1.225157e-19
   1.205799e-19
   7.113167e-20
  -1.018460e-21
  -5.623080e-20
  -7.128797e-20
  -5.553072e-20
  -4.533485e-20
  -8.172068e-20
  -1.758668e-19
  -2.841661e-19
  -3.272330e-19
  -2.521967e-19
  -8.498342e-20
   8.098316e-20
   1.563965e-19
   1.276047e-19
   6.114690e-20
   3.310234e-20
   5.532237e-20
   7.893065e-20
   6.303857e-20
   1.818829e-20
  -2.011317e-20
  -3.584458e-20
  -3.818677e-20
  -4.023456e-20
  -4.550754e-20
  -4.837447e-20
  -4.428849e-20
  -4.589749e-20
  -8.055722e-20
  -1.515553e-19
  -2.041294e-19
  -1.595799e-19
  -3.118938e-21
   1.747277e-19
   2.482848e-19
   1.732196e-19
   2.117702e-20
  -1.026073e-19
  -1.571957e-19
  -1.713613e-19
  -1.747121e-19
  -1.588023e-19
  -1.112693e-19
  -5.769092e-20
  -4.241130e-20
  -7.218075e-20
  -9.859767e-20
  -6.321842e-20
   4.677443e-20
   1.876688e-19
   2.912815e-19
   3.034123e-19
   2.087533e-19
   4.149561e-20
  -1.268276e-19
  -2.282877e-19
  -2.405857e-19
  -1.879367e-19
  -1.021792e-19
   5.171353e-21
   1.263353e-19
   2.268451e-19
   2.555332e-19
   1.957422e-19
   9.503367e-20
   2.603195e-20
   1.694674e-20
   3.548245e-20
   4.372573e-20
   4.690574e-20
   6.961760e-20
   9.940566e-20
   8.814063e-20
   1.866359e-20
  -5.658300e-20
  -6.768811e-20
  -7.550030e-21
   6.457600e-20
   9.743880e-20
   9.882400e-20
   1.030271e-19
   1.112339e-19
   8.774225e-20
   1.012446e-20
  -9.522022e-20
  -1.716590e-19
  -1.791043e-19
  -1.219916e-19
  -3.942985e-20
   2.666374e-20
   5.715871e-20
   5.874557e-20
   4.871092e-20
   3.720883e-20
   2.095812e-20
  -7.472997e-21
  -4.409133e-20
  -6.895408e-20
  -6.045306e-20
  -1.597053e-20
   4.036593e-20
   6.971476e-20
   4.312981e-20
  -3.548692e-20
  -1.256471e-19
  -1.750531e-19
  -1.571075e-19
  -8.854668e-20
  -1.219648e-20
   3.630351e-20
   4.833649e-20
   3.833970e-20
   2.794145e-20
   3.378586e-20
   6.113270e-20
   9.595370e-20
   1.015281e-19
   4.104247e-20
  -7.707336e-20
  -1.823077e-19
  -1.946844e-19
  -1.037021e-19
   1.780828e-20
   8.625818e-20
   8.399102e-20
   5.850811e-20
   5.954230e-20
   9.093761e-20
   1.182780e-19
   1.085416e-19
   6.060457e-20
   7.003011e-21
  -1.125939e-20
   2.052877e-20
   7.633034e-20
   1.138971e-19
   1.175094e-19
   1.127251e-19
   1.334732e-19
   1.755629e-19
   1.910973e-19
   1.385565e-19
   3.860519e-20
  -3.389644e-20
  -2.691379e-20
   2.708860e-20
   4.616651e-20
  -3.970795e-21
  -7.074366e-20
  -8.262094e-20
  -3.424655e-20
   1.718963e-20
   2.650016e-20
   3.429110e-21
  -1.755817e-20
  -2.248050e-20
  -2.087286e-20
  -2.308295e-20
  -3.337096e-20
  -5.672927e-20
  -9.313841e-20
  -1.254253e-19
  -1.285208e-19
  -9.400999e-20
  -3.430887e-20
   3.690133e-20
   1.108717e-19
   1.661344e-19
   1.677638e-19
   1.048271e-19
   1.901352e-20
  -2.549356e-20
  -2.343212e-21
   5.933859e-20
   1.169165e-19
   1.579004e-19
   1.936717e-19
   2.207418e-19
   2.065073e-19
   1.237550e-19
  -4.218516e-21
  -1.066462e-19
  -1.256374e-19
  -7.314702e-20
  -1.893668e-20
  -1.946969e-20
  -6.553743e-20
  -1.023385e-19
  -9.179152e-20
  -4.633493e-20
  -5.874643e-21
   6.060364e-21
  -2.939271e-21
  -1.536099e-19
   1.277750e-21
   5.944671e-20
  -4.443109e-20
  -1.879526e-19
  -2.140622e-19
  -1.059560e-19
   1.274653e-20
   2.708389e-20
  -4.938315e-20
  -1.048396e-19
  -5.989676e-20
   4.926796e-20
   1.189266e-19
   9.414585e-20
   2.372460e-20
   1.632975e-21
   6.565046e-20
   1.575439e-19
   1.791004e-19
   8.941618e-20
  -4.666941e-20
  -1.112837e-19
  -4.835936e-20
   7.239099e-20
   1.202100e-19
   3.731874e-20
  -1.049500e-19
  -1.892212e-19
  -1.708935e-19
  -9.738851e-20
  -2.949211e-20
   1.994951e-20
   6.615806e-20
   1.046243e-19
   1.056635e-19
   4.752378e-20
  -5.719842e-20
  -1.632312e-19
  -2.180715e-19
  -1.989775e-19
  -1.321730e-19
  -6.393751e-20
  -7.485414e-21
   6.330426e-20
   1.561395e-19
   2.210005e-19
   1.994499e-19
   1.039070e-19
   1.216886e-20
  -2.344051e-20
  -3.052692e-20
  -6.400455e-20
  -1.245292e-19
  -1.583374e-19
  -1.302968e-19
  -6.859775e-20
  -2.767323e-20
  -2.023757e-20
   2.205515e-21
   9.838384e-20
   2.622638e-19
   3.968365e-19
   3.772384e-19
   1.641168e-19
  -1.359507e-19
  -3.356600e-19
  -3.144579e-19
  -1.174380e-19
   8.761939e-20
   1.560602e-19
   7.825828e-20
  -4.125921e-20
  -9.808496e-20
  -6.828618e-20
   1.105468e-20
   1.019303e-19
   1.820649e-19
   2.229779e-19
   1.911646e-19
   8.329596e-20
  -5.591312e-20
  -1.621342e-19
  -1.946431e-19
  -1.542443e-19
  -7.322841e-20
   6.183130e-21
   5.755987e-20
   8.902930e-20
   1.282749e-19
   1.729533e-19
   1.681893e-19
   6.728720e-20
  -8.217458e-20
  -1.556118e-19
  -8.387930e-20
   5.738698e-20
   1.240707e-19
   5.540087e-20
  -7.823677e-20
  -1.644442e-19
  -1.522150e-19
  -7.294980e-20
   4.871729e-21
   2.966174e-20
  -4.253503e-21
  -6.300729e-20
  -1.051998e-19
  -1.105902e-19
  -8.606472e-20
  -5.490412e-20
  -3.925844e-20
  -4.170065e-20
  -4.187313e-20
  -1.811129e-20
   2.851710e-20
   7.550918e-20
   9.828753e-20
   8.533845e-20
   4.582298e-20
   9.096011e-21
   5.411080e-21
   3.812073e-20
   7.974181e-20
   9.557133e-20
   6.460538e-20
  -1.410505e-20
  -1.183078e-19
  -2.075540e-19
  -2.438748e-19
  -2.077211e-19
  -1.001141e-19
   4.367040e-20
   1.408075e-19
   1.117350e-19
  -1.882846e-20
  -1.058325e-19
  -2.150740e-20
   1.931623e-19
   3.482911e-19
   2.836417e-19
   2.133530e-20
  -2.434584e-19
  -2.942712e-19
  -6.842843e-20
   2.819154e-19
   5.095910e-19
   4.776692e-19
   2.518605e-19
   1.724291e-21
  -1.550038e-19
  -2.056441e-19
  -1.938877e-19
  -1.623618e-19
  -1.269197e-19
  -7.477612e-20
   8.985995e-21
   9.919427e-20
   1.309373e-19
   6.652163e-20
  -4.744462e-20
  -1.172412e-19
  -9.391828e-20
  -7.098810e-21
   7.969479e-20
   1.150773e-19
   7.743156e-20
  -6.219481e-21
  -6.656260e-20
  -6.490079e-20
  -5.038967e-20
  -9.358135e-20
  -1.775438e-19
  -2.184485e-19
  -1.874611e-19
  -1.440362e-19
  -1.409400e-19
  -1.563263e-19
  -1.381495e-19
  -7.149864e-20
   1.927333e-20
   1.027225e-19
   1.467537e-19
   1.104500e-19
  -2.831555e-20
  -2.156750e-19
  -3.245512e-19
  -2.721283e-19
  -1.331307e-19
  -7.024428e-20
  -1.369086e-19
  -2.201925e-19
  -2.044745e-19
  -1.145533e-19
  -5.145613e-20
  -4.909441e-20
  -5.209271e-20
  -4.795005e-21
   8.490384e-20
   1.631659e-19
   1.853903e-19
   1.538064e-19
   1.108949e-19
   9.601139e-20
   1.084670e-19
   1.188800e-19
   1.135913e-19
   1.106412e-19
   1.231524e-19
   1.253087e-19
   7.528243e-20
  -3.740998e-20
  -1.816981e-19
  -3.067266e-19
  -3.615087e-19
  -3.183334e-19
  -2.031428e-19
  -9.020945e-20
  -3.883136e-20
  -3.567272e-20
  -2.500158e-20
   5.605803e-21
   1.172515e-20
  -2.742283e-20
  -7.118786e-20
  -8.114051e-20
  -6.235456e-20
  -2.276040e-20
   3.429512e-20
   5.525397e-20
  -3.875583e-20
  -2.327664e-19
  -3.952472e-19
  -4.163803e-19
  -3.205773e-19
  -2.162548e-19
  -1.870617e-19
  -2.654362e-19
  -4.549805e-19
  -7.143796e-19
  -9.485353e-19
  -1.085514e-18
  -1.177167e-18
  -1.402075e-18
  -1.950560e-18
  -2.880979e-18
  -4.092115e-18
  -5.490770e-18
  -7.191269e-18
  -9.476981e-18
  -1.257254e-17
  -1.658362e-17
  -2.171182e-17
  -2.841727e-17
  -3.729661e-17
  -4.889677e-17
  -6.377506e-17
  -8.277014e-17
  -1.072103e-16
  -1.389111e-16
  -1.800674e-16
  -2.332423e-16
  -3.015375e-16
  -3.888974e-16
  -5.004734e-16
  -6.429786e-16
  -8.249595e-16
  -1.057049e-15
  -1.352423e-15
  -1.727579e-15
  -2.203271e-15
  -2.805499e-15
  -3.566735e-15
  -4.527547e-15
  -5.738502e-15
  -7.262322e-15
  -9.176710e-15
  -1.157808e-14
  -1.458598e-14
  -1.834810e-14
  -2.304636e-14
  -2.890472e-14
  -3.619888e-14
  -4.526762e-14
  -5.652629e-14
  -7.048312e-14
  -8.775938e-14
  -1.091139e-13
  -1.354718e-13
  -1.679596e-13
  -2.079462e-13
  -2.570937e-13
  -3.174168e-13
  -3.913543e-13
  -4.818543e-13
  -5.924760e-13
  -7.275103e-13
  -8.921231e-13
  -1.092525e-12
  -1.336175e-12
  -1.632015e-12
  -1.990755e-12
  -2.425204e-12
  -2.950664e-12
  -3.585388e-12
  -4.351122e-12
  -5.273746e-12
  -6.384017e-12
  -7.718440e-12
  -9.320297e-12
  -1.124084e-11
  -1.354068e-11
  -1.629141e-11
  -1.957752e-11
  -2.349855e-11
  -2.817170e-11
  -3.373476e-11
  -4.034953e-11
  -4.820584e-11
  -5.752612e-11
  -6.857071e-11
  -8.164399e-11
  -9.710144e-11
  -1.153578e-10
  -1.368963e-10
  -1.622796e-10
  -1.921619e-10
  -2.273033e-10
  -2.685858e-10
  -3.170319e-10
  -3.738258e-10
  -4.403374e-10
  -5.181501e-10
  -6.090923e-10
  -7.152729e-10
  -8.391222e-10
  -9.834382e-10
  -1.151439e-09
  -1.346823e-09
  -1.573835e-09
  -1.837345e-09
  -2.142932e-09
  -2.496984e-09
  -2.906810e-09
  -3.380758e-09
  -3.928364e-09
  -4.560505e-09
  -5.289579e-09
  -6.129705e-09
  -7.096951e-09
  -8.209581e-09
  -9.488346e-09
  -1.095680e-08
  -1.264164e-08
  -1.457316e-08
  -1.678560e-08
  -1.931776e-08
  -2.221345e-08
  -2.552221e-08
  -2.929991e-08
  -3.360959e-08
  -3.852230e-08
  -4.411805e-08
  -5.048687e-08
  -5.773002e-08
  -6.596127e-08
  -7.530837e-08
  -8.591466e-08
  -9.794088e-08
  -1.115671e-07
  -1.269951e-07
  -1.444503e-07
  -1.641849e-07
  -1.864805e-07
  -2.116509e-07
  -2.400457e-07
  -2.720534e-07
  -3.081051e-07
  -3.486785e-07
  -3.943010e-07
  -4.455546e-07
  -5.030789e-07
  -5.675761e-07
  -6.398141e-07
  -7.206309e-07
  -8.109383e-07
  -9.117256e-07
  -1.024063e-06
  -1.149105e-06
  -1.288092e-06
  -1.442356e-06
  -1.613319e-06
  -1.802498e-06
  -2.011504e-06
  -2.242043e-06
  -2.495919e-06
  -2.775028e-06
  -3.081365e-06
  -3.417013e-06
  -3.784151e-06
  -4.185041e-06
  -4.622032e-06
  -5.097552e-06
  -5.614104e-06
  -6.174261e-06
  -6.780658e-06
  -7.435987e-06
  -8.142988e-06
  -8.904442e-06
  -9.723160e-06
  -1.060198e-05
  -1.154374e-05
  -1.255130e-05
  -1.362751e-05
  -1.477517e-05
  -1.599709e-05
  -1.729602e-05
  -1.867466e-05
  -2.013564e-05
  -2.168153e-05
  -2.331480e-05
  -2.503781e-05
  -2.685284e-05
  -2.876203e-05
  -3.076739e-05
  -3.287079e-05
  -3.507394e-05
  -3.737842e-05
  -3.978560e-05
  -4.229669e-05
  -4.491271e-05
  -4.763451e-05
  -5.046271e-05
  -5.339773e-05
  -5.643980e-05
  -5.958892e-05
  -6.284487e-05
  -6.620724e-05
  -6.967536e-05
  -7.324836e-05
  -7.692514e-05
  -8.070440e-05
  -8.458458e-05
  -8.856395e-05
  -9.264052e-05
  -9.681212e-05
  -1.010764e-04
  -1.054307e-04
  -1.098722e-04
  -1.143981e-04
  -1.190050e-04
  -1.236898e-04
  -1.284488e-04
  -1.332784e-04
  -1.381748e-04
  -1.431340e-04
  -1.481519e-04
  -1.532241e-04
  -1.583464e-04
  -1.635143e-04
  -1.687231e-04
  -1.739683e-04
  -1.792449e-04
  -1.845481e-04
  -1.898731e-04
  -1.952148e-04
  -2.005682e-04
  -2.059282e-04
  -2.112896e-04
  -2.166473e-04
  -2.219961e-04
  -2.273307e-04
  -2.326460e-04
  -2.379368e-04
  -2.431977e-04
  -2.484237e-04
  -2.536094e-04
  -2.587497e-04
  -2.638395e-04
  -2.688736e-04
  -2.738470e-04
  -2.787546e-04
  -2.835914e-04
  -2.883524e-04
  -2.930329e-04
  -2.976279e-04
  -3.021327e-04
  -3.065426e-04
  -3.108531e-04
  -3.150596e-04
  -3.191577e-04
  -3.231431e-04
  -3.270114e-04
  -3.307587e-04
  -3.343808e-04
  -3.378738e-04
  -3.412340e-04
  -3.444576e-04
  -3.475412e-04
  -3.504813e-04
  -3.532746e-04
  -3.559181e-04
  -3.584087e-04
  -3.607437e-04
  -3.629203e-04
  -3.649362e-04
  -3.667889e-04
  -3.684762e-04
  -3.699963e-04
  -3.713474e-04
  -3.725277e-04
  -3.735359e-04
  -3.743708e-04
  -3.750313e-04
  -3.755165e-04
  -3.758259e-04
  -3.759589e-04
  -3.759153e-04
  -3.756951e-04
  -3.752984e-04
  -3.747256e-04
  -3.739772e-04
  -3.730539e-04
  -3.719567e-04
  -3.706866e-04
  -3.692451e-04
  -3.676336e-04
  -3.658538e-04
  -3.639074e-04
  -3.617966e-04
  -3.595234e-04
  -3.570903e-04
  -3.544997e-04
  -3.517542e-04
  -3.488565e-04
  -3.458095e-04
  -3.426163e-04
  -3.392798e-04
  -3.358033e-04
  -3.321900e-04
  -3.284434e-04
  -3.245668e-04
  -3.205637e-04
  -3.164377e-04
  -3.121923e-04
  -3.078312e-04
  -3.033579e-04
  -2.987762e-04
  -2.940896e-04
  -2.893019e-04
  -2.844166e-04
  -2.794373e-04
  -2.743677e-04
  -2.692114e-04
  -2.639717e-04
  -2.586523e-04
  -2.532564e-04
  -2.477875e-04
  -2.422488e-04
  -2.366436e-04
  -2.309751e-04
  -2.252462e-04
  -2.194600e-04
  -2.136194e-04
  -2.077274e-04
  -2.017865e-04
  -1.957995e-04
  -1.897691e-04
  -1.836977e-04
  -1.775877e-04
  -1.714415e-04
  -1.652614e-04
  -1.590496e-04
  -1.528082e-04
  -1.465392e-04
  -1.402447e-04
  -1.339265e-04
  -1.275866e-04
  -1.212266e-04
  -1.148484e-04
  -1.084536e-04
  -1.020438e-04
  -9.562064e-05
  -8.918568e-05
  -8.274039e-05
  -7.628626e-05
  -6.982472e-05
  -6.335717e-05
  -5.688500e-05
  -5.040958e-05
  -4.393224e-05
  -3.745431e-05
  -3.097709e-05
  -2.450190e-05
  -1.803002e-05
  -1.156273e-05
  -5.101312e-06
   1.352955e-06
   7.798798e-06
   1.423494e-05
   2.066011e-05
   2.707302e-05
   3.347240e-05
   3.985695e-05
   4.622538e-05
   5.257638e-05
   5.890865e-05
   6.522087e-05
   7.151171e-05
   7.777984e-05
   8.402390e-05
   9.024253e-05
   9.643437e-05
   1.025980e-04
   1.087321e-04
   1.148352e-04
   1.209058e-04
   1.269426e-04
   1.329441e-04
   1.389087e-04
   1.448349e-04
   1.507214e-04
   1.565664e-04
   1.623685e-04
   1.681259e-04
   1.738372e-04
   1.795006e-04
   1.851145e-04
   1.906771e-04
   1.961867e-04
   2.016415e-04
   2.070397e-04
   2.123794e-04
   2.176588e-04
   2.228759e-04
   2.280288e-04
   2.331154e-04
   2.381337e-04
   2.430816e-04
   2.479571e-04
   2.527578e-04
   2.574816e-04
   2.621264e-04
   2.666897e-04
   2.711694e-04
   2.755630e-04
   2.798682e-04
   2.840826e-04
   2.882038e-04
   2.922294e-04
   2.961568e-04
   2.999837e-04
   3.037075e-04
   3.073259e-04
   3.108362e-04
   3.142361e-04
   3.175231e-04
   3.206948e-04
   3.237487e-04
   3.266826e-04
   3.294940e-04
   3.321807e-04
   3.347405e-04
   3.371712e-04
   3.394706e-04
   3.416369e-04
   3.436679e-04
   3.455619e-04
   3.473171e-04
   3.489318e-04
   3.504044e-04
   3.517335e-04
   3.529179e-04
   3.539562e-04
   3.548475e-04
   3.555907e-04
   3.561851e-04
   3.566301e-04
   3.569251e-04
   3.570698e-04
   3.570641e-04
   3.569078e-04
   3.566012e-04
   3.561444e-04
   3.555380e-04
   3.547826e-04
   3.538790e-04
   3.528280e-04
   3.516309e-04
   3.502888e-04
   3.488033e-04
   3.471758e-04
   3.454082e-04
   3.435024e-04
   3.414603e-04
   3.392842e-04
   3.369765e-04
   3.345394e-04
   3.319758e-04
   3.292883e-04
   3.264797e-04
   3.235530e-04
   3.205113e-04
   3.173578e-04
   3.140958e-04
   3.107286e-04
   3.072596e-04
   3.036925e-04
   3.000309e-04
   2.962784e-04
   2.924388e-04
   2.885159e-04
   2.845136e-04
   2.804358e-04
   2.762864e-04
   2.720695e-04
   2.677890e-04
   2.634489e-04
   2.590535e-04
   2.546066e-04
   2.501125e-04
   2.455751e-04
   2.409987e-04
   2.363872e-04
   2.317448e-04
   2.270756e-04
   2.223835e-04
   2.176726e-04
   2.129470e-04
   2.082105e-04
   2.034673e-04
   1.987211e-04
   1.939758e-04
   1.892354e-04
   1.845036e-04
   1.797840e-04
   1.750805e-04
   1.703967e-04
   1.657361e-04
   1.611022e-04
   1.564986e-04
   1.519286e-04
   1.473954e-04
   1.429024e-04
   1.384527e-04
   1.340494e-04
   1.296954e-04
   1.253936e-04
   1.211469e-04
   1.169580e-04
   1.128294e-04
   1.087637e-04
   1.047632e-04
   1.008303e-04
   9.696703e-05
   9.317553e-05
   8.945771e-05
   8.581537e-05
   8.225017e-05
   7.876368e-05
   7.535731e-05
   7.203233e-05
   6.878989e-05
   6.563101e-05
   6.255654e-05
   5.956723e-05
   5.666365e-05
   5.384625e-05
   5.111535e-05
   4.847111e-05
   4.591355e-05
   4.344256e-05
   4.105788e-05
   3.875915e-05
   3.654582e-05
   3.441727e-05
   3.237270e-05
   3.041122e-05
   2.853182e-05
   2.673335e-05
   2.501458e-05
   2.337415e-05
   2.181061e-05
   2.032242e-05
   1.890793e-05
   1.756545e-05
   1.629316e-05
   1.508922e-05
   1.395170e-05
   1.287861e-05
   1.186792e-05
   1.091758e-05
   1.002546e-05
   9.189446e-06
   8.407373e-06
   7.677078e-06
   6.996387e-06
   6.363128e-06
   5.775134e-06
   5.230252e-06
   4.726348e-06
   4.261315e-06
   3.833074e-06
   3.439584e-06
   3.078846e-06
   2.748904e-06
   2.447854e-06
   2.173845e-06
   1.925085e-06
   1.699841e-06
   1.496444e-06
   1.313288e-06
   1.148838e-06
   1.001626e-06
   8.702527e-07
   7.533919e-07
   6.497866e-07
   5.582510e-07
   4.776695e-07
   4.069964e-07
   3.452544e-07
   2.915336e-07
   2.449896e-07
   2.048417e-07
   1.703710e-07
   1.409179e-07
   1.158796e-07
   9.470782e-08
   7.690569e-08
   6.202526e-08
   4.966443e-08
   3.946415e-08
   3.110543e-08
   2.430641e-08
   1.881955e-08
   1.442870e-08
   1.094636e-08
   8.211028e-09
   6.084568e-09
   4.449774e-09
   3.208021e-09
   2.277064e-09
   1.588982e-09
   1.088271e-09
   7.300908e-10
   4.786686e-10
   3.058540e-10
   1.898302e-10
   1.139725e-10
   6.585028e-11
   3.636503e-11
   1.901718e-11
   9.291380e-12
   4.150847e-12
   1.629661e-12
   5.119332e-13
   8.642418e-14
  -3.474455e-14
  -4.443760e-14
  -2.668171e-14
  -1.076806e-14
  -2.382183e-15
   4.960011e-16
   8.169113e-16
   4.423810e-16
   1.218838e-16
  -1.162504e-17
  -3.099248e-17
  -1.580285e-17
  -2.887847e-18
   1.474801e-18
   1.325956e-18
   3.903691e-19
  -5.961343e-20
  -1.007733e-19
  -3.429353e-20
   3.685268e-21
   7.765929e-21
   2.416966e-21
  -4.706157e-22
  -5.991869e-22
  -1.249767e-22
   6.304082e-23
   4.139535e-23
   1.588634e-24
  -6.568396e-24
  -2.030516e-24
   5.791039e-25
   4.737577e-25
   1.172194e-26
  -7.439246e-26
  -1.653424e-26
   8.828705e-27
   4.113464e-27
  -7.381284e-28
  -7.450802e-28
   1.591562e-29
   1.156312e-28
   9.893801e-30
  -1.642016e-29
  -2.825783e-30
   2.223198e-30
   5.452292e-31
  -2.965553e-31
  -8.939816e-32
   4.004234e-32
   1.326538e-32
  -5.570447e-33
  -1.815770e-33
   8.009052e-34
   2.279844e-34
  -1.175813e-34
  -2.534769e-35
   1.723250e-35
   2.235981e-36
  -2.452249e-36
  -8.398938e-38
   3.282169e-37
  -2.340778e-38
  -3.960790e-38
   7.865871e-39
   3.992455e-39
  -1.555954e-39
  -2.667773e-40
   2.360427e-40
  -6.602100e-42
  -2.781181e-41
   5.946090e-42
   2.217995e-42
  -1.162191e-42
  -2.097450e-44
   1.424053e-43
  -2.971201e-44
  -9.709612e-45
   5.799486e-45
  -3.260105e-46
  -5.811224e-46
   1.909260e-46
   1.380711e-47
  -2.532853e-47
   5.724166e-48
   1.128437e-48
  -9.718922e-49
   1.762109e-49
   5.030755e-50
  -3.533989e-50
   6.242298e-51
   1.680051e-51
  -1.241971e-51
   2.579322e-52
   3.832263e-53
  -4.090051e-53
   1.118972e-53
  -3.685978e-57
  -1.145639e-54
   4.474161e-55
  -6.142664e-56
  -2.027613e-56
   1.443467e-56
  -3.976372e-57
   2.486506e-58
   2.843029e-58
  -1.474595e-58
   3.718077e-59
  -2.327427e-60
  -2.514511e-60
   1.369934e-60
  -3.952473e-61
   5.603299e-62
   1.043151e-62
  -1.020191e-62
   3.976743e-63
  -1.010473e-63
   1.372049e-64
   2.304947e-65
  -2.403763e-65
   1.021685e-65
  -3.131503e-66
   7.275517e-67
  -1.073607e-67
  -6.551786e-69
   1.282101e-68
  -6.360784e-69
   2.367829e-69
  -7.599444e-70
   2.209249e-70
  -5.959364e-71
   1.512534e-71
  -3.644769e-72
   8.391005e-73
  -1.854099e-73
   3.945961e-74
  -8.111031e-75
   1.613890e-75
  -3.114193e-76
   5.836555e-77
  -1.063821e-77
   1.887809e-78
  -3.264596e-79
   5.505880e-80
  -9.062330e-81
   1.456497e-81
  -2.286808e-82
   3.508725e-83
  -5.262240e-84
   7.715187e-85
  -1.105796e-85
   1.549139e-86
  -2.120557e-87
   2.834748e-88
  -3.697574e-89
   4.700207e-90
  -5.812019e-91
   6.972526e-92
  -8.082898e-93
   8.997821e-94
  -9.518700e-95
   9.389379e-96
  -8.295600e-97
   5.869356e-98
  -1.699075e-99
 -4.653862e-100
  1.363231e-100
 -2.565498e-101
  4.108386e-102
 -6.018974e-103
  8.311821e-104
 -1.098595e-104
  1.402250e-105
 -1.738332e-106
  2.101080e-107
 -2.482893e-108
  2.874575e-109
 -3.265709e-110
  3.645121e-111
 -4.001436e-112
  4.323649e-113
 -4.601702e-114
  4.827009e-115
 -4.992883e-116
  5.094864e-117
 -5.130892e-118
  5.101343e-119
 -5.008925e-120
  4.858439e-121
 -4.656438e-122
  4.410820e-123
 -4.130366e-124
  3.824281e-125
 -3.501751e-126
  3.171551e-127
 -2.841720e-128
  2.519311e-129
 -2.210230e-130
  1.919149e-131
 -1.649505e-132
  1.403546e-133
 -1.182443e-134
  9.864268e-136
 -8.149446e-137
  6.668314e-138
 -5.404718e-139
  4.339518e-140
 -3.451936e-141
  2.720672e-142
 -2.124810e-143
  1.644492e-144
 -1.261383e-145
  9.589599e-147
 -7.226467e-148
  5.398292e-149
 -3.997823e-150
  2.935340e-151
 -2.136934e-152
  1.542592e-153
 -1.104249e-154
  7.839114e-156
 -5.519223e-157
  3.854133e-158
 -2.669557e-159
  1.834175e-160
 -1.250134e-161
  8.452991e-163
 -5.670567e-164
  3.774226e-165
 -2.492513e-166
  1.633344e-167
 -1.062111e-168
  6.853878e-170
 -4.389324e-171
  2.789809e-172
 -1.759896e-173
  1.101933e-174
 -6.848554e-176
  4.225098e-177
 -2.587545e-178
  1.573152e-179
 -9.495185e-181
  5.689891e-182
 -3.385242e-183
  1.999761e-184
 -1.172968e-185
  6.831727e-187
 -3.951187e-188
  2.269309e-189
 -1.294329e-190
  7.331556e-192
 -4.124427e-193
  2.304424e-194
 -1.278814e-195
  7.048768e-197
 -3.859176e-198
  2.098774e-199
 -1.133811e-200
  6.084624e-202
 -3.243831e-203
  1.718018e-204
 -9.039735e-206
  4.725581e-207
 -2.454365e-208
  1.266544e-209
 -6.493989e-211
  3.308454e-212
 -1.674839e-213
  8.424964e-215
 -4.211352e-216
  2.091923e-217
 -1.032647e-218
  5.065842e-220
 -2.469770e-221
  1.196678e-222
 -5.762696e-224
  2.758114e-225
 -1.312041e-226
  6.203583e-228
 -2.915465e-229
  1.361926e-230
 -6.323976e-232
  2.918958e-233
 -1.339295e-234
  6.108659e-236
 -2.769786e-237
  1.248495e-238
 -5.594706e-240
  2.492455e-241
 -1.103941e-242
  4.861190e-244
 -2.128268e-245
  9.264163e-247
 -4.009508e-248
  1.725400e-249
 -7.382632e-251
  3.140970e-252
 -1.328789e-253
  5.589802e-255
 -2.338263e-256
  9.726465e-258
 -4.023367e-259
  1.655027e-260
 -6.770327e-262
  2.754298e-263
 -1.114338e-264
  4.483688e-266
 -1.794212e-267
  7.140682e-269
 -2.826446e-270
  1.112716e-271
 -4.356898e-273
  1.696788e-274
 -6.572675e-276
  2.532375e-277
 -9.704922e-279
  3.699486e-280
 -1.402759e-281
  5.290825e-283
 -1.985041e-284
  7.408462e-286
 -2.750461e-287
  1.015801e-288
 -3.732016e-290
  1.364008e-291
 -4.959465e-293
  1.793923e-294
 -6.455503e-296
  2.311105e-297
 -8.231495e-299
  2.916844e-300
 -1.028322e-301
  3.606887e-303
 -1.258720e-304
  4.370436e-306
 -1.509820e-307
  5.189626e-309
 -1.774856e-310
  6.039648e-312
 -2.044973e-313
  6.889633e-315
 -2.309632e-316
  7.704297e-318
 -2.557333e-319
  8.453463e-321
 -2.766768e-322
   0.000000e+00
   0.000000e+00
   0.000000e+00
   0.000000e+00
   0.000000e+00
   0.000000e+00
   0.000000e+00
   0.000000e+00
   0.000000e+00
   0.000000e+00
   0.000000e+00
   0.000000e+00
   0.000000e+00
   0.000000e+00
   0.000000e+00
   0.000000e+00
   0.000000e+00
   0.000000e+00
   0.000000e+00
   0.000000e+00
   0.000000e+00
   0.000000e+00
   0.000000e+00
   0.000000e+00
   0.000000e+00
   0.000000e+00
   0.000000e+00
   0.000000e+00
   0.000000e+00
   0.000000e+00
   0.000000e+00
   0.000000e+00
   0.000000e+00
   0.000000e+00
   0.000000e+00
   0.000000e+00
   0.000000e+00
   0.000000e+00
   0.000000e+00
   0.000000e+00
   0.000000e+00
   0.000000e+00
   0.000000e+00
   0.000000e+00
   0.000000e+00
   0.000000e+00
   0.000000e+00
   0.000000e+00
   0.000000e+00
   0.000000e+00
   0.000000e+00
   0.000000e+00
   0.000000e+00
   0.000000e+00
   0.000000e+00
   0.000000e+00
   0.000000e+00
   0.000000e+00
   0.000000e+00
   0.000000e+00
   0.000000e+00
   0.000000e+00
   0.000000e+00
   0.000000e+00
   0.000000e+00
   0.000000e+00
   0.000000e+00
   0.000000e+00
   0.000000e+00
   0.000000e+00
   0.000000e+00
   0.000000e+00
   0.000000e+00
   0.000000e+00
   0.000000e+00
   0.000000e+00
   0.000000e+00
   0.000000e+00
   0.000000e+00
   0.000000e+00
   0.000000e+00
   0.000000e+00
   0.000000e+00
   0.000000e+00
   0.000000e+00
   0.000000e+00
   0.000000e+00
   0.000000e+00
   0.000000e+00
   0.000000e+00
   0.000000e+00
   0.000000e+00
   0.000000e+00
   0.000000e+00
   0.000000e+00
   0.000000e+00
   0.000000e+00
   0.000000e+00
   0.000000e+00
   0.000000e+00
   0.000000e+00
   0.000000e+00
   0.000000e+00
   0.000000e+00
   0.000000e+00
   0.000000e+00
   0.000000e+00
   0.000000e+00
   0.000000e+00
   0.000000e+00
   0.000000e+00
   0.000000e+00
   0.000000e+00
   0.000000e+00
   0.000000e+00
   0.000000e+00
   0.000000e+00
   0.000000e+00
   0.000000e+00
   0.000000e+00
   0.000000e+00
   0.000000e+00
   0.000000e+00
   0.000000e+00
   0.000000e+00
   0.000000e+00
   0.000000e+00
   0.000000e+00
   0.000000e+00
   0.000000e+00
   0.000000e+00
   0.000000e+00
   0.000000e+00
   0.000000e+00
   0.000000e+00
   0.000000e+00
   0.000000e+00
   0.000000e+00
   0.000000e+00
   0.000000e+00
   0.000000e+00
   0.000000e+00
   0.000000e+00
   0.000000e+00
   0.000000e+00
   0.000000e+00
   0.000000e+00
   0.000000e+00
   0.000000e+00
   0.000000e+00
   0.000000e+00
   0.000000e+00
   0.000000e+00
   0.000000e+00
   0.000000e+00
   0.000000e+00
   0.000000e+00
   0.000000e+00
   0.000000e+00
   0.000000e+00
   0.000000e+00
   0.000000e+00
   0.000000e+00
   0.000000e+00
   0.000000e+00
   0.000000e+00
   0.000000e+00
   0.000000e+00
   0.000000e+00
   0.000000e+00
   0.000000e+00
   0.000000e+00
   0.000000e+00
   0.000000e+00
   0.000000e+00
   0.000000e+00
   0.000000e+00
   0.000000e+00
   0.000000e+00
   0.000000e+00
   0.000000e+00
   0.000000e+00
   0.000000e+00
   0.000000e+00
   0.000000e+00
   0.000000e+00
   0.000000e+00
   0.000000e+00
   0.000000e+00
   0.000000e+00
   0.000000e+00
   0.000000e+00
   0.000000e+00
   0.000000e+00
   0.000000e+00
   0.000000e+00
   0.000000e+00
   0.000000e+00
   0.000000e+00
   0.000000e+00
   0.000000e+00
   0.000000e+00
   0.000000e+00
   0.000000e+00
   0.000000e+00
   0.000000e+00
   0.000000e+00
   0.000000e+00
   0.000000e+00
   0.000000e+00
   0.000000e+00
   0.000000e+00
   0.000000e+00
   0.000000e+00
   0.000000e+00
   0.000000e+00
   0.000000e+00
   0.000000e+00
   0.000000e+00
   0.000000e+00
   0.000000e+00
   0.000000e+00
   0.000000e+00
   0.000000e+00
   0.000000e+00
   0.000000e+00
   0.000000e+00
   0.000000e+00
   0.000000e+00
   0.000000e+00
   0.000000e+00
   0.000000e+00
   0.000000e+00
   0.000000e+00
   0.000000e+00
   0.000000e+00
   0.000000e+00
   0.000000e+00
   0.000000e+00
   0.000000e+00
   0.000000e+00
   0.000000e+00
   0.000000e+00
   0.000000e+00
   0.000000e+00
   0.000000e+00
   0.000000e+00
   0.000000e+00
   0.000000e+00
   0.000000e+00
   0.000000e+00
   0.000000e+00
   0.000000e+00
   0.000000e+00
   0.000000e+00
   0.000000e+00
   0.000000e+00
   0.000000e+00
   0.000000e+00
   0.000000e+00
   0.000000e+00
   0.000000e+00
   0.000000e+00
   0.000000e+00
   0.000000e+00
   0.000000e+00
   0.000000e+00
   0.000000e+00
   0.000000e+00
   0.000000e+00
   0.000000e+00
   0.000000e+00
   0.000000e+00
   0.000000e+00
   0.000000e+00
   0.000000e+00
   0.000000e+00
   0.000000e+00
   0.000000e+00
   0.000000e+00
   0.000000e+00
   0.000000e+00
   0.000000e+00
   0.000000e+00
   0.000000e+00
   0.000000e+00
   0.000000e+00
   0.000000e+00
   0.000000e+00
   0.000000e+00
   0.000000e+00
   0.000000e+00
   0.000000e+00
   0.000000e+00
   0.000000e+00
   0.000000e+00
   0.000000e+00
   0.000000e+00
   0.000000e+00
   0.000000e+00
   0.000000e+00
   0.000000e+00
   0.000000e+00
   0.000000e+00
   0.000000e+00
   0.000000e+00
   0.000000e+00
   0.000000e+00
   0.000000e+00
   0.000000e+00
   0.000000e+00
   0.000000e+00
   0.000000e+00
   0.000000e+00
   0.000000e+00
   0.000000e+00
   0.000000e+00
   0.000000e+00
   0.000000e+00
   0.000000e+00
   0.000000e+00
   0.000000e+00
   0.000000e+00
   0.000000e+00
   0.000000e+00
   0.000000e+00
   0.000000e+00
   0.000000e+00
   0.000000e+00
   0.000000e+00
   0.000000e+00
   0.000000e+00
   0.000000e+00
   0.000000e+00
   0.000000e+00
   0.000000e+00
   0.000000e+00
   0.000000e+00
   0.000000e+00
   0.000000e+00
   0.000000e+00
   0.000000e+00
   0.000000e+00
   0.000000e+00
   0.000000e+00
   0.000000e+00
   0.000000e+00
   0.000000e+00
   0.000000e+00
   0.000000e+00
   0.000000e+00
   0.000000e+00
   0.000000e+00
   0.000000e+00
   0.000000e+00
   0.000000e+00
   0.000000e+00
   0.000000e+00
   0.000000e+00
   0.000000e+00
   0.000000e+00
   0.000000e+00
   0.000000e+00
   0.000000e+00
   0.000000e+00
   0.000000e+00
   0.000000e+00
   0.000000e+00
   0.000000e+00
   0.000000e+00
   0.000000e+00
   0.000000e+00
   0.000000e+00
   0.000000e+00
   0.000000e+00
   0.000000e+00
   0.000000e+00
   0.000000e+00
   0.000000e+00
   0.000000e+00
   0.000000e+00
   0.000000e+00
   0.000000e+00
   0.000000e+00
   0.000000e+00
   0.000000e+00
   0.000000e+00
   0.000000e+00
   0.000000e+00
   0.000000e+00
   0.000000e+00
   0.000000e+00
   0.000000e+00
   0.000000e+00
   0.000000e+00
   0.000000e+00
   0.000000e+00
   0.000000e+00
