   0.000000e+00
   0.000000e+00
  -2.492458e-22
  -9.964082e-22
  -1.338752e-21
  -6.647414e-22
   5.043180e-22
   2.615163e-22
  -3.057249e-21
  -8.492250e-21
  -1.212314e-20
  -1.018971e-20
  -3.264227e-21
   3.106047e-21
   2.947834e-21
  -4.718751e-21
  -1.570011e-20
  -2.550890e-20
  -3.214359e-20
  -3.285808e-20
  -2.154941e-20
   5.101050e-21
   3.779956e-20
   5.629051e-20
   4.649688e-20
   1.579619e-20
  -1.273584e-20
  -2.218113e-20
  -1.525364e-20
  -6.268184e-21
  -4.785565e-21
  -1.047651e-20
  -2.072362e-20
  -3.702003e-20
  -6.104281e-20
  -8.680512e-20
  -1.018563e-19
  -9.894478e-20
  -8.267253e-20
  -5.950068e-20
  -2.524672e-20
   2.691448e-20
   8.521172e-20
   1.188583e-19
   1.080133e-19
   6.815046e-20
   3.470486e-20
   2.413650e-20
   1.844905e-20
  -7.763993e-21
  -4.989703e-20
  -7.168507e-20
  -4.474889e-20
   1.587263e-20
   6.348548e-20
   6.529973e-20
   2.914800e-20
  -1.130903e-20
  -2.449559e-20
   5.255374e-21
   7.014725e-20
   1.317034e-19
   1.382989e-19
   7.551616e-20
  -2.558495e-21
  -1.688603e-20
   4.932601e-20
   1.204358e-19
   1.027316e-19
  -1.130459e-20
  -1.262921e-19
  -1.395017e-19
  -4.796028e-20
   4.909825e-20
   5.394490e-20
  -3.339767e-20
  -1.236656e-19
  -1.286555e-19
  -3.529449e-20
   9.263294e-20
   1.648426e-19
   1.253893e-19
  -6.110834e-21
  -1.429088e-19
  -1.985610e-19
  -1.601889e-19
  -8.953148e-20
  -4.981266e-20
  -4.555976e-20
  -3.910476e-20
  -5.722553e-21
   4.636636e-20
   9.909680e-20
   1.421691e-19
   1.642878e-19
   1.484088e-19
   9.262071e-20
   2.841635e-20
  -8.789870e-22
   1.445892e-20
   3.963494e-20
   3.960538e-20
   2.233191e-20
   2.090095e-20
   4.246373e-20
   6.368930e-20
   7.797002e-20
   1.106220e-19
   1.673044e-19
   1.986277e-19
   1.520551e-19
   4.579646e-20
  -4.415938e-20
  -6.861947e-20
  -4.736076e-20
  -2.662658e-20
  -2.619076e-20
  -3.870075e-20
  -5.298849e-20
  -5.687822e-20
  -3.512213e-20
   8.684605e-21
   3.490246e-20
   2.020113e-21
  -7.477072e-20
  -1.247239e-19
  -9.897392e-20
  -2.881567e-20
   1.513264e-20
   8.392117e-21
  -8.705567e-21
   9.390537e-21
   6.246264e-20
   1.142866e-19
   1.316789e-19
   1.097392e-19
   7.422856e-20
   6.189740e-20
   8.365081e-20
   1.032098e-19
   6.768493e-20
  -3.094922e-20
  -1.351260e-19
  -1.734610e-19
  -1.282116e-19
  -4.471062e-20
   1.674240e-20
   2.825302e-20
   4.722907e-21
  -1.663829e-20
  -1.194270e-20
   1.789840e-21
  -1.714952e-20
  -7.758107e-20
  -1.280350e-19
  -1.116104e-19
  -3.900853e-20
   2.480029e-20
   4.518540e-20
   5.275387e-20
   8.368187e-20
   1.215776e-19
   1.244228e-19
   8.962031e-20
   5.687088e-20
   2.895608e-20
   3.097416e-20
   1.484277e-19
  -3.486556e-19
  -8.061725e-19
   5.018919e-18
  -2.945674e-19
  -5.412400e-17
   5.148045e-17
   5.183458e-16
  -6.417974e-16
  -5.111187e-15
   4.027795e-15
   5.100452e-14
   1.734168e-14
  -4.381468e-13
  -9.060031e-13
   2.000108e-12
   1.254636e-11
   1.647402e-11
  -5.658623e-11
  -3.248053e-10
  -7.073887e-10
  -1.058459e-10
   5.368089e-09
   2.536429e-08
   7.939815e-08
   2.016326e-07
   4.455656e-07
   8.876916e-07
   1.629230e-06
   2.795191e-06
   4.530358e-06
   6.992161e-06
   1.034084e-05
   1.472769e-05
   2.028255e-05
   2.710177e-05
   3.523786e-05
   4.469210e-05
   5.541070e-05
   6.728481e-05
   8.015446e-05
   9.381562e-05
   1.080296e-04
   1.225337e-04
   1.370519e-04
   1.513046e-04
   1.650167e-04
   1.779238e-04
   1.897765e-04
   2.003429e-04
   2.094099e-04
   2.167853e-04
   2.222992e-04
   2.258070e-04
   2.271936e-04
   2.263787e-04
   2.233220e-04
   2.180291e-04
   2.105555e-04
   2.010087e-04
   1.895470e-04
   1.763758e-04
   1.617391e-04
   1.459093e-04
   1.291735e-04
   1.118198e-04
   9.412288e-05
   7.633213e-05
   5.866155e-05
   4.128383e-05
   2.432815e-05
   7.881762e-06
  -8.005106e-06
  -2.331207e-05
  -3.804018e-05
  -5.220343e-05
  -6.582135e-05
  -7.891316e-05
  -9.149412e-05
  -1.035739e-04
  -1.151563e-04
  -1.262406e-04
  -1.368224e-04
  -1.468939e-04
  -1.564436e-04
  -1.654543e-04
  -1.738994e-04
  -1.817392e-04
  -1.889170e-04
  -1.953551e-04
  -2.009542e-04
  -2.055944e-04
  -2.091390e-04
  -2.114423e-04
  -2.123587e-04
  -2.117548e-04
  -2.095215e-04
  -2.055847e-04
  -1.999158e-04
  -1.925370e-04
  -1.835244e-04
  -1.730063e-04
  -1.611580e-04
  -1.481931e-04
  -1.343531e-04
  -1.198959e-04
  -1.050846e-04
  -9.017741e-05
  -7.542018e-05
  -6.104076e-05
  -4.724587e-05
  -3.421981e-05
  -2.212431e-05
  -1.109874e-05
  -1.260011e-06
   7.298435e-06
   1.450872e-05
   2.033152e-05
   2.475948e-05
   2.782043e-05
   2.957932e-05
   3.013836e-05
   2.963449e-05
   2.823415e-05
   2.612529e-05
   2.350725e-05
   2.057941e-05
   1.752969e-05
   1.452412e-05
   1.169856e-05
   9.153383e-06
   6.951666e-06
   5.120716e-06
   3.656664e-06
   2.531255e-06
   1.699836e-06
   1.109452e-06
   7.060575e-07
   4.400948e-07
   2.700202e-07
   1.637429e-07
   9.829797e-08
   5.833608e-08
   3.411923e-08
   1.962418e-08
   1.110890e-08
   6.209696e-09
   3.435937e-09
   1.878558e-09
   1.009596e-09
   5.315051e-10
   2.748020e-10
   1.403931e-10
   7.096324e-11
   3.521620e-11
   1.701301e-11
   8.023534e-12
   3.742428e-12
   1.733978e-12
   7.849773e-13
   3.410449e-13
   1.438139e-13
   6.091291e-14
   2.592135e-14
   1.049392e-14
   3.910161e-15
   1.440056e-15
   5.795832e-16
   2.312356e-16
   7.449245e-17
   1.959133e-17
   7.416266e-18
   3.867359e-18
   1.166610e-18
   1.328887e-20
  -6.121977e-20
  -1.246018e-20
  -2.870496e-20
  -3.244884e-20
  -2.121633e-20
   1.020371e-20
   3.706979e-20
   1.688404e-20
  -1.916130e-20
  -3.763092e-20
  -6.321175e-20
  -6.888290e-20
  -2.740449e-20
  -4.300611e-21
  -4.381299e-20
  -7.980488e-20
  -5.322107e-20
   1.019470e-20
   5.563970e-20
   4.336794e-20
  -1.998658e-20
  -6.877738e-20
  -5.244544e-20
  -6.495380e-21
   3.025777e-21
  -2.617294e-20
  -3.790582e-20
   1.350830e-20
   1.050980e-19
   1.483848e-19
   1.009223e-19
   3.522411e-20
   2.760395e-20
   5.680286e-20
   6.211159e-20
   3.272593e-20
   4.281255e-21
   2.222538e-21
   6.036281e-21
  -9.507914e-21
  -1.856365e-20
  -5.047312e-21
  -2.413536e-21
  -5.005669e-21
   2.228886e-20
   4.196110e-20
   4.433403e-21
  -4.236015e-20
  -3.739004e-20
  -2.128414e-20
  -4.910956e-20
  -7.845916e-20
  -5.161659e-20
  -9.326242e-22
   1.558494e-20
   4.148986e-21
  -2.040997e-21
   2.979433e-22
   2.393618e-21
   1.811066e-20
   4.929133e-20
   6.150719e-20
   4.872180e-20
   3.482221e-20
   2.183771e-20
  -2.260960e-20
  -9.897848e-20
  -1.332879e-19
  -7.308101e-20
   2.125273e-20
   6.482594e-20
   6.527384e-20
   7.551776e-20
   8.553024e-20
   6.138944e-20
   2.816442e-20
   2.325722e-20
   1.265592e-20
  -6.037784e-20
  -1.494009e-19
  -1.328098e-19
  -2.329541e-21
   1.145999e-19
   1.272111e-19
   4.299349e-20
  -7.292748e-20
  -1.288704e-19
  -7.382172e-20
   1.916847e-20
   2.014213e-20
  -4.253456e-20
  -3.074000e-20
   5.562633e-20
   8.748110e-20
   1.348310e-20
  -7.420668e-20
  -8.423109e-20
  -2.502341e-20
   3.540582e-20
   3.320386e-20
  -3.921961e-20
  -1.086776e-19
  -1.201191e-19
  -8.342387e-20
  -1.940572e-20
   4.135508e-20
   4.529605e-20
   1.079666e-20
   3.470395e-20
   1.029514e-19
   1.250306e-19
   1.083611e-19
   9.092951e-20
   1.517801e-20
  -1.413954e-19
  -2.358880e-19
  -2.215884e-19
  -2.921143e-19
  -1.005405e-18
  -3.452861e-18
  -9.812181e-18
  -2.701362e-17
  -7.840766e-17
  -2.264321e-16
  -6.156556e-16
  -1.601391e-15
  -4.126676e-15
  -1.055201e-14
  -2.625497e-14
  -6.319436e-14
  -1.487254e-13
  -3.450707e-13
  -7.866026e-13
  -1.750651e-12
  -3.805225e-12
  -8.119806e-12
  -1.705861e-11
  -3.522075e-11
  -7.128797e-11
  -1.415205e-10
  -2.763430e-10
  -5.318260e-10
  -1.008336e-09
  -1.880859e-09
  -3.450968e-09
  -6.237454e-09
  -1.112674e-08
  -1.960476e-08
  -3.410031e-08
  -5.850297e-08
  -9.898154e-08
  -1.652928e-07
  -2.727824e-07
  -4.451939e-07
  -7.182122e-07
  -1.143426e-06
  -1.792157e-06
  -2.758462e-06
  -4.160572e-06
  -6.140140e-06
  -8.858898e-06
  -1.249260e-05
  -1.722249e-05
  -2.322493e-05
  -3.065989e-05
  -3.965944e-05
  -5.031723e-05
  -6.267985e-05
  -7.674083e-05
  -9.243775e-05
  -1.096524e-04
  -1.282140e-04
  -1.479045e-04
  -1.684665e-04
  -1.896107e-04
  -2.110254e-04
  -2.323842e-04
  -2.533542e-04
  -2.736028e-04
  -2.928039e-04
  -3.106432e-04
  -3.268241e-04
  -3.410724e-04
  -3.531415e-04
  -3.628178e-04
  -3.699261e-04
  -3.743338e-04
  -3.759557e-04
  -3.747563e-04
  -3.707508e-04
  -3.640041e-04
  -3.546275e-04
  -3.427736e-04
  -3.286281e-04
  -3.124022e-04
  -2.943221e-04
  -2.746202e-04
  -2.535261e-04
  -2.312594e-04
  -2.080237e-04
  -1.840036e-04
  -1.593629e-04
  -1.342452e-04
  -1.087758e-04
  -8.306476e-05
  -5.721020e-05
  -3.130202e-05
  -5.424998e-06
   2.033857e-05
   4.590685e-05
   7.119712e-05
   9.612471e-05
   1.206022e-04
   1.445386e-04
   1.678383e-04
   1.903996e-04
   2.121138e-04
   2.328633e-04
   2.525211e-04
   2.709498e-04
   2.880033e-04
   3.035278e-04
   3.173659e-04
   3.293609e-04
   3.393631e-04
   3.472363e-04
   3.528648e-04
   3.561605e-04
   3.570682e-04
   3.555709e-04
   3.516921e-04
   3.454970e-04
   3.370914e-04
   3.266191e-04
   3.142576e-04
   3.002125e-04
   2.847122e-04
   2.680015e-04
   2.503356e-04
   2.319752e-04
   2.131812e-04
   1.942107e-04
   1.753129e-04
   1.567256e-04
   1.386717e-04
   1.213557e-04
   1.049598e-04
   8.964052e-05
   7.552519e-05
   6.270870e-05
   5.125134e-05
   4.117762e-05
   3.247642e-05
   2.510282e-05
   1.898151e-05
   1.401165e-05
   1.007304e-05
   7.032969e-06
   4.753420e-06
   3.097932e-06
   1.937697e-06
   1.156415e-06
   6.536533e-07
   3.465745e-07
   1.701190e-07
   7.584862e-08
   2.980035e-08
   9.751115e-09
   2.304835e-09
   1.605295e-10
  -1.760316e-10
  -9.951282e-11
  -2.229339e-11
   2.851263e-12
   3.631125e-12
   8.191464e-13
  -2.004584e-13
  -1.469558e-13
  -7.265989e-15
   1.603405e-14
   3.112053e-15
  -1.514710e-15
  -4.641952e-16
   1.506293e-16
   5.208849e-17
  -1.747982e-17
  -4.537362e-18
   2.195328e-18
   2.079846e-19
  -2.474516e-19
   2.212755e-20
   1.909402e-20
  -6.328056e-21
  -1.529743e-22
   6.018383e-22
  -1.656323e-22
   2.257665e-24
   1.283426e-23
  -4.830822e-24
   8.470866e-25
   2.561027e-26
  -7.271190e-26
   2.971047e-26
  -8.338524e-27
   1.887548e-27
  -3.645289e-28
   6.163019e-29
  -9.229145e-30
   1.226160e-30
  -1.430500e-31
   1.417255e-32
  -1.072525e-33
   3.218195e-35
   8.398779e-36
  -2.333847e-36
   4.005623e-37
  -5.654106e-38
   7.073378e-39
  -8.094911e-40
   8.618510e-41
  -8.624903e-42
   8.169170e-43
  -7.359724e-44
   6.330530e-45
  -5.214385e-46
   4.122876e-47
  -3.135507e-48
   2.297588e-49
  -1.624576e-50
   1.109889e-51
  -7.334916e-53
   4.693965e-54
  -2.911542e-55
   1.751935e-56
  -1.023449e-57
   5.808756e-59
  -3.205236e-60
   1.720551e-61
  -8.989982e-63
   4.574774e-64
  -2.268411e-65
   1.096538e-66
  -5.169779e-68
   2.378220e-69
  -1.067922e-70
   4.682746e-72
  -2.005828e-73
   8.395927e-75
  -3.435331e-76
   1.374452e-77
  -5.378753e-79
   2.059438e-80
  -7.717019e-82
   2.830723e-83
  -1.016719e-84
   3.576545e-86
  -1.232497e-87
   4.161622e-89
  -1.377165e-90
   4.467283e-92
  -1.420757e-93
   4.430943e-95
  -1.355347e-96
   4.066845e-98
  -1.197263e-99
  3.458724e-101
 -9.806243e-103
  2.729067e-104
 -7.456101e-106
  2.000114e-107
 -5.268656e-109
  1.363019e-110
 -3.463483e-112
  8.645377e-114
 -2.120132e-115
  5.108537e-117
 -1.209565e-118
  2.814514e-120
 -6.436656e-122
  1.446901e-123
 -3.197248e-125
  6.945577e-127
 -1.483436e-128
  3.115232e-130
 -6.432847e-132
  1.306281e-133
 -2.608661e-135
  5.123568e-137
 -9.897491e-139
  1.880608e-140
 -3.514897e-142
  6.462309e-144
 -1.168803e-145
  2.079645e-147
 -3.640374e-149
  6.269372e-151
 -1.062268e-152
  1.770864e-154
 -2.904587e-156
  4.687448e-158
 -7.442940e-160
  1.162811e-161
 -1.787429e-163
  2.703330e-165
 -4.022660e-167
  5.889275e-169
 -8.482650e-171
  1.202005e-172
 -1.675583e-174
  2.297662e-176
 -3.099118e-178
  4.111377e-180
 -5.364063e-182
  6.881935e-184
 -8.681258e-186
  1.076580e-187
 -1.312280e-189
  1.571942e-191
 -1.850008e-193
  2.138540e-195
 -2.427307e-197
  2.704114e-199
 -2.955377e-201
  3.166932e-203
 -3.325025e-205
  3.417416e-207
 -3.434475e-209
  3.370166e-211
 -3.222799e-213
  2.995443e-215
 -2.695942e-217
  2.336502e-219
 -1.932878e-221
  1.503235e-223
 -1.066795e-225
  6.424167e-228
 -2.472394e-230
 -1.044541e-232
  4.020664e-234
 -6.391353e-236
  8.133902e-238
 -9.264449e-240
  9.831949e-242
 -9.910144e-244
  9.588563e-246
 -8.963591e-248
  8.130446e-250
 -7.176708e-252
  6.177720e-254
 -5.193949e-256
  4.270159e-258
 -3.436060e-260
  2.708043e-262
 -2.091569e-264
  1.583818e-266
 -1.176281e-268
  8.570682e-271
   0.000000e+00
   0.000000e+00
