   0.000000e+00
   0.000000e+00
  -2.207836e-21
  -2.251671e-21
  -1.894937e-22
  -6.149030e-21
  -2.120780e-20
  -2.827356e-20
  -2.843544e-20
  -3.956628e-20
  -4.712170e-20
  -2.963854e-20
  -1.013277e-20
  -1.536425e-20
  -3.024700e-20
  -2.823724e-20
  -9.584681e-21
   9.167226e-21
   2.445204e-20
   3.368157e-20
   1.074476e-20
  -5.170894e-20
  -1.015849e-19
  -9.137930e-20
  -5.050885e-20
  -3.808776e-20
  -4.479744e-20
  -2.473433e-20
   1.491631e-21
  -9.166005e-21
  -3.757150e-20
  -6.679745e-20
  -1.133495e-19
  -2.581270e-20
  -1.594144e-18
   2.273541e-17
  -2.798065e-16
   2.777729e-15
  -1.989513e-14
   6.365856e-14
   6.400203e-13
  -1.182641e-11
   8.812921e-11
  -2.595837e-10
  -9.430067e-10
   8.582749e-09
   6.596689e-09
  -1.587004e-07
  -3.366159e-07
   1.625989e-06
   1.152495e-05
   3.688703e-05
   8.078936e-05
   1.366239e-04
   1.893170e-04
   2.219465e-04
   2.226671e-04
   1.891505e-04
   1.296418e-04
   5.905734e-05
  -8.846488e-06
  -6.735369e-05
  -1.162376e-04
  -1.571068e-04
  -1.894111e-04
  -2.087875e-04
  -2.081666e-04
  -1.824743e-04
  -1.344484e-04
  -7.582492e-05
  -2.208953e-05
   1.457769e-05
   2.958325e-05
   2.670654e-05
   1.545463e-05
   5.304134e-06
   4.762869e-07
  -3.098445e-07
   5.196050e-08
   1.478842e-07
   3.095582e-08
  -2.358635e-08
  -8.322513e-09
   4.008904e-09
   1.792870e-09
  -6.607437e-10
  -3.252047e-10
   1.052678e-10
   4.948735e-11
  -1.704932e-11
  -6.675887e-12
   2.690647e-12
   8.122272e-13
  -4.160915e-13
  -9.699275e-14
   6.304080e-14
   1.275026e-14
  -9.340172e-15
  -2.012299e-15
   1.310201e-15
   6.438346e-16
  -2.098125e-16
   1.132819e-15
   3.530091e-15
  -6.560238e-15
  -3.703022e-14
   4.362124e-14
   3.205965e-13
  -3.546898e-13
  -2.501298e-12
   3.029761e-12
   1.814774e-11
  -2.402025e-11
  -1.281131e-10
   1.519527e-10
   8.534863e-10
  -7.848561e-10
  -5.833954e-09
   1.281030e-10
   2.846663e-08
   8.707860e-09
  -1.894262e-07
  -4.447817e-07
  -3.010160e-07
  -3.226574e-07
  -4.756195e-06
  -2.242343e-05
  -6.271478e-05
  -1.283757e-04
  -2.109436e-04
  -2.925592e-04
  -3.525603e-04
  -3.750156e-04
  -3.540921e-04
  -2.949407e-04
  -2.095444e-04
  -1.104714e-04
  -6.980136e-06
   9.485834e-05
   1.897706e-04
   2.709525e-04
   3.293608e-04
   3.557419e-04
   3.450104e-04
   3.001072e-04
   2.322543e-04
   1.573661e-04
   9.078690e-05
   4.255481e-05
   1.487138e-05
   3.123847e-06
   1.412848e-08
  -1.720960e-07
  -1.055862e-08
   1.358676e-08
   4.466090e-10
  -1.020976e-09
   1.071504e-10
   3.882690e-11
  -1.448962e-11
   2.288643e-12
  -1.767596e-13
  -4.724863e-15
   3.541594e-15
  -5.997686e-16
   6.902418e-17
  -6.270857e-18
   4.763906e-19
  -3.119990e-20
   1.795484e-21
  -9.199664e-23
   4.237793e-24
  -1.768170e-25
   6.721814e-27
  -2.339341e-28
   7.482227e-30
  -2.206379e-31
   6.014092e-33
  -1.518489e-34
   3.557283e-36
  -7.741341e-38
   1.566185e-39
  -2.946698e-41
   5.154644e-43
  -8.376255e-45
   1.262184e-46
  -1.758303e-48
   2.253000e-50
  -2.632689e-52
   2.762543e-54
  -2.523235e-56
   1.855382e-58
  -7.945969e-61
  -5.203413e-63
   1.874839e-64
  -3.034970e-66
   3.812937e-68
  -4.116564e-70
   3.964970e-72
   0.000000e+00
   0.000000e+00
