 0.00000000000000E+0000   0.00000000000000E+0000
 1.00000000000000E+0000   0.00000000000000E+0000
 2.00000000000000E+0000   0.00000000000000E+0000
 3.00000000000000E+0000   0.00000000000000E+0000
 4.00000000000000E+0000   0.00000000000000E+0000
 5.00000000000000E+0000   0.00000000000000E+0000
 6.00000000000000E+0000   0.00000000000000E+0000
 7.00000000000000E+0000   0.00000000000000E+0000
 8.00000000000000E+0000   0.00000000000000E+0000
 9.00000000000000E+0000   0.00000000000000E+0000
 1.00000000000000E+0001   0.00000000000000E+0000
 1.10000000000000E+0001   0.00000000000000E+0000
 1.20000000000000E+0001   0.00000000000000E+0000
 1.30000000000000E+0001   0.00000000000000E+0000
 1.40000000000000E+0001   0.00000000000000E+0000
 1.50000000000000E+0001   0.00000000000000E+0000
 1.60000000000000E+0001   0.00000000000000E+0000
 1.70000000000000E+0001   0.00000000000000E+0000
 1.80000000000000E+0001   0.00000000000000E+0000
 1.90000000000000E+0001   0.00000000000000E+0000
 2.00000000000000E+0001   0.00000000000000E+0000
 2.10000000000000E+0001   0.00000000000000E+0000
 2.20000000000000E+0001   0.00000000000000E+0000
 2.30000000000000E+0001   0.00000000000000E+0000
 2.40000000000000E+0001   0.00000000000000E+0000
 2.50000000000000E+0001   0.00000000000000E+0000
 2.60000000000000E+0001   0.00000000000000E+0000
 2.70000000000000E+0001   0.00000000000000E+0000
 2.80000000000000E+0001   0.00000000000000E+0000
 2.90000000000000E+0001   0.00000000000000E+0000
 3.00000000000000E+0001   0.00000000000000E+0000
 3.10000000000000E+0001   0.00000000000000E+0000
 3.20000000000000E+0001   0.00000000000000E+0000
 3.30000000000000E+0001   0.00000000000000E+0000
 3.40000000000000E+0001   0.00000000000000E+0000
 3.50000000000000E+0001   0.00000000000000E+0000
 3.60000000000000E+0001   0.00000000000000E+0000
 3.70000000000000E+0001   0.00000000000000E+0000
 3.80000000000000E+0001   0.00000000000000E+0000
 3.90000000000000E+0001   0.00000000000000E+0000
 4.00000000000000E+0001   0.00000000000000E+0000
 4.10000000000000E+0001   0.00000000000000E+0000
 4.20000000000000E+0001   0.00000000000000E+0000
 4.30000000000000E+0001   0.00000000000000E+0000
 4.40000000000000E+0001   0.00000000000000E+0000
 4.50000000000000E+0001   0.00000000000000E+0000
 4.60000000000000E+0001   0.00000000000000E+0000
 4.70000000000000E+0001   0.00000000000000E+0000
 4.80000000000000E+0001   0.00000000000000E+0000
 4.90000000000000E+0001   1.53419905703594E-0003
 5.00000000000000E+0001   1.80775342898924E-0001
 5.10000000000000E+0001   2.67800857226732E+0000
 5.20000000000000E+0001   1.64443506427759E+0001
 5.30000000000000E+0001   6.09459889351448E+0001
 5.40000000000000E+0001   1.61610734623839E+0002
 5.50000000000000E+0001   3.36852636670678E+0002
 5.60000000000000E+0001   5.85809092953594E+0002
 5.70000000000000E+0001   8.85867375773225E+0002
 5.80000000000000E+0001   1.19963241235391E+0003
 5.90000000000000E+0001   1.48390199291332E+0003
 6.00000000000000E+0001   1.69619455370890E+0003
 6.10000000000000E+0001   1.80125413138860E+0003
 6.20000000000000E+0001   1.77996881013086E+0003
 6.30000000000000E+0001   1.63626576458349E+0003
 6.40000000000000E+0001   1.39454598702420E+0003
 6.50000000000000E+0001   1.08728832735814E+0003
 6.60000000000000E+0001   7.41888771560627E+0002
 6.70000000000000E+0001   3.75887969129146E+0002
 6.80000000000000E+0001   4.52389339436941E-0001
 6.90000000000000E+0001  -3.74994355551678E+0002
 7.00000000000000E+0001  -7.41029750152339E+0002
 7.10000000000000E+0001  -1.08649608959308E+0003
 7.20000000000000E+0001  -1.39387423913426E+0003
 7.30000000000000E+0001  -1.63579036819422E+0003
 7.40000000000000E+0001  -1.77976410960021E+0003
 7.50000000000000E+0001  -1.80135760292955E+0003
 7.60000000000000E+0001  -1.69658670961091E+0003
 7.70000000000000E+0001  -1.48451383025904E+0003
 7.80000000000000E+0001  -1.20036754500940E+0003
 7.90000000000000E+0001  -8.86620751687551E+0002
 8.00000000000000E+0001  -5.86480840843529E+0002
 8.10000000000000E+0001  -3.37366869136204E+0002
 8.20000000000000E+0001  -1.61937849657224E+0002
 8.30000000000000E+0001  -6.11103676851883E+0001
 8.40000000000000E+0001  -1.65045840801983E+0001
 8.50000000000000E+0001  -2.69193451302680E+0000
 8.60000000000000E+0001  -1.82249592958742E-0001
 8.70000000000000E+0001  -1.55997353124665E-0003
 8.80000000000000E+0001   0.00000000000000E+0000
 8.90000000000000E+0001   0.00000000000000E+0000
 9.00000000000000E+0001   0.00000000000000E+0000
 9.10000000000000E+0001   0.00000000000000E+0000
 9.20000000000000E+0001   0.00000000000000E+0000
 9.30000000000000E+0001   0.00000000000000E+0000
 9.40000000000000E+0001   0.00000000000000E+0000
 9.50000000000000E+0001   0.00000000000000E+0000
 9.60000000000000E+0001   0.00000000000000E+0000
 9.70000000000000E+0001   0.00000000000000E+0000
 9.80000000000000E+0001   0.00000000000000E+0000
 9.90000000000000E+0001   0.00000000000000E+0000
 1.00000000000000E+0002   0.00000000000000E+0000
 1.01000000000000E+0002   0.00000000000000E+0000
 1.02000000000000E+0002   0.00000000000000E+0000
 1.03000000000000E+0002   0.00000000000000E+0000
 1.04000000000000E+0002   0.00000000000000E+0000
 1.05000000000000E+0002   0.00000000000000E+0000
 1.06000000000000E+0002   0.00000000000000E+0000
 1.07000000000000E+0002   0.00000000000000E+0000
 1.08000000000000E+0002   0.00000000000000E+0000
 1.09000000000000E+0002   0.00000000000000E+0000
 1.10000000000000E+0002   0.00000000000000E+0000
 1.11000000000000E+0002   0.00000000000000E+0000
 1.12000000000000E+0002   0.00000000000000E+0000
 1.13000000000000E+0002   0.00000000000000E+0000
 1.14000000000000E+0002   0.00000000000000E+0000
 1.15000000000000E+0002   0.00000000000000E+0000
 1.16000000000000E+0002   0.00000000000000E+0000
 1.17000000000000E+0002   0.00000000000000E+0000
 1.18000000000000E+0002   0.00000000000000E+0000
 1.19000000000000E+0002   0.00000000000000E+0000
 1.20000000000000E+0002   0.00000000000000E+0000
 1.21000000000000E+0002   0.00000000000000E+0000
 1.22000000000000E+0002   0.00000000000000E+0000
 1.23000000000000E+0002   0.00000000000000E+0000
 1.24000000000000E+0002   0.00000000000000E+0000
 1.25000000000000E+0002   0.00000000000000E+0000
 1.26000000000000E+0002   0.00000000000000E+0000
 1.27000000000000E+0002   0.00000000000000E+0000
 1.28000000000000E+0002   0.00000000000000E+0000
 1.29000000000000E+0002   0.00000000000000E+0000
 1.30000000000000E+0002   0.00000000000000E+0000
 1.31000000000000E+0002   0.00000000000000E+0000
 1.32000000000000E+0002   0.00000000000000E+0000
 1.33000000000000E+0002   0.00000000000000E+0000
 1.34000000000000E+0002   0.00000000000000E+0000
 1.35000000000000E+0002   0.00000000000000E+0000
 1.36000000000000E+0002   0.00000000000000E+0000
 1.37000000000000E+0002   0.00000000000000E+0000
 1.38000000000000E+0002   0.00000000000000E+0000
 1.39000000000000E+0002   0.00000000000000E+0000
 1.40000000000000E+0002   0.00000000000000E+0000
 1.41000000000000E+0002   0.00000000000000E+0000
 1.42000000000000E+0002   0.00000000000000E+0000
 1.43000000000000E+0002   0.00000000000000E+0000
 1.44000000000000E+0002   0.00000000000000E+0000
 1.45000000000000E+0002   0.00000000000000E+0000
 1.46000000000000E+0002   0.00000000000000E+0000
 1.47000000000000E+0002   0.00000000000000E+0000
 1.48000000000000E+0002   0.00000000000000E+0000
 1.49000000000000E+0002   0.00000000000000E+0000
 1.50000000000000E+0002   0.00000000000000E+0000
 1.51000000000000E+0002   0.00000000000000E+0000
 1.52000000000000E+0002   0.00000000000000E+0000
 1.53000000000000E+0002   0.00000000000000E+0000
 1.54000000000000E+0002   0.00000000000000E+0000
 1.55000000000000E+0002   0.00000000000000E+0000
 1.56000000000000E+0002   0.00000000000000E+0000
 1.57000000000000E+0002   0.00000000000000E+0000
 1.58000000000000E+0002   0.00000000000000E+0000
 1.59000000000000E+0002   0.00000000000000E+0000
 1.60000000000000E+0002   0.00000000000000E+0000
 1.61000000000000E+0002   0.00000000000000E+0000
 1.62000000000000E+0002   0.00000000000000E+0000
 1.63000000000000E+0002   0.00000000000000E+0000
 1.64000000000000E+0002   0.00000000000000E+0000
 1.65000000000000E+0002   0.00000000000000E+0000
 1.66000000000000E+0002   0.00000000000000E+0000
 1.67000000000000E+0002   0.00000000000000E+0000
 1.68000000000000E+0002   0.00000000000000E+0000
 1.69000000000000E+0002   0.00000000000000E+0000
 1.70000000000000E+0002   0.00000000000000E+0000
 1.71000000000000E+0002   0.00000000000000E+0000
 1.72000000000000E+0002   0.00000000000000E+0000
 1.73000000000000E+0002   0.00000000000000E+0000
 1.74000000000000E+0002   0.00000000000000E+0000
 1.75000000000000E+0002   0.00000000000000E+0000
 1.76000000000000E+0002   0.00000000000000E+0000
 1.77000000000000E+0002   0.00000000000000E+0000
 1.78000000000000E+0002   0.00000000000000E+0000
 1.79000000000000E+0002   0.00000000000000E+0000
 1.80000000000000E+0002   0.00000000000000E+0000
 1.81000000000000E+0002   0.00000000000000E+0000
 1.82000000000000E+0002   0.00000000000000E+0000
 1.83000000000000E+0002   0.00000000000000E+0000
 1.84000000000000E+0002   0.00000000000000E+0000
 1.85000000000000E+0002   0.00000000000000E+0000
 1.86000000000000E+0002   0.00000000000000E+0000
 1.87000000000000E+0002   0.00000000000000E+0000
 1.88000000000000E+0002   0.00000000000000E+0000
 1.89000000000000E+0002   0.00000000000000E+0000
 1.90000000000000E+0002   0.00000000000000E+0000
 1.91000000000000E+0002   0.00000000000000E+0000
 1.92000000000000E+0002   0.00000000000000E+0000
 1.93000000000000E+0002   0.00000000000000E+0000
 1.94000000000000E+0002   0.00000000000000E+0000
 1.95000000000000E+0002   0.00000000000000E+0000
 1.96000000000000E+0002   0.00000000000000E+0000
 1.97000000000000E+0002   0.00000000000000E+0000
 1.98000000000000E+0002   0.00000000000000E+0000
 1.99000000000000E+0002   0.00000000000000E+0000
 2.00000000000000E+0002   0.00000000000000E+0000
 2.01000000000000E+0002   0.00000000000000E+0000
 2.02000000000000E+0002   0.00000000000000E+0000
 2.03000000000000E+0002   0.00000000000000E+0000
 2.04000000000000E+0002   0.00000000000000E+0000
 2.05000000000000E+0002   0.00000000000000E+0000
 2.06000000000000E+0002   0.00000000000000E+0000
 2.07000000000000E+0002   0.00000000000000E+0000
 2.08000000000000E+0002   0.00000000000000E+0000
 2.09000000000000E+0002   0.00000000000000E+0000
 2.10000000000000E+0002   0.00000000000000E+0000
 2.11000000000000E+0002   0.00000000000000E+0000
 2.12000000000000E+0002   0.00000000000000E+0000
 2.13000000000000E+0002   0.00000000000000E+0000
 2.14000000000000E+0002   0.00000000000000E+0000
 2.15000000000000E+0002   0.00000000000000E+0000
 2.16000000000000E+0002   0.00000000000000E+0000
 2.17000000000000E+0002   0.00000000000000E+0000
 2.18000000000000E+0002   0.00000000000000E+0000
 2.19000000000000E+0002   0.00000000000000E+0000
 2.20000000000000E+0002   0.00000000000000E+0000
 2.21000000000000E+0002   0.00000000000000E+0000
 2.22000000000000E+0002   0.00000000000000E+0000
 2.23000000000000E+0002   0.00000000000000E+0000
 2.24000000000000E+0002   0.00000000000000E+0000
 2.25000000000000E+0002   0.00000000000000E+0000
 2.26000000000000E+0002   0.00000000000000E+0000
 2.27000000000000E+0002   0.00000000000000E+0000
 2.28000000000000E+0002   0.00000000000000E+0000
 2.29000000000000E+0002   0.00000000000000E+0000
 2.30000000000000E+0002   0.00000000000000E+0000
 2.31000000000000E+0002   0.00000000000000E+0000
 2.32000000000000E+0002   0.00000000000000E+0000
 2.33000000000000E+0002   0.00000000000000E+0000
 2.34000000000000E+0002   0.00000000000000E+0000
 2.35000000000000E+0002   0.00000000000000E+0000
 2.36000000000000E+0002   0.00000000000000E+0000
 2.37000000000000E+0002   0.00000000000000E+0000
 2.38000000000000E+0002   0.00000000000000E+0000
 2.39000000000000E+0002   0.00000000000000E+0000
 2.40000000000000E+0002   0.00000000000000E+0000
 2.41000000000000E+0002   0.00000000000000E+0000
 2.42000000000000E+0002   0.00000000000000E+0000
 2.43000000000000E+0002   0.00000000000000E+0000
 2.44000000000000E+0002   0.00000000000000E+0000
 2.45000000000000E+0002   0.00000000000000E+0000
 2.46000000000000E+0002   0.00000000000000E+0000
 2.47000000000000E+0002   0.00000000000000E+0000
 2.48000000000000E+0002   0.00000000000000E+0000
 2.49000000000000E+0002   0.00000000000000E+0000
 2.50000000000000E+0002   0.00000000000000E+0000
 2.51000000000000E+0002   0.00000000000000E+0000
 2.52000000000000E+0002   0.00000000000000E+0000
 2.53000000000000E+0002   0.00000000000000E+0000
 2.54000000000000E+0002   0.00000000000000E+0000
 2.55000000000000E+0002   0.00000000000000E+0000
 2.56000000000000E+0002   0.00000000000000E+0000
 2.57000000000000E+0002   0.00000000000000E+0000
 2.58000000000000E+0002   0.00000000000000E+0000
 2.59000000000000E+0002   0.00000000000000E+0000
 2.60000000000000E+0002   0.00000000000000E+0000
 2.61000000000000E+0002   0.00000000000000E+0000
 2.62000000000000E+0002   0.00000000000000E+0000
 2.63000000000000E+0002   0.00000000000000E+0000
 2.64000000000000E+0002   0.00000000000000E+0000
 2.65000000000000E+0002   0.00000000000000E+0000
 2.66000000000000E+0002   0.00000000000000E+0000
 2.67000000000000E+0002   0.00000000000000E+0000
 2.68000000000000E+0002   0.00000000000000E+0000
 2.69000000000000E+0002   0.00000000000000E+0000
 2.70000000000000E+0002   0.00000000000000E+0000
 2.71000000000000E+0002   0.00000000000000E+0000
 2.72000000000000E+0002   0.00000000000000E+0000
 2.73000000000000E+0002   0.00000000000000E+0000
 2.74000000000000E+0002   0.00000000000000E+0000
 2.75000000000000E+0002   0.00000000000000E+0000
 2.76000000000000E+0002   0.00000000000000E+0000
 2.77000000000000E+0002   0.00000000000000E+0000
 2.78000000000000E+0002   0.00000000000000E+0000
 2.79000000000000E+0002   0.00000000000000E+0000
 2.80000000000000E+0002   0.00000000000000E+0000
 2.81000000000000E+0002   0.00000000000000E+0000
 2.82000000000000E+0002   0.00000000000000E+0000
 2.83000000000000E+0002   0.00000000000000E+0000
 2.84000000000000E+0002   0.00000000000000E+0000
 2.85000000000000E+0002   0.00000000000000E+0000
 2.86000000000000E+0002   0.00000000000000E+0000
 2.87000000000000E+0002   0.00000000000000E+0000
 2.88000000000000E+0002   0.00000000000000E+0000
 2.89000000000000E+0002   0.00000000000000E+0000
 2.90000000000000E+0002   0.00000000000000E+0000
 2.91000000000000E+0002   0.00000000000000E+0000
 2.92000000000000E+0002   0.00000000000000E+0000
 2.93000000000000E+0002   0.00000000000000E+0000
 2.94000000000000E+0002   0.00000000000000E+0000
 2.95000000000000E+0002   0.00000000000000E+0000
 2.96000000000000E+0002   0.00000000000000E+0000
 2.97000000000000E+0002   0.00000000000000E+0000
 2.98000000000000E+0002   0.00000000000000E+0000
 2.99000000000000E+0002   0.00000000000000E+0000
 3.00000000000000E+0002   0.00000000000000E+0000
 3.01000000000000E+0002   0.00000000000000E+0000
 3.02000000000000E+0002   0.00000000000000E+0000
 3.03000000000000E+0002   0.00000000000000E+0000
 3.04000000000000E+0002   0.00000000000000E+0000
 3.05000000000000E+0002   0.00000000000000E+0000
 3.06000000000000E+0002   0.00000000000000E+0000
 3.07000000000000E+0002   0.00000000000000E+0000
 3.08000000000000E+0002   0.00000000000000E+0000
 3.09000000000000E+0002   0.00000000000000E+0000
 3.10000000000000E+0002   0.00000000000000E+0000
 3.11000000000000E+0002   0.00000000000000E+0000
 3.12000000000000E+0002   0.00000000000000E+0000
 3.13000000000000E+0002   0.00000000000000E+0000
 3.14000000000000E+0002   0.00000000000000E+0000
 3.15000000000000E+0002   0.00000000000000E+0000
 3.16000000000000E+0002   0.00000000000000E+0000
 3.17000000000000E+0002   0.00000000000000E+0000
 3.18000000000000E+0002   0.00000000000000E+0000
 3.19000000000000E+0002   0.00000000000000E+0000
 3.20000000000000E+0002   0.00000000000000E+0000
 3.21000000000000E+0002   0.00000000000000E+0000
 3.22000000000000E+0002   0.00000000000000E+0000
 3.23000000000000E+0002   0.00000000000000E+0000
 3.24000000000000E+0002   0.00000000000000E+0000
 3.25000000000000E+0002   0.00000000000000E+0000
 3.26000000000000E+0002   0.00000000000000E+0000
 3.27000000000000E+0002   0.00000000000000E+0000
 3.28000000000000E+0002   0.00000000000000E+0000
 3.29000000000000E+0002   0.00000000000000E+0000
 3.30000000000000E+0002   0.00000000000000E+0000
 3.31000000000000E+0002   0.00000000000000E+0000
 3.32000000000000E+0002   0.00000000000000E+0000
 3.33000000000000E+0002   0.00000000000000E+0000
 3.34000000000000E+0002   0.00000000000000E+0000
 3.35000000000000E+0002   0.00000000000000E+0000
 3.36000000000000E+0002   0.00000000000000E+0000
 3.37000000000000E+0002   0.00000000000000E+0000
 3.38000000000000E+0002   0.00000000000000E+0000
 3.39000000000000E+0002   0.00000000000000E+0000
 3.40000000000000E+0002   0.00000000000000E+0000
 3.41000000000000E+0002   0.00000000000000E+0000
 3.42000000000000E+0002   0.00000000000000E+0000
 3.43000000000000E+0002   0.00000000000000E+0000
 3.44000000000000E+0002   0.00000000000000E+0000
 3.45000000000000E+0002   0.00000000000000E+0000
 3.46000000000000E+0002   0.00000000000000E+0000
 3.47000000000000E+0002   0.00000000000000E+0000
 3.48000000000000E+0002   0.00000000000000E+0000
 3.49000000000000E+0002   0.00000000000000E+0000
 3.50000000000000E+0002   0.00000000000000E+0000
 3.51000000000000E+0002   0.00000000000000E+0000
 3.52000000000000E+0002   0.00000000000000E+0000
 3.53000000000000E+0002   0.00000000000000E+0000
 3.54000000000000E+0002   0.00000000000000E+0000
 3.55000000000000E+0002   0.00000000000000E+0000
 3.56000000000000E+0002   0.00000000000000E+0000
 3.57000000000000E+0002   0.00000000000000E+0000
 3.58000000000000E+0002   0.00000000000000E+0000
 3.59000000000000E+0002   0.00000000000000E+0000
 3.60000000000000E+0002   0.00000000000000E+0000
 3.61000000000000E+0002   0.00000000000000E+0000
 3.62000000000000E+0002   0.00000000000000E+0000
 3.63000000000000E+0002   0.00000000000000E+0000
 3.64000000000000E+0002   0.00000000000000E+0000
 3.65000000000000E+0002   0.00000000000000E+0000
 3.66000000000000E+0002   0.00000000000000E+0000
 3.67000000000000E+0002   0.00000000000000E+0000
 3.68000000000000E+0002   0.00000000000000E+0000
 3.69000000000000E+0002   0.00000000000000E+0000
 3.70000000000000E+0002   0.00000000000000E+0000
 3.71000000000000E+0002   0.00000000000000E+0000
 3.72000000000000E+0002   0.00000000000000E+0000
 3.73000000000000E+0002   0.00000000000000E+0000
 3.74000000000000E+0002   0.00000000000000E+0000
 3.75000000000000E+0002   0.00000000000000E+0000
 3.76000000000000E+0002   0.00000000000000E+0000
 3.77000000000000E+0002   0.00000000000000E+0000
 3.78000000000000E+0002   0.00000000000000E+0000
 3.79000000000000E+0002   0.00000000000000E+0000
 3.80000000000000E+0002   0.00000000000000E+0000
 3.81000000000000E+0002   0.00000000000000E+0000
 3.82000000000000E+0002   0.00000000000000E+0000
 3.83000000000000E+0002   0.00000000000000E+0000
 3.84000000000000E+0002   0.00000000000000E+0000
 3.85000000000000E+0002   0.00000000000000E+0000
 3.86000000000000E+0002   0.00000000000000E+0000
 3.87000000000000E+0002   0.00000000000000E+0000
 3.88000000000000E+0002   0.00000000000000E+0000
 3.89000000000000E+0002   0.00000000000000E+0000
 3.90000000000000E+0002   0.00000000000000E+0000
 3.91000000000000E+0002   0.00000000000000E+0000
 3.92000000000000E+0002   0.00000000000000E+0000
 3.93000000000000E+0002   0.00000000000000E+0000
 3.94000000000000E+0002   0.00000000000000E+0000
 3.95000000000000E+0002   0.00000000000000E+0000
 3.96000000000000E+0002   0.00000000000000E+0000
 3.97000000000000E+0002   0.00000000000000E+0000
 3.98000000000000E+0002   0.00000000000000E+0000
 3.99000000000000E+0002   0.00000000000000E+0000
 4.00000000000000E+0002   0.00000000000000E+0000

