 0.00000000000000E+0000   0.00000000000000E+0000
 1.00000000000000E+0000   3.74866570746667E-0020
 2.00000000000000E+0000   4.23449204689875E-0020
 3.00000000000000E+0000   3.49961456357944E-0020
 4.00000000000000E+0000   1.96072491296891E-0020
 5.00000000000000E+0000   0.00000000000000E+0000
 6.00000000000000E+0000   0.00000000000000E+0000
 7.00000000000000E+0000  -1.19457445955796E-0020
 8.00000000000000E+0000   0.00000000000000E+0000
 9.00000000000000E+0000   0.00000000000000E+0000
 1.00000000000000E+0001   0.00000000000000E+0000
 1.10000000000000E+0001   0.00000000000000E+0000
 1.20000000000000E+0001   0.00000000000000E+0000
 1.30000000000000E+0001   0.00000000000000E+0000
 1.40000000000000E+0001  -1.09916262330581E-0020
 1.50000000000000E+0001   0.00000000000000E+0000
 1.60000000000000E+0001   0.00000000000000E+0000
 1.70000000000000E+0001   0.00000000000000E+0000
 1.80000000000000E+0001   0.00000000000000E+0000
 1.90000000000000E+0001   0.00000000000000E+0000
 2.00000000000000E+0001   1.12747605917883E-0020
 2.10000000000000E+0001   1.11986204353475E-0020
 2.20000000000000E+0001   0.00000000000000E+0000
 2.30000000000000E+0001   0.00000000000000E+0000
 2.40000000000000E+0001   0.00000000000000E+0000
 2.50000000000000E+0001   0.00000000000000E+0000
 2.60000000000000E+0001   0.00000000000000E+0000
 2.70000000000000E+0001   0.00000000000000E+0000
 2.80000000000000E+0001   0.00000000000000E+0000
 2.90000000000000E+0001   0.00000000000000E+0000
 3.00000000000000E+0001  -1.79428724827320E-0020
 3.10000000000000E+0001  -3.10909101953139E-0020
 3.20000000000000E+0001  -3.82264494268986E-0020
 3.30000000000000E+0001  -3.59765969732324E-0020
 3.40000000000000E+0001  -2.58704211081297E-0020
 3.50000000000000E+0001  -1.35290049238487E-0020
 3.60000000000000E+0001   0.00000000000000E+0000
 3.70000000000000E+0001   0.00000000000000E+0000
 3.80000000000000E+0001   0.00000000000000E+0000
 3.90000000000000E+0001   0.00000000000000E+0000
 4.00000000000000E+0001   1.43949836759674E-0020
 4.10000000000000E+0001   1.76860139554932E-0020
 4.20000000000000E+0001   1.74810485733070E-0020
 4.30000000000000E+0001   1.36573701700513E-0020
 4.40000000000000E+0001   0.00000000000000E+0000
 4.50000000000000E+0001   0.00000000000000E+0000
 4.60000000000000E+0001  -1.24237491192726E-0020
 4.70000000000000E+0001  -1.91396679332460E-0020
 4.80000000000000E+0001  -1.96012157932440E-0020
 4.90000000000000E+0001  -1.34275392100205E-0020
 5.00000000000000E+0001   0.00000000000000E+0000
 5.10000000000000E+0001   0.00000000000000E+0000
 5.20000000000000E+0001   0.00000000000000E+0000
 5.30000000000000E+0001   0.00000000000000E+0000
 5.40000000000000E+0001  -1.54883713094528E-0020
 5.50000000000000E+0001  -2.81606604226541E-0020
 5.60000000000000E+0001  -3.38335199273868E-0020
 5.70000000000000E+0001  -2.84951230954323E-0020
 5.80000000000000E+0001  -1.37208910275196E-0020
 5.90000000000000E+0001   0.00000000000000E+0000
 6.00000000000000E+0001   1.53466753106185E-0020
 6.10000000000000E+0001   1.69859744753296E-0020
 6.20000000000000E+0001   1.08981160478991E-0020
 6.30000000000000E+0001   0.00000000000000E+0000
 6.40000000000000E+0001   0.00000000000000E+0000
 6.50000000000000E+0001   1.01809164513423E-0020
 6.60000000000000E+0001   1.84335651766278E-0020
 6.70000000000000E+0001   2.27295007976312E-0020
 6.80000000000000E+0001   2.09448445276287E-0020
 6.90000000000000E+0001   1.46989767475539E-0020
 7.00000000000000E+0001   0.00000000000000E+0000
 7.10000000000000E+0001   0.00000000000000E+0000
 7.20000000000000E+0001  -1.16671786834167E-0020
 7.30000000000000E+0001  -1.36186595658481E-0020
 7.40000000000000E+0001   0.00000000000000E+0000
 7.50000000000000E+0001   0.00000000000000E+0000
 7.60000000000000E+0001   2.10252986724270E-0020
 7.70000000000000E+0001   2.40683357264972E-0020
 7.80000000000000E+0001   1.77909174910894E-0020
 7.90000000000000E+0001   0.00000000000000E+0000
 8.00000000000000E+0001   0.00000000000000E+0000
 8.10000000000000E+0001   0.00000000000000E+0000
 8.20000000000000E+0001   0.00000000000000E+0000
 8.30000000000000E+0001  -1.34423550537244E-0020
 8.40000000000000E+0001  -1.69918353094341E-0020
 8.50000000000000E+0001  -1.29804581085669E-0020
 8.60000000000000E+0001   0.00000000000000E+0000
 8.70000000000000E+0001   0.00000000000000E+0000
 8.80000000000000E+0001   0.00000000000000E+0000
 8.90000000000000E+0001   0.00000000000000E+0000
 9.00000000000000E+0001  -1.95865195028035E-0020
 9.10000000000000E+0001  -2.78525518956604E-0020
 9.20000000000000E+0001  -2.12180427449786E-0020
 9.30000000000000E+0001   0.00000000000000E+0000
 9.40000000000000E+0001   1.03147528187597E-0020
 9.50000000000000E+0001   1.80949072292982E-0020
 9.60000000000000E+0001   2.01130630396052E-0020
 9.70000000000000E+0001   2.15434429617265E-0020
 9.80000000000000E+0001   2.47994053956563E-0020
 9.90000000000000E+0001   2.78423644099621E-0020
 1.00000000000000E+0002   2.69316856045689E-0020
 1.01000000000000E+0002   1.99271209491211E-0020
 1.02000000000000E+0002   0.00000000000000E+0000
 1.03000000000000E+0002   0.00000000000000E+0000
 1.04000000000000E+0002  -1.57564908641258E-0020
 1.05000000000000E+0002  -1.84944472282712E-0020
 1.06000000000000E+0002  -1.50442862112695E-0020
 1.07000000000000E+0002  -1.11120997712943E-0020
 1.08000000000000E+0002  -1.28482749054856E-0020
 1.09000000000000E+0002  -2.09826791349088E-0020
 1.10000000000000E+0002  -2.91620397211733E-0020
 1.11000000000000E+0002  -2.91754906294185E-0020
 1.12000000000000E+0002  -1.85260979188468E-0020
 1.13000000000000E+0002   0.00000000000000E+0000
 1.14000000000000E+0002   1.16176272801721E-0020
 1.15000000000000E+0002   2.05595756610738E-0020
 1.16000000000000E+0002   2.48654028708795E-0020
 1.17000000000000E+0002   2.34693287347520E-0020
 1.18000000000000E+0002   1.29746877851805E-0020
 1.19000000000000E+0002   0.00000000000000E+0000
 1.20000000000000E+0002  -2.31992727233552E-0020
 1.21000000000000E+0002  -2.62851561956018E-0020
 1.22000000000000E+0002  -1.13416585048807E-0020
 1.23000000000000E+0002   1.14094152698867E-0020
 1.24000000000000E+0002   2.63655099961874E-0020
 1.25000000000000E+0002   2.59573211263644E-0020
 1.26000000000000E+0002   1.55872361552287E-0020
 1.27000000000000E+0002   0.00000000000000E+0000
 1.28000000000000E+0002   0.00000000000000E+0000
 1.29000000000000E+0002   0.00000000000000E+0000
 1.30000000000000E+0002   0.00000000000000E+0000
 1.31000000000000E+0002   0.00000000000000E+0000
 1.32000000000000E+0002   0.00000000000000E+0000
 1.33000000000000E+0002   0.00000000000000E+0000
 1.34000000000000E+0002   1.11295948326619E-0020
 1.35000000000000E+0002   1.33918595975536E-0020
 1.36000000000000E+0002   0.00000000000000E+0000
 1.37000000000000E+0002  -1.51596812676797E-0020
 1.38000000000000E+0002  -2.21350529198963E-0020
 1.39000000000000E+0002  -1.59264904865970E-0020
 1.40000000000000E+0002   0.00000000000000E+0000
 1.41000000000000E+0002   0.00000000000000E+0000
 1.42000000000000E+0002   0.00000000000000E+0000
 1.43000000000000E+0002   0.00000000000000E+0000
 1.44000000000000E+0002   1.83647479670053E-0020
 1.45000000000000E+0002   3.62588088241009E-0020
 1.46000000000000E+0002   4.28805636795492E-0020
 1.47000000000000E+0002   3.13542825243146E-0020
 1.48000000000000E+0002   0.00000000000000E+0000
 1.49000000000000E+0002   0.00000000000000E+0000
 1.50000000000000E+0002  -2.06286858105007E-0020
 1.51000000000000E+0002  -2.98366622998438E-0020
 1.52000000000000E+0002  -3.87745426560265E-0020
 1.53000000000000E+0002  -4.03857383282635E-0020
 1.54000000000000E+0002  -2.87228402331462E-0020
 1.55000000000000E+0002  -1.00442942854114E-0020
 1.56000000000000E+0002   0.00000000000000E+0000
 1.57000000000000E+0002   0.00000000000000E+0000
 1.58000000000000E+0002   0.00000000000000E+0000
 1.59000000000000E+0002  -1.49245925066495E-0020
 1.60000000000000E+0002  -1.97713371558534E-0020
 1.61000000000000E+0002  -2.03486536688461E-0020
 1.62000000000000E+0002  -1.61822742049175E-0020
 1.63000000000000E+0002  -1.05434966511527E-0020
 1.64000000000000E+0002  -1.01695575613991E-0020
 1.65000000000000E+0002  -1.65800536786057E-0020
 1.66000000000000E+0002  -2.10031596612807E-0020
 1.67000000000000E+0002  -1.31725661919069E-0020
 1.68000000000000E+0002   0.00000000000000E+0000
 1.69000000000000E+0002   2.61846385130528E-0020
 1.70000000000000E+0002   3.63831470218778E-0020
 1.71000000000000E+0002   3.42442777015720E-0020
 1.72000000000000E+0002   2.15954409943991E-0020
 1.73000000000000E+0002   0.00000000000000E+0000
 1.74000000000000E+0002  -2.08216481773731E-0020
 1.75000000000000E+0002  -3.62825847499308E-0020
 1.76000000000000E+0002  -4.03291983301727E-0020
 1.77000000000000E+0002  -3.70016295561328E-0020
 1.78000000000000E+0002  -3.38645186333829E-0020
 1.79000000000000E+0002  -3.30157820883375E-0020
 1.80000000000000E+0002  -3.06364085952541E-0020
 1.81000000000000E+0002  -2.42738117150367E-0020
 1.82000000000000E+0002  -1.62122088635696E-0020
 1.83000000000000E+0002   0.00000000000000E+0000
 1.84000000000000E+0002   0.00000000000000E+0000
 1.85000000000000E+0002   0.00000000000000E+0000
 1.86000000000000E+0002   1.43834448492635E-0020
 1.87000000000000E+0002   1.45125119186494E-0020
 1.88000000000000E+0002   0.00000000000000E+0000
 1.89000000000000E+0002   0.00000000000000E+0000
 1.90000000000000E+0002   0.00000000000000E+0000
 1.91000000000000E+0002   0.00000000000000E+0000
 1.92000000000000E+0002  -1.19935055352802E-0020
 1.93000000000000E+0002  -2.50783583101502E-0020
 1.94000000000000E+0002  -3.26282929162242E-0020
 1.95000000000000E+0002  -2.54861610670816E-0020
 1.96000000000000E+0002   0.00000000000000E+0000
 1.97000000000000E+0002   1.02390536611338E-0020
 1.98000000000000E+0002   1.41105249933174E-0020
 1.99000000000000E+0002   0.00000000000000E+0000
 2.00000000000000E+0002   0.00000000000000E+0000
 2.01000000000000E+0002   0.00000000000000E+0000
 2.02000000000000E+0002   0.00000000000000E+0000
 2.03000000000000E+0002   0.00000000000000E+0000
 2.04000000000000E+0002  -2.00108452052186E-0020
 2.05000000000000E+0002  -3.30789369287615E-0020
 2.06000000000000E+0002  -3.01109988210214E-0020
 2.07000000000000E+0002  -1.10845585460288E-0020
 2.08000000000000E+0002   0.00000000000000E+0000
 2.09000000000000E+0002   0.00000000000000E+0000
 2.10000000000000E+0002   0.00000000000000E+0000
 2.11000000000000E+0002  -1.62687020925988E-0020
 2.12000000000000E+0002   0.00000000000000E+0000
 2.13000000000000E+0002   3.34363753559393E-0020
 2.14000000000000E+0002   6.15620992158648E-0020
 2.15000000000000E+0002   6.49898189976669E-0020
 2.16000000000000E+0002   4.63492400698508E-0020
 2.17000000000000E+0002   1.86097904482291E-0020
 2.18000000000000E+0002   0.00000000000000E+0000
 2.19000000000000E+0002  -2.23920112888701E-0020
 2.20000000000000E+0002  -1.98123850079479E-0020
 2.21000000000000E+0002   0.00000000000000E+0000
 2.22000000000000E+0002   2.33144347119182E-0020
 2.23000000000000E+0002   2.71749321394313E-0020
 2.24000000000000E+0002   0.00000000000000E+0000
 2.25000000000000E+0002   0.00000000000000E+0000
 2.26000000000000E+0002   0.00000000000000E+0000
 2.27000000000000E+0002   3.98830179180800E-0020
 2.28000000000000E+0002   6.30134200158504E-0020
 2.29000000000000E+0002   4.47561844122160E-0020
 2.30000000000000E+0002   0.00000000000000E+0000
 2.31000000000000E+0002  -3.96303365853612E-0020
 2.32000000000000E+0002  -3.51315782238257E-0020
 2.33000000000000E+0002   0.00000000000000E+0000
 2.34000000000000E+0002   3.57329472514877E-0020
 2.35000000000000E+0002   4.67664896102135E-0020
 2.36000000000000E+0002   4.01750043020265E-0020
 2.37000000000000E+0002   3.73577467344813E-0020
 2.38000000000000E+0002   4.11230845600369E-0020
 2.39000000000000E+0002   3.17488485457229E-0020
 2.40000000000000E+0002   0.00000000000000E+0000
 2.41000000000000E+0002  -1.59773681030594E-0020
 2.42000000000000E+0002  -1.61955949458862E-0020
 2.43000000000000E+0002  -1.10947907906202E-0020
 2.44000000000000E+0002  -1.36698430200833E-0020
 2.45000000000000E+0002  -1.31233612808352E-0020
 2.46000000000000E+0002   0.00000000000000E+0000
 2.47000000000000E+0002   1.12958762779598E-0020
 2.48000000000000E+0002   0.00000000000000E+0000
 2.49000000000000E+0002  -3.69535367344525E-0020
 2.50000000000000E+0002  -5.80344643808143E-0020
 2.51000000000000E+0002  -4.58201606705478E-0020
 2.52000000000000E+0002  -1.64591631258168E-0020
 2.53000000000000E+0002   0.00000000000000E+0000
 2.54000000000000E+0002   0.00000000000000E+0000
 2.55000000000000E+0002  -1.67906313102803E-0020
 2.56000000000000E+0002  -1.89004582746081E-0020
 2.57000000000000E+0002  -1.24930213952052E-0020
 2.58000000000000E+0002  -1.03580774637789E-0020
 2.59000000000000E+0002  -1.28526722350044E-0020
 2.60000000000000E+0002   0.00000000000000E+0000
 2.61000000000000E+0002   0.00000000000000E+0000
 2.62000000000000E+0002   0.00000000000000E+0000
 2.63000000000000E+0002   0.00000000000000E+0000
 2.64000000000000E+0002   0.00000000000000E+0000
 2.65000000000000E+0002   0.00000000000000E+0000
 2.66000000000000E+0002   0.00000000000000E+0000
 2.67000000000000E+0002   2.03140693329793E-0020
 2.68000000000000E+0002   2.29460324541093E-0020
 2.69000000000000E+0002   1.42906183701329E-0020
 2.70000000000000E+0002   0.00000000000000E+0000
 2.71000000000000E+0002   0.00000000000000E+0000
 2.72000000000000E+0002   0.00000000000000E+0000
 2.73000000000000E+0002   0.00000000000000E+0000
 2.74000000000000E+0002   0.00000000000000E+0000
 2.75000000000000E+0002  -2.31372123806889E-0020
 2.76000000000000E+0002  -3.18658889454157E-0020
 2.77000000000000E+0002   0.00000000000000E+0000
 2.78000000000000E+0002   1.85777721687681E-0020
 2.79000000000000E+0002   2.32460207603600E-0020
 2.80000000000000E+0002   4.77533930879077E-0020
 2.81000000000000E+0002   1.01377732802257E-0019
 2.82000000000000E+0002   0.00000000000000E+0000
 2.83000000000000E+0002  -5.64409357069737E-0019
 2.84000000000000E+0002  -1.24106091215118E-0018
 2.85000000000000E+0002   3.26480402211092E-0019
 2.86000000000000E+0002   6.89179065840226E-0018
 2.87000000000000E+0002   1.17685962084537E-0017
 2.88000000000000E+0002  -1.14517651412989E-0017
 2.89000000000000E+0002  -8.02972577334700E-0017
 2.90000000000000E+0002  -1.01983676469247E-0016
 2.91000000000000E+0002   1.81938659176229E-0016
 2.92000000000000E+0002   8.36469038054917E-0016
 2.93000000000000E+0002   8.15532648532864E-0016
 2.94000000000000E+0002  -2.17418311569955E-0015
 2.95000000000000E+0002  -7.96184167546981E-0015
 2.96000000000000E+0002  -6.36293042740593E-0015
 2.97000000000000E+0002   2.15630900258397E-0014
 2.98000000000000E+0002   7.02576119129745E-0014
 2.99000000000000E+0002   5.18559111200262E-0014
 3.00000000000000E+0002  -1.82356950371888E-0013
 3.01000000000000E+0002  -5.78032232784053E-0013
 3.02000000000000E+0002  -4.57167387660648E-0013
 3.03000000000000E+0002   1.30416170270956E-0012
 3.04000000000000E+0002   4.40811976024192E-0012
 3.05000000000000E+0002   4.19631257612345E-0012
 3.06000000000000E+0002  -7.47271370971210E-0012
 3.07000000000000E+0002  -3.05197147179507E-0011
 3.08000000000000E+0002  -3.70730683071016E-0011
 3.09000000000000E+0002   2.80502179683875E-0011
 3.10000000000000E+0002   1.84038018951481E-0010
 3.11000000000000E+0002   2.93296268154685E-0010
 3.12000000000000E+0002   2.02467967649840E-0011
 3.13000000000000E+0002  -8.90124096698129E-0010
 3.14000000000000E+0002  -1.95267235329092E-0009
 3.15000000000000E+0002  -1.44673455066115E-0009
 3.16000000000000E+0002   2.73432690056819E-0009
 3.17000000000000E+0002   1.01036068723566E-0008
 3.18000000000000E+0002   1.39860725914310E-0008
 3.19000000000000E+0002   2.04959984923973E-0009
 3.20000000000000E+0002  -3.38179584410793E-0008
 3.21000000000000E+0002  -7.94828288765457E-0008
 3.22000000000000E+0002  -8.62061599377182E-0008
 3.23000000000000E+0002   1.30728314031789E-0008
 3.24000000000000E+0002   2.45046760464083E-0007
 3.25000000000000E+0002   5.15466986631147E-0007
 3.26000000000000E+0002   5.70696031654160E-0007
 3.27000000000000E+0002   8.03356856039540E-0008
 3.28000000000000E+0002  -1.12879888585930E-0006
 3.29000000000000E+0002  -2.76614816659794E-0006
 3.30000000000000E+0002  -3.88855389873712E-0006
 3.31000000000000E+0002  -3.04674017112429E-0006
 3.32000000000000E+0002   1.12683031469946E-0006
 3.33000000000000E+0002   9.00609259188108E-0006
 3.34000000000000E+0002   1.90796193121928E-0005
 3.35000000000000E+0002   2.75224605743574E-0005
 3.36000000000000E+0002   2.85720885501638E-0005
 3.37000000000000E+0002   1.57688551672646E-0005
 3.38000000000000E+0002  -1.62236558318676E-0005
 3.39000000000000E+0002  -6.97693444288265E-0005
 3.40000000000000E+0002  -1.43007159902759E-0004
 3.41000000000000E+0002  -2.29665155314172E-0004
 3.42000000000000E+0002  -3.20071674664367E-0004
 3.43000000000000E+0002  -4.03093057706010E-0004
 3.44000000000000E+0002  -4.68414073520759E-0004
 3.45000000000000E+0002  -5.08472744114632E-0004
 3.46000000000000E+0002  -5.19504481205099E-0004
 3.47000000000000E+0002  -5.01482889914047E-0004
 3.48000000000000E+0002  -4.57136843384414E-0004
 3.49000000000000E+0002  -3.90529513304965E-0004
 3.50000000000000E+0002  -3.05796288032223E-0004
 3.51000000000000E+0002  -2.06519091876526E-0004
 3.52000000000000E+0002  -9.59128213296094E-0005
 3.53000000000000E+0002   2.23667956044557E-0005
 3.54000000000000E+0002   1.43269368158508E-0004
 3.55000000000000E+0002   2.59811689779771E-0004
 3.56000000000000E+0002   3.63367318447787E-0004
 3.57000000000000E+0002   4.44869076310987E-0004
 3.58000000000000E+0002   4.96633504760400E-0004
 3.59000000000000E+0002   5.14236087050543E-0004
 3.60000000000000E+0002   4.97791285946539E-0004
 3.61000000000000E+0002   4.52158568572092E-0004
 3.62000000000000E+0002   3.85951620579678E-0004
 3.63000000000000E+0002   3.09641300393024E-0004
 3.64000000000000E+0002   2.33348447427200E-0004
 3.65000000000000E+0002   1.64993734108321E-0004
 3.66000000000000E+0002   1.09285461816803E-0004
 3.67000000000000E+0002   6.76791480744669E-0005
 3.68000000000000E+0002   3.90994430913274E-0005
 3.69000000000000E+0002   2.10181176190960E-0005
 3.70000000000000E+0002   1.04822785732680E-0005
 3.71000000000000E+0002   4.83406987656313E-0006
 3.72000000000000E+0002   2.05360829797231E-0006
 3.73000000000000E+0002   8.00159561494845E-0007
 3.74000000000000E+0002   2.84510175470152E-0007
 3.75000000000000E+0002   9.17739164271808E-0008
 3.76000000000000E+0002   2.66694519353026E-0008
 3.77000000000000E+0002   6.92405321278877E-0009
 3.78000000000000E+0002   1.58985909169455E-0009
 3.79000000000000E+0002   3.18835464070730E-0010
 3.80000000000000E+0002   5.49667392178277E-0011
 3.81000000000000E+0002   7.97994751432513E-0012
 3.82000000000000E+0002   9.48793503595073E-0013
 3.83000000000000E+0002   8.88078529514582E-0014
 3.84000000000000E+0002   6.16152306350105E-0015
 3.85000000000000E+0002   2.86026570108333E-0016
 3.86000000000000E+0002   7.18952778035119E-0018
 3.87000000000000E+0002   4.84444744003863E-0020
 3.88000000000000E+0002   0.00000000000000E+0000
 3.89000000000000E+0002   0.00000000000000E+0000
 3.90000000000000E+0002   0.00000000000000E+0000
 3.91000000000000E+0002   0.00000000000000E+0000
 3.92000000000000E+0002   0.00000000000000E+0000
 3.93000000000000E+0002   0.00000000000000E+0000
 3.94000000000000E+0002   0.00000000000000E+0000
 3.95000000000000E+0002   0.00000000000000E+0000
 3.96000000000000E+0002   0.00000000000000E+0000
 3.97000000000000E+0002   0.00000000000000E+0000
 3.98000000000000E+0002   0.00000000000000E+0000
 3.99000000000000E+0002   0.00000000000000E+0000
 4.00000000000000E+0002   0.00000000000000E+0000

