   0.000000e+00
   0.000000e+00
   0.000000e+00
   0.000000e+00
   0.000000e+00
   0.000000e+00
   0.000000e+00
   0.000000e+00
   0.000000e+00
   0.000000e+00
   0.000000e+00
   0.000000e+00
   0.000000e+00
   0.000000e+00
   0.000000e+00
   0.000000e+00
   0.000000e+00
   0.000000e+00
   0.000000e+00
   0.000000e+00
   0.000000e+00
   0.000000e+00
   0.000000e+00
   0.000000e+00
   0.000000e+00
   0.000000e+00
   0.000000e+00
   0.000000e+00
   0.000000e+00
   0.000000e+00
   0.000000e+00
   0.000000e+00
   0.000000e+00
   0.000000e+00
   0.000000e+00
   0.000000e+00
   0.000000e+00
   0.000000e+00
   0.000000e+00
   0.000000e+00
   0.000000e+00
   0.000000e+00
   0.000000e+00
   0.000000e+00
   0.000000e+00
   0.000000e+00
   0.000000e+00
   0.000000e+00
   0.000000e+00
   0.000000e+00
   0.000000e+00
   0.000000e+00
   0.000000e+00
   0.000000e+00
   0.000000e+00
   0.000000e+00
   0.000000e+00
   0.000000e+00
   0.000000e+00
   0.000000e+00
   0.000000e+00
   0.000000e+00
   0.000000e+00
   0.000000e+00
   0.000000e+00
   0.000000e+00
   0.000000e+00
   0.000000e+00
   0.000000e+00
   0.000000e+00
   0.000000e+00
   0.000000e+00
   0.000000e+00
   0.000000e+00
   0.000000e+00
   0.000000e+00
   0.000000e+00
   0.000000e+00
   0.000000e+00
   0.000000e+00
   0.000000e+00
   0.000000e+00
   0.000000e+00
   0.000000e+00
   0.000000e+00
   0.000000e+00
   0.000000e+00
   0.000000e+00
   0.000000e+00
   0.000000e+00
   0.000000e+00
   0.000000e+00
   0.000000e+00
   0.000000e+00
   0.000000e+00
   0.000000e+00
   0.000000e+00
   0.000000e+00
   0.000000e+00
   0.000000e+00
   0.000000e+00
   0.000000e+00
   0.000000e+00
   0.000000e+00
   0.000000e+00
   0.000000e+00
   0.000000e+00
   0.000000e+00
   0.000000e+00
   0.000000e+00
   0.000000e+00
   0.000000e+00
   0.000000e+00
   0.000000e+00
   0.000000e+00
   0.000000e+00
   0.000000e+00
   0.000000e+00
   0.000000e+00
   0.000000e+00
   0.000000e+00
   0.000000e+00
   0.000000e+00
   0.000000e+00
   0.000000e+00
   0.000000e+00
   0.000000e+00
   0.000000e+00
   0.000000e+00
   0.000000e+00
   0.000000e+00
   0.000000e+00
   0.000000e+00
   0.000000e+00
   0.000000e+00
   0.000000e+00
   0.000000e+00
   0.000000e+00
   0.000000e+00
   0.000000e+00
   0.000000e+00
   0.000000e+00
   0.000000e+00
   0.000000e+00
   0.000000e+00
   0.000000e+00
   0.000000e+00
   0.000000e+00
   0.000000e+00
   0.000000e+00
   0.000000e+00
   0.000000e+00
   0.000000e+00
   0.000000e+00
   0.000000e+00
   0.000000e+00
   0.000000e+00
   0.000000e+00
   0.000000e+00
   0.000000e+00
   0.000000e+00
   0.000000e+00
   0.000000e+00
   0.000000e+00
   0.000000e+00
   0.000000e+00
   0.000000e+00
   0.000000e+00
   0.000000e+00
   0.000000e+00
   0.000000e+00
   0.000000e+00
   0.000000e+00
   0.000000e+00
   0.000000e+00
   0.000000e+00
   0.000000e+00
   0.000000e+00
   0.000000e+00
   0.000000e+00
   0.000000e+00
   0.000000e+00
   0.000000e+00
   0.000000e+00
   0.000000e+00
   0.000000e+00
   0.000000e+00
   0.000000e+00
   0.000000e+00
   0.000000e+00
   2.718769e-22
   5.784322e-19
   2.949274e-17
   4.115346e-16
   2.960024e-15
   1.428801e-14
   5.285619e-14
   1.616795e-13
   4.288163e-13
   1.017878e-12
   2.210835e-12
   4.465360e-12
   8.488902e-12
   1.533153e-11
   2.649947e-11
   4.409115e-11
   7.095718e-11
   1.108859e-10
   1.688157e-10
   2.510744e-10
   3.656484e-10
   5.224799e-10
   7.337945e-10
   1.014459e-09
   1.382370e-09
   1.858872e-09
   2.469205e-09
   3.242987e-09
   4.214721e-09
   5.424334e-09
   6.917746e-09
   8.747467e-09
   1.097322e-08
   1.366259e-08
   1.689170e-08
   2.074594e-08
   2.532064e-08
   3.072188e-08
   3.706720e-08
   4.448646e-08
   5.312259e-08
   6.313246e-08
   7.468770e-08
   8.797558e-08
   1.031999e-07
   1.205817e-07
   1.403605e-07
   1.627949e-07
   1.881637e-07
   2.167664e-07
   2.489248e-07
   2.849832e-07
   3.253099e-07
   3.702977e-07
   4.203648e-07
   4.759560e-07
   5.375435e-07
   6.056274e-07
   6.807369e-07
   7.634310e-07
   8.542994e-07
   9.539631e-07
   1.063075e-06
   1.182322e-06
   1.312422e-06
   1.454130e-06
   1.608233e-06
   1.775556e-06
   1.956958e-06
   2.153334e-06
   2.365616e-06
   2.594775e-06
   2.841815e-06
   3.107781e-06
   3.393754e-06
   3.700852e-06
   4.030231e-06
   4.383086e-06
   4.760647e-06
   5.164181e-06
   5.594992e-06
   6.054419e-06
   6.543838e-06
   7.064658e-06
   7.618323e-06
   8.206307e-06
   8.830118e-06
   9.491294e-06
   1.019140e-05
   1.093203e-05
   1.171481e-05
   1.254137e-05
   1.341338e-05
   1.433253e-05
   1.530052e-05
   1.631907e-05
   1.738990e-05
   1.851475e-05
   1.969537e-05
   2.093350e-05
   2.223090e-05
   2.358930e-05
   2.501045e-05
   2.649606e-05
   2.804785e-05
   2.966750e-05
   3.135669e-05
   3.311704e-05
   3.495016e-05
   3.685761e-05
   3.884091e-05
   4.090153e-05
   4.304089e-05
   4.526034e-05
   4.756118e-05
   4.994462e-05
   5.241181e-05
   5.496380e-05
   5.760156e-05
   6.032597e-05
   6.313781e-05
   6.603774e-05
   6.902632e-05
   7.210399e-05
   7.527106e-05
   7.852772e-05
   8.187403e-05
   8.530989e-05
   8.883508e-05
   9.244921e-05
   9.615177e-05
   9.994205e-05
   1.038192e-04
   1.077823e-04
   1.118300e-04
   1.159612e-04
   1.201741e-04
   1.244673e-04
   1.288388e-04
   1.332867e-04
   1.378087e-04
   1.424025e-04
   1.470656e-04
   1.517954e-04
   1.565890e-04
   1.614435e-04
   1.663557e-04
   1.713223e-04
   1.763401e-04
   1.814055e-04
   1.865149e-04
   1.916645e-04
   1.968505e-04
   2.020690e-04
   2.073160e-04
   2.125875e-04
   2.178792e-04
   2.231871e-04
   2.285070e-04
   2.338346e-04
   2.391658e-04
   2.444962e-04
   2.498218e-04
   2.551383e-04
   2.604416e-04
   2.657276e-04
   2.709923e-04
   2.762317e-04
   2.814420e-04
   2.866193e-04
   2.917601e-04
   2.968608e-04
   3.019178e-04
   3.069279e-04
   3.118878e-04
   3.167946e-04
   3.216453e-04
   3.264371e-04
   3.311674e-04
   3.358337e-04
   3.404337e-04
   3.449652e-04
   3.494263e-04
   3.538149e-04
   3.581295e-04
   3.623685e-04
   3.665304e-04
   3.706140e-04
   3.746181e-04
   3.785418e-04
   3.823841e-04
   3.861444e-04
   3.898219e-04
   3.934164e-04
   3.969272e-04
   4.003543e-04
   4.036974e-04
   4.069564e-04
   4.101313e-04
   4.132223e-04
   4.162296e-04
   4.191533e-04
   4.219938e-04
   4.247516e-04
   4.274269e-04
   4.300204e-04
   4.325326e-04
   4.349640e-04
   4.373152e-04
   4.395871e-04
   4.417801e-04
   4.438950e-04
   4.459326e-04
   4.478936e-04
   4.497787e-04
   4.515887e-04
   4.533244e-04
   4.549866e-04
   4.565761e-04
   4.580936e-04
   4.595398e-04
   4.609157e-04
   4.622219e-04
   4.634591e-04
   4.646282e-04
   4.657299e-04
   4.667648e-04
   4.677336e-04
   4.686370e-04
   4.694757e-04
   4.702503e-04
   4.709613e-04
   4.716095e-04
   4.721952e-04
   4.727191e-04
   4.731817e-04
   4.735833e-04
   4.739245e-04
   4.742056e-04
   4.744271e-04
   4.745892e-04
   4.746923e-04
   4.747366e-04
   4.747224e-04
   4.746499e-04
   4.745191e-04
   4.743302e-04
   4.740833e-04
   4.737784e-04
   4.734155e-04
   4.729945e-04
   4.725153e-04
   4.719777e-04
   4.713815e-04
   4.707265e-04
   4.700123e-04
   4.692386e-04
   4.684049e-04
   4.675107e-04
   4.665556e-04
   4.655388e-04
   4.644598e-04
   4.633177e-04
   4.621119e-04
   4.608414e-04
   4.595053e-04
   4.581026e-04
   4.566323e-04
   4.550931e-04
   4.534840e-04
   4.518035e-04
   4.500503e-04
   4.482230e-04
   4.463200e-04
   4.443397e-04
   4.422805e-04
   4.401405e-04
   4.379180e-04
   4.356109e-04
   4.332173e-04
   4.307351e-04
   4.281620e-04
   4.254958e-04
   4.227342e-04
   4.198747e-04
   4.169148e-04
   4.138518e-04
   4.106833e-04
   4.074063e-04
   4.040181e-04
   4.005158e-04
   3.968964e-04
   3.931570e-04
   3.892945e-04
   3.853058e-04
   3.811877e-04
   3.769371e-04
   3.725508e-04
   3.680254e-04
   3.633579e-04
   3.585450e-04
   3.535835e-04
   3.484702e-04
   3.432020e-04
   3.377758e-04
   3.321888e-04
   3.264379e-04
   3.205205e-04
   3.144338e-04
   3.081756e-04
   3.017434e-04
   2.951352e-04
   2.883493e-04
   2.813840e-04
   2.742381e-04
   2.669107e-04
   2.594012e-04
   2.517094e-04
   2.438356e-04
   2.357804e-04
   2.275452e-04
   2.191315e-04
   2.105418e-04
   2.017788e-04
   1.928461e-04
   1.837478e-04
   1.744888e-04
   1.650746e-04
   1.555116e-04
   1.458066e-04
   1.359675e-04
   1.260029e-04
   1.159220e-04
   1.057350e-04
   9.545264e-05
   8.508649e-05
   7.464882e-05
   6.415253e-05
   5.361116e-05
   4.303878e-05
   3.244997e-05
   2.185971e-05
   1.128330e-05
   7.363027e-07
  -9.765617e-06
  -2.020675e-05
  -3.057150e-05
  -4.084444e-05
  -5.101048e-05
  -6.105500e-05
  -7.096390e-05
  -8.072376e-05
  -9.032194e-05
  -9.974668e-05
  -1.089872e-04
  -1.180337e-04
  -1.268775e-04
  -1.355111e-04
  -1.439282e-04
  -1.521235e-04
  -1.600932e-04
  -1.678345e-04
  -1.753457e-04
  -1.826263e-04
  -1.896768e-04
  -1.964986e-04
  -2.030942e-04
  -2.094668e-04
  -2.156202e-04
  -2.215592e-04
  -2.272887e-04
  -2.328144e-04
  -2.381423e-04
  -2.432786e-04
  -2.482297e-04
  -2.530023e-04
  -2.576032e-04
  -2.620389e-04
  -2.663163e-04
  -2.704419e-04
  -2.744222e-04
  -2.782635e-04
  -2.819722e-04
  -2.855541e-04
  -2.890150e-04
  -2.923606e-04
  -2.955962e-04
  -2.987268e-04
  -3.017574e-04
  -3.046926e-04
  -3.075369e-04
  -3.102945e-04
  -3.129692e-04
  -3.155651e-04
  -3.180855e-04
  -3.205339e-04
  -3.229134e-04
  -3.252272e-04
  -3.274779e-04
  -3.296684e-04
  -3.318011e-04
  -3.338784e-04
  -3.359025e-04
  -3.378757e-04
  -3.397997e-04
  -3.416766e-04
  -3.435080e-04
  -3.452957e-04
  -3.470412e-04
  -3.487459e-04
  -3.504113e-04
  -3.520386e-04
  -3.536291e-04
  -3.551838e-04
  -3.567040e-04
  -3.581906e-04
  -3.596446e-04
  -3.610668e-04
  -3.624582e-04
  -3.638195e-04
  -3.651515e-04
  -3.664549e-04
  -3.677303e-04
  -3.689784e-04
  -3.701998e-04
  -3.713950e-04
  -3.725645e-04
  -3.737089e-04
  -3.748287e-04
  -3.759241e-04
  -3.769957e-04
  -3.780439e-04
  -3.790689e-04
  -3.800712e-04
  -3.810510e-04
  -3.820087e-04
  -3.829446e-04
  -3.838588e-04
  -3.847517e-04
  -3.856234e-04
  -3.864742e-04
  -3.873042e-04
  -3.881137e-04
  -3.889028e-04
  -3.896717e-04
  -3.904204e-04
  -3.911491e-04
  -3.918579e-04
  -3.925469e-04
  -3.932161e-04
  -3.938657e-04
  -3.944956e-04
  -3.951059e-04
  -3.956967e-04
  -3.962678e-04
  -3.968194e-04
  -3.973513e-04
  -3.978635e-04
  -3.983560e-04
  -3.988287e-04
  -3.992815e-04
  -3.997142e-04
  -4.001268e-04
  -4.005191e-04
  -4.008909e-04
  -4.012420e-04
  -4.015723e-04
  -4.018815e-04
  -4.021694e-04
  -4.024356e-04
  -4.026799e-04
  -4.029019e-04
  -4.031014e-04
  -4.032780e-04
  -4.034312e-04
  -4.035606e-04
  -4.036658e-04
  -4.037463e-04
  -4.038016e-04
  -4.038312e-04
  -4.038345e-04
  -4.038108e-04
  -4.037596e-04
  -4.036802e-04
  -4.035719e-04
  -4.034339e-04
  -4.032655e-04
  -4.030659e-04
  -4.028342e-04
  -4.025695e-04
  -4.022709e-04
  -4.019374e-04
  -4.015680e-04
  -4.011617e-04
  -4.007173e-04
  -4.002337e-04
  -3.997097e-04
  -3.991441e-04
  -3.985356e-04
  -3.978828e-04
  -3.971844e-04
  -3.964389e-04
  -3.956449e-04
  -3.948008e-04
  -3.939050e-04
  -3.929560e-04
  -3.919519e-04
  -3.908911e-04
  -3.897718e-04
  -3.885921e-04
  -3.873501e-04
  -3.860438e-04
  -3.846714e-04
  -3.832306e-04
  -3.817194e-04
  -3.801357e-04
  -3.784771e-04
  -3.767416e-04
  -3.749266e-04
  -3.730301e-04
  -3.710494e-04
  -3.689823e-04
  -3.668262e-04
  -3.645787e-04
  -3.622372e-04
  -3.597993e-04
  -3.572623e-04
  -3.546237e-04
  -3.518810e-04
  -3.490315e-04
  -3.460728e-04
  -3.430023e-04
  -3.398175e-04
  -3.365160e-04
  -3.330954e-04
  -3.295535e-04
  -3.258879e-04
  -3.220966e-04
  -3.181775e-04
  -3.141289e-04
  -3.099491e-04
  -3.056364e-04
  -3.011898e-04
  -2.966081e-04
  -2.918906e-04
  -2.870367e-04
  -2.820463e-04
  -2.769196e-04
  -2.716573e-04
  -2.662604e-04
  -2.607303e-04
  -2.550691e-04
  -2.492793e-04
  -2.433641e-04
  -2.373273e-04
  -2.311733e-04
  -2.249072e-04
  -2.185350e-04
  -2.120633e-04
  -2.054995e-04
  -1.988520e-04
  -1.921299e-04
  -1.853433e-04
  -1.785029e-04
  -1.716206e-04
  -1.647089e-04
  -1.577813e-04
  -1.508520e-04
  -1.439360e-04
  -1.370488e-04
  -1.302067e-04
  -1.234262e-04
  -1.167245e-04
  -1.101186e-04
  -1.036259e-04
  -9.726339e-05
  -9.104800e-05
  -8.499599e-05
  -7.912295e-05
  -7.344355e-05
  -6.797133e-05
  -6.271849e-05
  -5.769573e-05
  -5.291205e-05
  -4.837463e-05
  -4.408872e-05
  -4.005755e-05
  -3.628230e-05
  -3.276210e-05
  -2.949411e-05
  -2.647357e-05
  -2.369395e-05
  -2.114715e-05
  -1.882366e-05
  -1.671280e-05
  -1.480294e-05
  -1.308179e-05
  -1.153659e-05
  -1.015438e-05
  -8.922215e-06
  -7.827319e-06
  -6.857305e-06
  -6.000286e-06
  -5.244987e-06
  -4.580830e-06
  -3.997982e-06
  -3.487387e-06
  -3.040765e-06
  -2.650606e-06
  -2.310141e-06
  -2.013304e-06
  -1.754688e-06
  -1.529496e-06
  -1.333490e-06
  -1.162936e-06
  -1.014557e-06
  -8.854831e-07
  -7.732044e-07
  -6.755319e-07
  -5.905577e-07
  -5.166207e-07
  -4.522759e-07
  -3.962670e-07
  -3.475020e-07
  -3.050318e-07
  -2.680320e-07
  -2.357861e-07
  -2.076716e-07
  -1.831477e-07
  -1.617444e-07
  -1.430534e-07
  -1.267198e-07
  -1.124354e-07
  -9.993248e-08
  -8.897830e-08
  -7.937094e-08
  -7.093503e-08
  -6.351837e-08
  -5.698890e-08
  -5.123207e-08
  -4.614856e-08
  -4.165224e-08
  -3.766846e-08
  -3.413255e-08
  -3.098844e-08
  -2.818751e-08
  -2.568763e-08
  -2.345225e-08
  -2.144963e-08
  -1.965219e-08
  -1.803595e-08
  -1.658001e-08
  -1.526615e-08
  -1.407846e-08
  -1.300298e-08
  -1.202750e-08
  -1.114129e-08
  -1.033490e-08
  -9.600000e-09
  -8.929245e-09
  -8.316129e-09
  -7.754887e-09
  -7.240406e-09
  -6.768138e-09
  -6.334037e-09
  -5.934492e-09
  -5.566280e-09
  -5.226517e-09
  -4.912620e-09
  -4.622271e-09
  -4.353390e-09
  -4.104103e-09
  -3.872724e-09
  -3.657730e-09
  -3.457749e-09
  -3.271535e-09
  -3.097965e-09
  -2.936017e-09
  -2.784764e-09
  -2.643366e-09
  -2.511055e-09
  -2.387135e-09
  -2.270967e-09
  -2.161972e-09
  -2.059618e-09
  -1.963419e-09
  -1.872929e-09
  -1.787742e-09
  -1.707482e-09
  -1.631805e-09
  -1.560395e-09
  -1.492960e-09
  -1.429232e-09
  -1.368964e-09
  -1.311927e-09
  -1.257911e-09
  -1.206720e-09
  -1.158173e-09
  -1.112104e-09
  -1.068358e-09
  -1.026791e-09
  -9.872685e-10
  -9.496679e-10
  -9.138735e-10
  -8.797779e-10
  -8.472812e-10
  -8.162905e-10
  -7.867190e-10
  -7.584855e-10
  -7.315146e-10
  -7.057354e-10
  -6.810821e-10
  -6.574927e-10
  -6.349094e-10
  -6.132780e-10
  -5.925476e-10
  -5.726706e-10
  -5.536023e-10
  -5.353006e-10
  -5.177262e-10
  -5.008420e-10
  -4.846130e-10
  -4.690064e-10
  -4.539914e-10
  -4.395388e-10
  -4.256213e-10
  -4.122129e-10
  -3.992893e-10
  -3.868275e-10
  -3.748057e-10
  -3.632035e-10
  -3.520015e-10
  -3.411812e-10
  -3.307256e-10
  -3.206180e-10
  -3.108431e-10
  -3.013863e-10
  -2.922335e-10
  -2.833717e-10
  -2.747885e-10
  -2.664720e-10
  -2.584110e-10
  -2.505951e-10
  -2.430141e-10
  -2.356586e-10
  -2.285195e-10
  -2.215882e-10
  -2.148568e-10
  -2.083175e-10
  -2.019630e-10
  -1.957864e-10
  -1.897812e-10
  -1.839411e-10
  -1.782603e-10
  -1.727332e-10
  -1.673545e-10
  -1.621192e-10
  -1.570226e-10
  -1.520601e-10
  -1.472275e-10
  -1.425208e-10
  -1.379361e-10
  -1.334699e-10
  -1.291187e-10
  -1.248793e-10
  -1.207486e-10
  -1.167238e-10
  -1.128020e-10
  -1.089808e-10
  -1.052577e-10
  -1.016303e-10
  -9.809642e-11
  -9.465406e-11
  -9.130123e-11
  -8.803605e-11
  -8.485676e-11
  -8.176167e-11
  -7.874920e-11
  -7.581782e-11
  -7.296607e-11
  -7.019256e-11
  -6.749596e-11
  -6.487498e-11
  -6.232839e-11
  -5.985498e-11
  -5.745358e-11
  -5.512307e-11
  -5.286233e-11
  -5.067027e-11
  -4.854580e-11
  -4.648786e-11
  -4.449539e-11
  -4.256734e-11
  -4.070264e-11
  -3.890023e-11
  -3.715905e-11
  -3.547803e-11
  -3.385607e-11
  -3.229208e-11
  -3.078495e-11
  -2.933356e-11
  -2.793676e-11
  -2.659340e-11
  -2.530231e-11
  -2.406229e-11
  -2.287215e-11
  -2.173067e-11
  -2.063662e-11
  -1.958875e-11
  -1.858582e-11
  -1.762657e-11
  -1.670973e-11
  -1.583403e-11
  -1.499819e-11
  -1.420094e-11
  -1.344101e-11
  -1.271713e-11
  -1.202804e-11
  -1.137249e-11
  -1.074924e-11
  -1.015706e-11
  -9.594747e-12
  -9.061107e-12
  -8.554966e-12
  -8.075176e-12
  -7.620610e-12
  -7.190165e-12
  -6.782767e-12
  -6.397369e-12
  -6.032952e-12
  -5.688525e-12
  -5.363132e-12
  -5.055843e-12
  -4.765762e-12
  -4.492024e-12
  -4.233796e-12
  -3.990276e-12
  -3.760695e-12
  -3.544314e-12
  -3.340426e-12
  -3.148354e-12
  -2.967452e-12
  -2.797102e-12
  -2.636715e-12
  -2.485732e-12
  -2.343620e-12
  -2.209871e-12
  -2.084005e-12
  -1.965566e-12
  -1.854121e-12
  -1.749261e-12
  -1.650598e-12
  -1.557766e-12
  -1.470419e-12
  -1.388231e-12
  -1.310892e-12
  -1.238112e-12
  -1.169617e-12
  -1.105149e-12
  -1.044465e-12
  -9.873353e-13
  -9.335454e-13
  -8.828927e-13
  -8.351869e-13
  -7.902493e-13
  -7.479117e-13
  -7.080165e-13
  -6.704155e-13
  -6.349696e-13
  -6.015483e-13
  -5.700291e-13
  -5.402970e-13
  -5.122442e-13
  -4.857696e-13
  -4.607783e-13
  -4.371813e-13
  -4.148951e-13
  -3.938414e-13
  -3.739468e-13
  -3.551425e-13
  -3.373638e-13
  -3.205502e-13
  -3.046450e-13
  -2.895947e-13
  -2.753495e-13
  -2.618623e-13
  -2.490892e-13
  -2.369889e-13
  -2.255227e-13
  -2.146541e-13
  -2.043490e-13
  -1.945754e-13
  -1.853031e-13
  -1.765038e-13
  -1.681510e-13
  -1.602198e-13
  -1.526867e-13
  -1.455296e-13
  -1.387278e-13
  -1.322619e-13
  -1.261135e-13
  -1.202654e-13
  -1.147014e-13
  -1.094061e-13
  -1.043654e-13
  -9.956552e-14
  -9.499388e-14
  -9.063846e-14
  -8.648796e-14
  -8.253173e-14
  -7.875973e-14
  -7.516252e-14
  -7.173117e-14
  -6.845727e-14
  -6.533289e-14
  -6.235053e-14
  -5.950314e-14
  -5.678403e-14
  -5.418692e-14
  -5.170584e-14
  -4.933518e-14
  -4.706962e-14
  -4.490415e-14
  -4.283402e-14
  -4.085473e-14
  -3.896204e-14
  -3.715194e-14
  -3.542062e-14
  -3.376448e-14
  -3.218012e-14
  -3.066430e-14
  -2.921397e-14
  -2.782622e-14
  -2.649832e-14
  -2.522765e-14
  -2.401174e-14
  -2.284824e-14
  -2.173493e-14
  -2.066968e-14
  -1.965050e-14
  -1.867546e-14
  -1.774275e-14
  -1.685064e-14
  -1.599748e-14
  -1.518171e-14
  -1.440181e-14
  -1.365638e-14
  -1.294405e-14
  -1.226351e-14
  -1.161353e-14
  -1.099291e-14
  -1.040051e-14
  -9.835252e-15
  -9.296078e-15
  -8.781985e-15
  -8.292010e-15
  -7.825223e-15
  -7.380731e-15
  -6.957674e-15
  -6.555220e-15
  -6.172568e-15
  -5.808945e-15
  -5.463601e-15
  -5.135813e-15
  -4.824878e-15
  -4.530117e-15
  -4.250871e-15
  -3.986500e-15
  -3.736384e-15
  -3.499920e-15
  -3.276524e-15
  -3.065627e-15
  -2.866677e-15
  -2.679138e-15
  -2.502491e-15
  -2.336228e-15
  -2.179862e-15
  -2.032915e-15
  -1.894928e-15
  -1.765454e-15
  -1.644062e-15
  -1.530333e-15
  -1.423866e-15
  -1.324271e-15
  -1.231172e-15
  -1.144210e-15
  -1.063038e-15
  -9.873223e-16
  -9.167439e-16
  -8.509973e-16
  -7.897905e-16
  -7.328445e-16
  -6.798937e-16
  -6.306851e-16
  -5.849784e-16
  -5.425454e-16
  -5.031703e-16
  -4.666485e-16
  -4.327869e-16
  -4.014036e-16
  -3.723270e-16
  -3.453956e-16
  -3.204580e-16
  -2.973720e-16
  -2.760044e-16
  -2.562307e-16
  -2.379343e-16
  -2.210066e-16
  -2.053461e-16
  -1.908585e-16
  -1.774560e-16
  -1.650568e-16
  -1.535852e-16
  -1.429707e-16
  -1.331481e-16
  -1.240569e-16
  -1.156412e-16
  -1.078491e-16
  -1.006329e-16
  -9.394817e-17
  -8.775411e-17
  -8.201294e-17
  -7.668985e-17
  -7.175270e-17
  -6.717185e-17
  -6.291997e-17
  -5.897187e-17
  -5.530433e-17
  -5.189597e-17
  -4.872706e-17
  -4.577946e-17
  -4.303643e-17
  -4.048255e-17
  -3.810362e-17
  -3.588657e-17
  -3.381934e-17
  -3.189081e-17
  -3.009076e-17
  -2.840973e-17
  -2.683904e-17
  -2.537066e-17
  -2.399718e-17
  -2.271178e-17
  -2.150816e-17
  -2.038050e-17
  -1.932343e-17
  -1.833199e-17
  -1.740159e-17
  -1.652799e-17
  -1.570729e-17
  -1.493585e-17
  -1.421033e-17
  -1.352761e-17
  -1.288482e-17
  -1.227930e-17
  -1.170858e-17
  -1.117038e-17
  -1.066256e-17
  -1.018316e-17
  -9.730341e-18
  -9.302415e-18
  -8.897797e-18
  -8.515021e-18
  -8.152719e-18
  -7.809622e-18
  -7.484545e-18
  -7.176388e-18
  -6.884122e-18
  -6.606792e-18
  -6.343503e-18
  -6.093422e-18
  -5.855772e-18
  -5.629825e-18
  -5.414904e-18
  -5.210372e-18
  -5.015636e-18
  -4.830140e-18
  -4.653365e-18
  -4.484822e-18
  -4.324056e-18
  -4.170638e-18
  -4.024166e-18
  -3.884265e-18
  -3.750579e-18
  -3.622777e-18
  -3.500547e-18
  -3.383594e-18
  -3.271644e-18
  -3.164436e-18
  -3.061726e-18
  -2.963283e-18
  -2.868891e-18
  -2.778346e-18
  -2.691453e-18
  -2.608032e-18
  -2.527910e-18
  -2.450925e-18
  -2.376925e-18
  -2.305765e-18
  -2.237307e-18
  -2.171422e-18
  -2.107988e-18
  -2.046889e-18
  -1.988015e-18
  -1.931262e-18
  -1.876531e-18
  -1.823729e-18
  -1.772767e-18
  -1.723560e-18
  -1.676030e-18
  -1.630100e-18
  -1.585698e-18
  -1.542755e-18
  -1.501206e-18
  -1.460989e-18
  -1.422046e-18
  -1.384319e-18
  -1.347756e-18
  -1.312305e-18
  -1.277917e-18
  -1.244548e-18
  -1.212151e-18
  -1.180685e-18
  -1.150110e-18
  -1.120388e-18
  -1.091481e-18
  -1.063355e-18
  -1.035975e-18
  -1.009311e-18
  -9.833305e-19
  -9.580053e-19
  -9.333071e-19
  -9.092091e-19
  -8.856855e-19
  -8.627120e-19
  -8.402649e-19
  -8.183219e-19
  -7.968614e-19
  -7.758629e-19
  -7.553066e-19
  -7.351740e-19
  -7.154469e-19
  -6.961083e-19
  -6.771418e-19
  -6.585319e-19
  -6.402637e-19
  -6.223232e-19
  -6.046969e-19
  -5.873723e-19
  -5.703373e-19
  -5.535807e-19
  -5.370918e-19
  -5.208609e-19
  -5.048786e-19
  -4.891364e-19
  -4.736265e-19
  -4.583416e-19
  -4.432753e-19
  -4.284219e-19
  -4.137762e-19
  -3.993340e-19
  -3.850915e-19
  -3.710461e-19
  -3.571954e-19
  -3.435382e-19
  -3.300739e-19
  -3.168027e-19
  -3.037257e-19
  -2.908445e-19
  -2.781619e-19
  -2.656812e-19
  -2.534067e-19
  -2.413433e-19
  -2.294968e-19
  -2.178738e-19
  -2.064814e-19
  -1.953276e-19
  -1.844209e-19
  -1.737703e-19
  -1.633855e-19
  -1.532764e-19
  -1.434533e-19
  -1.339266e-19
  -1.247068e-19
  -1.158042e-19
  -1.072289e-19
  -9.899064e-20
  -9.109835e-20
  -8.356028e-20
  -7.638363e-20
  -6.957441e-20
  -6.313722e-20
  -5.707509e-20
  -5.138930e-20
  -4.607926e-20
  -4.114237e-20
  -3.657398e-20
  -3.236732e-20
  -2.851351e-20
  -2.500167e-20
  -2.181896e-20
  -1.895077e-20
  -1.638096e-20
  -1.409204e-20
  -1.206551e-20
  -1.028213e-20
  -8.722245e-21
  -7.366121e-21
  -6.194226e-21
  -5.187527e-21
  -4.327745e-21
  -3.597560e-21
  -2.980783e-21
  -2.462477e-21
  -2.029026e-21
  -1.668169e-21
  -1.368991e-21
  -1.121875e-21
  -9.184395e-22
  -7.514449e-22
  -6.146974e-22
  -5.029400e-22
  -4.117454e-22
  -3.374103e-22
  -2.768568e-22
  -2.275409e-22
  -1.873698e-22
  -1.546296e-22
  -1.279213e-22
  -1.061068e-22
  -8.826203e-23
  -7.363818e-23
  -6.162941e-23
  -5.174579e-23
  -4.359136e-23
  -3.684607e-23
  -3.125114e-23
  -2.659716e-23
  -2.271450e-23
  -1.946557e-23
  -1.673862e-23
  -1.444269e-23
  -1.250363e-23
  -1.086085e-23
  -9.464729e-24
  -8.274542e-24
  -7.256781e-24
  -6.383805e-24
  -5.632753e-24
  -4.984672e-24
  -4.423804e-24
  -3.937012e-24
  -3.513317e-24
  -3.143517e-24
  -2.819878e-24
  -2.535887e-24
  -2.286036e-24
  -2.065664e-24
  -1.870811e-24
  -1.698104e-24
  -1.544665e-24
  -1.408031e-24
  -1.286088e-24
  -1.177019e-24
  -1.079257e-24
  -9.914480e-25
  -9.124197e-25
  -8.411543e-25
  -7.767661e-25
  -7.184832e-25
  -6.656310e-25
  -6.176189e-25
  -5.739288e-25
  -5.341050e-25
  -4.977463e-25
  -4.644986e-25
  -4.340487e-25
  -4.061194e-25
  -3.804644e-25
  -3.568649e-25
  -3.351262e-25
  -3.150743e-25
  -2.965540e-25
  -2.794263e-25
  -2.635667e-25
  -2.488633e-25
  -2.352156e-25
  -2.225331e-25
  -2.107342e-25
  -1.997451e-25
  -1.894992e-25
  -1.799362e-25
  -1.710014e-25
  -1.626452e-25
  -1.548224e-25
  -1.474918e-25
  -1.406162e-25
  -1.341614e-25
  -1.280962e-25
  -1.223920e-25
  -1.170228e-25
  -1.119647e-25
  -1.071957e-25
  -1.026957e-25
  -9.844614e-26
  -9.443003e-26
  -9.063166e-26
  -8.703655e-26
  -8.363136e-26
  -8.040375e-26
  -7.734231e-26
  -7.443649e-26
  -7.167652e-26
  -6.905334e-26
  -6.655854e-26
  -6.418432e-26
  -6.192343e-26
  -5.976911e-26
  -5.771510e-26
  -5.575554e-26
  -5.388498e-26
  -5.209834e-26
  -5.039087e-26
  -4.875813e-26
  -4.719597e-26
  -4.570052e-26
  -4.426815e-26
  -4.289544e-26
  -4.157922e-26
  -4.031648e-26
  -3.910442e-26
  -3.794040e-26
  -3.682194e-26
  -3.574672e-26
  -3.471252e-26
  -3.371730e-26
  -3.275910e-26
  -3.183609e-26
  -3.094653e-26
  -3.008880e-26
  -2.926135e-26
  -2.846273e-26
  -2.769156e-26
  -2.694654e-26
  -2.622643e-26
  -2.553008e-26
  -2.485637e-26
  -2.420425e-26
  -2.357275e-26
  -2.296091e-26
  -2.236785e-26
  -2.179272e-26
  -2.123471e-26
  -2.069306e-26
  -2.016704e-26
  -1.965597e-26
  -1.915918e-26
  -1.867606e-26
  -1.820601e-26
  -1.774846e-26
  -1.730289e-26
  -1.686877e-26
  -1.644562e-26
  -1.603297e-26
  -1.563040e-26
  -1.523746e-26
  -1.485378e-26
  -1.447895e-26
  -1.411263e-26
  -1.375447e-26
  -1.340414e-26
  -1.306132e-26
  -1.272573e-26
  -1.239708e-26
  -1.207510e-26
  -1.175955e-26
  -1.145018e-26
  -1.114676e-26
  -1.084909e-26
  -1.055697e-26
  -1.027019e-26
  -9.988595e-27
  -9.712006e-27
  -9.440271e-27
  -9.173244e-27
  -8.910792e-27
  -8.652791e-27
  -8.399126e-27
  -8.149693e-27
  -7.904399e-27
  -7.663157e-27
  -7.425892e-27
  -7.192536e-27
  -6.963032e-27
  -6.737330e-27
  -6.515388e-27
  -6.297173e-27
  -6.082659e-27
  -5.871828e-27
  -5.664670e-27
  -5.461180e-27
  -5.261361e-27
  -5.065222e-27
  -4.872776e-27
  -4.684044e-27
  -4.499050e-27
  -4.317823e-27
  -4.140395e-27
  -3.966802e-27
  -3.797082e-27
  -3.631275e-27
  -3.469423e-27
  -3.311567e-27
  -3.157750e-27
  -3.008013e-27
  -2.862395e-27
  -2.720932e-27
  -2.583660e-27
  -2.450608e-27
  -2.321802e-27
  -2.197263e-27
  -2.077005e-27
  -1.961036e-27
  -1.849358e-27
  -1.741964e-27
  -1.638842e-27
  -1.539967e-27
  -1.445310e-27
  -1.354832e-27
  -1.268484e-27
  -1.186210e-27
  -1.107944e-27
  -1.033614e-27
  -9.631377e-28
  -8.964262e-28
  -8.333834e-28
  -7.739066e-28
  -7.178873e-28
  -6.652116e-28
  -6.157611e-28
  -5.694137e-28
  -5.260442e-28
  -4.855255e-28
  -4.477286e-28
  -4.125241e-28
  -3.797829e-28
  -3.493762e-28
  -3.211770e-28
  -2.950602e-28
  -2.709034e-28
  -2.485874e-28
  -2.279962e-28
  -2.090181e-28
  -1.915453e-28
  -1.754747e-28
  -1.607077e-28
  -1.471505e-28
  -1.347141e-28
  -1.233144e-28
  -1.128722e-28
  -1.033130e-28
  -9.456681e-29
  -8.656853e-29
  -7.925730e-29
  -7.257650e-29
  -6.647361e-29
  -6.089999e-29
  -5.581067e-29
  -5.116414e-29
  -4.692218e-29
  -4.304963e-29
  -3.951421e-29
  -3.628630e-29
  -3.333878e-29
  -3.064682e-29
  -2.818774e-29
  -2.594082e-29
  -2.388714e-29
  -2.200948e-29
  -2.029212e-29
  -1.872076e-29
  -1.728238e-29
  -1.596514e-29
  -1.475825e-29
  -1.365191e-29
  -1.263724e-29
  -1.170612e-29
  -1.085119e-29
  -1.006578e-29
  -9.343808e-30
  -8.679744e-30
  -8.068571e-30
  -7.505724e-30
  -6.987054e-30
  -6.508786e-30
  -6.067486e-30
  -5.660030e-30
  -5.283576e-30
  -4.935532e-30
  -4.613541e-30
  -4.315453e-30
  -4.039309e-30
  -3.783322e-30
  -3.545862e-30
  -3.325441e-30
  -3.120699e-30
  -2.930394e-30
  -2.753391e-30
  -2.588651e-30
  -2.435224e-30
  -2.292240e-30
  -2.158901e-30
  -2.034476e-30
  -1.918295e-30
  -1.809743e-30
  -1.708255e-30
  -1.613311e-30
  -1.524436e-30
  -1.441189e-30
  -1.363167e-30
  -1.289998e-30
  -1.221339e-30
  -1.156874e-30
  -1.096312e-30
  -1.039384e-30
  -9.858407e-31
  -9.354529e-31
  -8.880081e-31
  -8.433100e-31
  -8.011765e-31
  -7.614394e-31
  -7.239423e-31
  -6.885407e-31
  -6.551001e-31
  -6.234958e-31
  -5.936121e-31
  -5.653414e-31
  -5.385834e-31
  -5.132452e-31
  -4.892401e-31
  -4.664873e-31
  -4.449117e-31
  -4.244430e-31
  -4.050160e-31
  -3.865696e-31
  -3.690467e-31
  -3.523942e-31
  -3.365623e-31
  -3.215044e-31
  -3.071770e-31
  -2.935394e-31
  -2.805534e-31
  -2.681833e-31
  -2.563956e-31
  -2.451588e-31
  -2.344434e-31
  -2.242220e-31
  -2.144683e-31
  -2.051581e-31
  -1.962684e-31
  -1.877777e-31
  -1.796656e-31
  -1.719131e-31
  -1.645023e-31
  -1.574162e-31
  -1.506389e-31
  -1.441553e-31
  -1.379513e-31
  -1.320136e-31
  -1.263294e-31
  -1.208870e-31
  -1.156751e-31
  -1.106829e-31
  -1.059006e-31
  -1.013186e-31
  -9.692785e-32
  -9.271991e-32
  -8.868672e-32
  -8.482062e-32
  -8.111438e-32
  -7.756115e-32
  -7.415441e-32
  -7.088797e-32
  -6.775597e-32
  -6.475282e-32
  -6.187322e-32
  -5.911211e-32
  -5.646470e-32
  -5.392641e-32
  -5.149287e-32
  -4.915992e-32
  -4.692359e-32
  -4.478009e-32
  -4.272579e-32
  -4.075723e-32
  -3.887109e-32
  -3.706420e-32
  -3.533351e-32
  -3.367611e-32
  -3.208919e-32
  -3.057007e-32
  -2.911617e-32
  -2.772499e-32
  -2.639415e-32
  -2.512135e-32
  -2.390438e-32
  -2.274108e-32
  -2.162942e-32
  -2.056738e-32
  -1.955307e-32
  -1.858462e-32
  -1.766024e-32
  -1.677820e-32
  -1.593683e-32
  -1.513451e-32
  -1.436967e-32
  -1.364081e-32
  -1.294646e-32
  -1.228520e-32
  -1.165567e-32
  -1.105654e-32
  -1.048652e-32
  -9.944387e-33
  -9.428937e-33
  -8.939014e-33
  -8.473501e-33
  -8.031319e-33
  -7.611427e-33
  -7.212821e-33
  -6.834531e-33
  -6.475624e-33
  -6.135201e-33
  -5.812396e-33
  -5.506374e-33
  -5.216337e-33
  -4.941513e-33
  -4.681163e-33
  -4.434578e-33
  -4.201077e-33
  -3.980008e-33
  -3.770747e-33
  -3.572695e-33
  -3.385280e-33
  -3.207957e-33
  -3.040202e-33
  -2.881518e-33
  -2.731428e-33
  -2.589480e-33
  -2.455242e-33
  -2.328301e-33
  -2.208268e-33
  -2.094770e-33
  -1.987452e-33
  -1.885980e-33
  -1.790034e-33
  -1.699311e-33
  -1.613524e-33
  -1.532401e-33
  -1.455684e-33
  -1.383129e-33
  -1.314504e-33
  -1.249591e-33
  -1.188182e-33
  -1.130082e-33
  -1.075105e-33
  -1.023077e-33
  -9.738327e-34
  -9.272154e-34
  -8.830781e-34
  -8.412816e-34
  -8.016946e-34
  -7.641934e-34
  -7.286609e-34
  -6.949870e-34
  -6.630678e-34
  -6.328051e-34
  -6.041066e-34
  -5.768851e-34
  -5.510586e-34
  -5.265494e-34
  -5.032848e-34
  -4.811958e-34
  -4.602177e-34
  -4.402894e-34
  -4.213531e-34
  -4.033548e-34
  -3.862432e-34
  -3.699701e-34
  -3.544900e-34
  -3.397601e-34
  -3.257400e-34
  -3.123915e-34
  -2.996788e-34
  -2.875680e-34
  -2.760272e-34
  -2.650262e-34
  -2.545366e-34
  -2.445315e-34
  -2.349857e-34
  -2.258752e-34
  -2.171776e-34
  -2.088715e-34
  -2.009368e-34
  -1.933545e-34
  -1.861068e-34
  -1.791766e-34
  -1.725479e-34
  -1.662057e-34
  -1.601355e-34
  -1.543239e-34
  -1.487581e-34
  -1.434260e-34
  -1.383161e-34
  -1.334175e-34
  -1.287201e-34
  -1.242140e-34
  -1.198902e-34
  -1.157398e-34
  -1.117547e-34
  -1.079270e-34
  -1.042492e-34
  -1.007144e-34
  -9.731582e-35
  -9.404721e-35
  -9.090254e-35
  -8.787611e-35
  -8.496250e-35
  -8.215659e-35
  -7.945349e-35
  -7.684856e-35
  -7.433741e-35
  -7.191585e-35
  -6.957989e-35
  -6.732576e-35
  -6.514986e-35
  -6.304876e-35
  -6.101922e-35
  -5.905812e-35
  -5.716253e-35
  -5.532964e-35
  -5.355676e-35
  -5.184137e-35
  -5.018103e-35
  -4.857343e-35
  -4.701638e-35
  -4.550779e-35
  -4.404565e-35
  -4.262806e-35
  -4.125322e-35
  -3.991939e-35
  -3.862494e-35
  -3.736829e-35
  -3.614796e-35
  -3.496252e-35
  -3.381061e-35
  -3.269096e-35
  -3.160234e-35
  -3.054357e-35
  -2.951356e-35
  -2.851124e-35
  -2.753562e-35
  -2.658574e-35
  -2.566071e-35
  -2.475968e-35
  -2.388182e-35
  -2.302639e-35
  -2.219266e-35
  -2.137994e-35
  -2.058761e-35
  -1.981506e-35
  -1.906172e-35
  -1.832707e-35
  -1.761062e-35
  -1.691191e-35
  -1.623052e-35
  -1.556606e-35
  -1.491816e-35
  -1.428650e-35
  -1.367077e-35
  -1.307072e-35
  -1.248608e-35
  -1.191666e-35
  -1.136224e-35
  -1.082267e-35
  -1.029781e-35
  -9.787514e-36
  -9.291694e-36
  -8.810260e-36
  -8.343143e-36
  -7.890287e-36
  -7.451650e-36
  -7.027201e-36
  -6.616916e-36
  -6.220778e-36
  -5.838772e-36
  -5.470885e-36
  -5.117099e-36
  -4.777395e-36
  -4.451742e-36
  -4.140100e-36
  -3.842416e-36
  -3.558617e-36
  -3.288613e-36
  -3.032290e-36
  -2.789509e-36
  -2.560105e-36
  -2.343883e-36
  -2.140616e-36
  -1.950048e-36
  -1.771889e-36
  -1.605817e-36
  -1.451479e-36
  -1.308491e-36
  -1.176440e-36
  -1.054886e-36
  -9.433669e-37
  -8.413990e-37
  -7.484828e-37
  -6.641061e-37
  -5.877490e-37
  -5.188882e-37
  -4.570014e-37
  -4.015719e-37
  -3.520927e-37
  -3.080705e-37
  -2.690293e-37
  -2.345131e-37
  -2.040890e-37
  -1.773484e-37
  -1.539094e-37
  -1.334166e-37
  -1.155425e-37
  -9.998676e-38
  -8.647571e-38
  -7.476180e-38
  -6.462218e-38
  -5.585747e-38
  -4.829011e-38
  -4.176282e-38
  -3.613689e-38
  -3.129047e-38
  -2.711699e-38
  -2.352353e-38
  -2.042934e-38
  -1.776445e-38
  -1.546839e-38
  -1.348901e-38
  -1.178142e-38
  -1.030705e-38
  -9.032803e-39
  -7.930300e-39
  -6.975244e-39
  -6.146836e-39
  -5.427282e-39
  -4.801361e-39
  -4.256050e-39
  -3.780211e-39
  -3.364309e-39
  -3.000180e-39
  -2.680831e-39
  -2.400263e-39
  -2.153330e-39
  -1.935612e-39
  -1.743306e-39
  -1.573139e-39
  -1.422292e-39
  -1.288330e-39
  -1.169149e-39
  -1.062930e-39
  -9.680940e-40
  -8.832733e-40
  -8.072780e-40
  -7.390729e-40
  -6.777552e-40
  -6.225373e-40
  -5.727300e-40
  -5.277301e-40
  -4.870085e-40
  -4.501003e-40
  -4.165965e-40
  -3.861370e-40
  -3.584035e-40
  -3.331152e-40
  -3.100232e-40
  -2.889069e-40
  -2.695707e-40
  -2.518403e-40
  -2.355608e-40
  -2.205940e-40
  -2.068164e-40
  -1.941176e-40
  -1.823989e-40
  -1.715716e-40
  -1.615561e-40
  -1.522809e-40
  -1.436815e-40
  -1.357001e-40
  -1.282840e-40
  -1.213860e-40
  -1.149632e-40
  -1.089769e-40
  -1.033918e-40
  -9.817590e-41
  -9.330023e-41
  -8.873831e-41
  -8.446604e-41
  -8.046146e-41
  -7.670448e-41
  -7.317677e-41
  -6.986154e-41
  -6.674342e-41
  -6.380832e-41
  -6.104329e-41
  -5.843645e-41
  -5.597688e-41
  -5.365451e-41
  -5.146008e-41
  -4.938504e-41
  -4.742151e-41
  -4.556220e-41
  -4.380038e-41
  -4.212982e-41
  -4.054474e-41
  -3.903980e-41
  -3.761003e-41
  -3.625084e-41
  -3.495793e-41
  -3.372733e-41
  -3.255534e-41
  -3.143851e-41
  -3.037363e-41
  -2.935770e-41
  -2.838793e-41
  -2.746171e-41
  -2.657659e-41
  -2.573030e-41
  -2.492071e-41
  -2.414580e-41
  -2.340372e-41
  -2.269270e-41
  -2.201109e-41
  -2.135736e-41
  -2.073004e-41
  -2.012777e-41
  -1.954927e-41
  -1.899332e-41
  -1.845880e-41
  -1.794462e-41
  -1.744978e-41
  -1.697332e-41
  -1.651434e-41
  -1.607199e-41
  -1.564548e-41
  -1.523403e-41
  -1.483694e-41
  -1.445351e-41
  -1.408312e-41
  -1.372514e-41
  -1.337900e-41
  -1.304415e-41
  -1.272008e-41
  -1.240628e-41
  -1.210229e-41
  -1.180766e-41
  -1.152197e-41
  -1.124481e-41
  -1.097580e-41
  -1.071458e-41
  -1.046079e-41
  -1.021410e-41
  -9.974203e-42
  -9.740789e-42
  -9.513570e-42
  -9.292272e-42
  -9.076632e-42
  -8.866398e-42
  -8.661330e-42
  -8.461199e-42
  -8.265784e-42
  -8.074875e-42
  -7.888272e-42
  -7.705782e-42
  -7.527220e-42
  -7.352410e-42
  -7.181184e-42
  -7.013380e-42
  -6.848844e-42
  -6.687426e-42
  -6.528987e-42
  -6.373390e-42
  -6.220508e-42
  -6.070215e-42
  -5.922396e-42
  -5.776937e-42
  -5.633733e-42
  -5.492682e-42
  -5.353689e-42
  -5.216663e-42
  -5.081518e-42
  -4.948175e-42
  -4.816559e-42
  -4.686599e-42
  -4.558232e-42
  -4.431397e-42
  -4.306040e-42
  -4.182113e-42
  -4.059572e-42
  -3.938378e-42
  -3.818499e-42
  -3.699909e-42
  -3.582585e-42
  -3.466512e-42
  -3.351680e-42
  -3.238085e-42
  -3.125729e-42
  -3.014622e-42
  -2.904775e-42
  -2.796211e-42
  -2.688956e-42
  -2.583042e-42
  -2.478507e-42
  -2.375397e-42
  -2.273761e-42
  -2.173655e-42
  -2.075141e-42
  -1.978284e-42
  -1.883155e-42
  -1.789829e-42
  -1.698384e-42
  -1.608901e-42
  -1.521465e-42
  -1.436160e-42
  -1.353071e-42
  -1.272284e-42
  -1.193883e-42
  -1.117948e-42
  -1.044559e-42
  -9.737880e-43
  -9.057020e-43
  -8.403615e-43
  -7.778183e-43
  -7.181149e-43
  -6.612837e-43
  -6.073458e-43
  -5.563100e-43
  -5.081730e-43
  -4.629180e-43
  -4.205153e-43
  -3.809218e-43
  -3.440816e-43
  -3.099262e-43
  -2.783753e-43
  -2.493378e-43
  -2.227128e-43
  -1.983913e-43
  -1.762569e-43
  -1.561880e-43
  -1.380590e-43
  -1.217421e-43
  -1.071088e-43
  -9.403120e-44
  -8.238362e-44
  -7.204372e-44
  -6.289359e-44
  -5.482061e-44
  -4.771822e-44
  -4.148636e-44
  -3.603190e-44
  -3.126878e-44
  -2.711804e-44
  -2.350772e-44
  -2.037270e-44
  -1.765435e-44
  -1.530020e-44
  -1.326354e-44
  -1.150299e-44
  -9.982030e-45
  -8.668599e-45
  -7.534622e-45
  -6.555608e-45
  -5.710257e-45
  -4.980093e-45
  -4.349123e-45
  -3.803537e-45
  -3.331425e-45
  -2.922535e-45
  -2.568050e-45
  -2.260393e-45
  -1.993061e-45
  -1.760472e-45
  -1.557838e-45
  -1.381051e-45
  -1.226587e-45
  -1.091421e-45
  -9.729577e-46
  -8.689663e-46
  -7.775304e-46
  -6.970012e-46
  -6.259594e-46
  -5.631819e-46
  -5.076137e-46
  -4.583436e-46
  -4.145840e-46
  -3.756530e-46
  -3.409596e-46
  -3.099910e-46
  -2.823013e-46
  -2.575028e-46
  -2.352574e-46
  -2.152702e-46
  -1.972834e-46
  -1.810713e-46
  -1.664363e-46
  -1.532047e-46
  -1.412241e-46
  -1.303600e-46
  -1.204941e-46
  -1.115218e-46
  -1.033508e-46
  -9.589915e-47
  -8.909433e-47
  -8.287192e-47
  -7.717461e-47
  -7.195139e-47
  -6.715679e-47
  -6.275019e-47
  -5.869528e-47
  -5.495955e-47
  -5.151388e-47
  -4.833210e-47
  -4.539072e-47
  -4.266857e-47
  -4.014662e-47
  -3.780766e-47
  -3.563617e-47
  -3.361812e-47
  -3.174079e-47
  -2.999268e-47
  -2.836332e-47
  -2.684323e-47
  -2.542377e-47
  -2.409709e-47
  -2.285602e-47
  -2.169403e-47
  -2.060516e-47
  -1.958395e-47
  -1.862542e-47
  -1.772498e-47
  -1.687846e-47
  -1.608200e-47
  -1.533208e-47
  -1.462544e-47
  -1.395911e-47
  -1.333032e-47
  -1.273655e-47
  -1.217545e-47
  -1.164486e-47
  -1.114279e-47
  -1.066738e-47
  -1.021693e-47
  -9.789856e-48
  -9.384690e-48
  -9.000070e-48
  -8.634731e-48
  -8.287499e-48
  -7.957282e-48
  -7.643063e-48
  -7.343897e-48
  -7.058901e-48
  -6.787255e-48
  -6.528192e-48
  -6.280995e-48
  -6.044996e-48
  -5.819571e-48
  -5.604134e-48
  -5.398139e-48
  -5.201074e-48
  -5.012459e-48
  -4.831844e-48
  -4.658807e-48
  -4.492953e-48
  -4.333909e-48
  -4.181326e-48
  -4.034876e-48
  -3.894250e-48
  -3.759159e-48
  -3.629328e-48
  -3.504500e-48
  -3.384433e-48
  -3.268899e-48
  -3.157681e-48
  -3.050577e-48
  -2.947395e-48
  -2.847954e-48
  -2.752082e-48
  -2.659619e-48
  -2.570412e-48
  -2.484316e-48
  -2.401195e-48
  -2.320921e-48
  -2.243370e-48
  -2.168428e-48
  -2.095986e-48
  -2.025939e-48
  -1.958189e-48
  -1.892645e-48
  -1.829217e-48
  -1.767822e-48
  -1.708382e-48
  -1.650820e-48
  -1.595067e-48
  -1.541055e-48
  -1.488719e-48
  -1.438000e-48
  -1.388838e-48
  -1.341180e-48
  -1.294974e-48
  -1.250171e-48
  -1.206722e-48
  -1.164585e-48
  -1.123716e-48
  -1.084076e-48
  -1.045626e-48
  -1.008329e-48
  -9.721513e-49
  -9.370594e-49
  -9.030217e-49
  -8.700084e-49
  -8.379905e-49
  -8.069409e-49
  -7.768332e-49
  -7.476423e-49
  -7.193443e-49
  -6.919160e-49
  -6.653354e-49
  -6.395811e-49
  -6.146328e-49
  -5.904705e-49
  -5.670752e-49
  -5.444285e-49
  -5.225125e-49
  -5.013098e-49
  -4.808034e-49
  -4.609771e-49
  -4.418147e-49
  -4.233006e-49
  -4.054193e-49
  -3.881560e-49
  -3.714958e-49
  -3.554241e-49
  -3.399267e-49
  -3.249895e-49
  -3.105986e-49
  -2.967401e-49
  -2.834006e-49
  -2.705665e-49
  -2.582246e-49
  -2.463616e-49
  -2.349645e-49
  -2.240203e-49
  -2.135161e-49
  -2.034394e-49
  -1.937774e-49
  -1.845177e-49
  -1.756479e-49
  -1.671558e-49
  -1.590293e-49
  -1.512566e-49
  -1.438257e-49
  -1.367251e-49
  -1.299433e-49
  -1.234690e-49
  -1.172911e-49
  -1.113988e-49
  -1.057813e-49
  -1.004281e-49
  -9.532893e-50
  -9.047379e-50
  -8.585284e-50
  -8.145649e-50
  -7.727541e-50
  -7.330049e-50
  -6.952291e-50
  -6.593407e-50
  -6.252564e-50
  -5.928956e-50
  -5.621800e-50
  -5.330343e-50
  -5.053853e-50
  -4.791628e-50
  -4.542989e-50
  -4.307284e-50
  -4.083884e-50
  -3.872188e-50
  -3.671615e-50
  -3.481611e-50
  -3.301643e-50
  -3.131204e-50
  -2.969806e-50
  -2.816983e-50
  -2.672292e-50
  -2.535309e-50
  -2.405630e-50
  -2.282870e-50
  -2.166662e-50
  -2.056658e-50
  -1.952526e-50
  -1.853951e-50
  -1.760634e-50
  -1.672291e-50
  -1.588653e-50
  -1.509463e-50
  -1.434479e-50
  -1.363472e-50
  -1.296225e-50
  -1.232532e-50
  -1.172197e-50
  -1.115038e-50
  -1.060878e-50
  -1.009554e-50
  -9.609100e-51
  -9.147983e-51
  -8.710800e-51
  -8.296238e-51
  -7.903054e-51
  -7.530077e-51
  -7.176200e-51
  -6.840378e-51
  -6.521626e-51
  -6.219011e-51
  -5.931655e-51
  -5.658730e-51
  -5.399452e-51
  -5.153083e-51
  -4.918926e-51
  -4.696324e-51
  -4.484655e-51
  -4.283334e-51
  -4.091809e-51
  -3.909558e-51
  -3.736089e-51
  -3.570936e-51
  -3.413661e-51
  -3.263851e-51
  -3.121114e-51
  -2.985082e-51
  -2.855405e-51
  -2.731755e-51
  -2.613822e-51
  -2.501310e-51
  -2.393944e-51
  -2.291460e-51
  -2.193612e-51
  -2.100166e-51
  -2.010899e-51
  -1.925604e-51
  -1.844082e-51
  -1.766146e-51
  -1.691620e-51
  -1.620337e-51
  -1.552137e-51
  -1.486872e-51
  -1.424400e-51
  -1.364586e-51
  -1.307304e-51
  -1.252433e-51
  -1.199860e-51
  -1.149476e-51
  -1.101181e-51
  -1.054876e-51
  -1.010470e-51
  -9.678770e-52
  -9.270137e-52
  -8.878023e-52
  -8.501688e-52
  -8.140431e-52
  -7.793586e-52
  -7.460521e-52
  -7.140638e-52
  -6.833369e-52
  -6.538175e-52
  -6.254544e-52
  -5.981991e-52
  -5.720055e-52
  -5.468299e-52
  -5.226307e-52
  -4.993685e-52
  -4.770058e-52
  -4.555071e-52
  -4.348385e-52
  -4.149679e-52
  -3.958647e-52
  -3.775001e-52
  -3.598463e-52
  -3.428771e-52
  -3.265675e-52
  -3.108938e-52
  -2.958333e-52
  -2.813644e-52
  -2.674666e-52
  -2.541202e-52
  -2.413067e-52
  -2.290079e-52
  -2.172070e-52
  -2.058875e-52
  -1.950338e-52
  -1.846308e-52
  -1.746641e-52
  -1.651199e-52
  -1.559848e-52
  -1.472460e-52
  -1.388910e-52
  -1.309078e-52
  -1.232847e-52
  -1.160105e-52
  -1.090741e-52
  -1.024648e-52
  -9.617225e-53
  -9.018611e-53
  -8.449640e-53
  -7.909330e-53
  -7.396715e-53
  -6.910848e-53
  -6.450793e-53
  -6.015630e-53
  -5.604450e-53
  -5.216355e-53
  -4.850461e-53
  -4.505894e-53
  -4.181790e-53
  -3.877298e-53
  -3.591576e-53
  -3.323797e-53
  -3.073146e-53
  -2.838819e-53
  -2.620029e-53
  -2.416004e-53
  -2.225985e-53
  -2.049236e-53
  -1.885033e-53
  -1.732676e-53
  -1.591483e-53
  -1.460794e-53
  -1.339970e-53
  -1.228397e-53
  -1.125481e-53
  -1.030656e-53
  -9.433780e-54
  -8.631280e-54
  -7.894126e-54
  -7.217626e-54
  -6.597339e-54
  -6.029069e-54
  -5.508861e-54
  -5.032997e-54
  -4.597988e-54
  -4.200571e-54
  -3.837701e-54
  -3.506538e-54
  -3.204445e-54
  -2.928974e-54
  -2.677859e-54
  -2.449006e-54
  -2.240484e-54
  -2.050514e-54
  -1.877460e-54
  -1.719820e-54
  -1.576219e-54
  -1.445397e-54
  -1.326201e-54
  -1.217578e-54
  -1.118570e-54
  -1.028300e-54
  -9.459725e-55
  -8.708616e-55
  -8.023080e-55
  -7.397126e-55
  -6.825310e-55
  -6.302693e-55
  -5.824790e-55
  -5.387535e-55
  -4.987237e-55
  -4.620553e-55
  -4.284451e-55
  -3.976180e-55
  -3.693248e-55
  -3.433396e-55
  -3.194576e-55
  -2.974929e-55
  -2.772772e-55
  -2.586575e-55
  -2.414952e-55
  -2.256643e-55
  -2.110507e-55
  -1.975506e-55
  -1.850695e-55
  -1.735217e-55
  -1.628293e-55
  -1.529214e-55
  -1.437333e-55
  -1.352062e-55
  -1.272865e-55
  -1.199254e-55
  -1.130782e-55
  -1.067042e-55
  -1.007664e-55
  -9.523061e-56
  -9.006591e-56
  -8.524382e-56
  -8.073833e-56
  -7.652559e-56
  -7.258374e-56
  -6.889273e-56
  -6.543416e-56
  -6.219111e-56
  -5.914805e-56
  -5.629069e-56
  -5.360586e-56
  -5.108147e-56
  -4.870633e-56
  -4.647017e-56
  -4.436348e-56
  -4.237750e-56
  -4.050411e-56
  -3.873582e-56
  -3.706572e-56
  -3.548737e-56
  -3.399483e-56
  -3.258261e-56
  -3.124558e-56
  -2.997900e-56
  -2.877848e-56
  -2.763992e-56
  -2.655951e-56
  -2.553371e-56
  -2.455924e-56
  -2.363302e-56
  -2.275219e-56
  -2.191408e-56
  -2.111620e-56
  -2.035623e-56
  -1.963200e-56
  -1.894148e-56
  -1.828276e-56
  -1.765408e-56
  -1.705377e-56
  -1.648028e-56
  -1.593213e-56
  -1.540797e-56
  -1.490650e-56
  -1.442652e-56
  -1.396690e-56
  -1.352657e-56
  -1.310452e-56
  -1.269983e-56
  -1.231159e-56
  -1.193898e-56
  -1.158121e-56
  -1.123753e-56
  -1.090725e-56
  -1.058970e-56
  -1.028426e-56
  -9.990348e-57
  -9.707398e-57
  -9.434888e-57
  -9.172320e-57
  -8.919221e-57
  -8.675147e-57
  -8.439675e-57
  -8.212404e-57
  -7.992954e-57
  -7.780965e-57
  -7.576096e-57
  -7.378021e-57
  -7.186433e-57
  -7.001038e-57
  -6.821557e-57
  -6.647727e-57
  -6.479293e-57
  -6.316017e-57
  -6.157669e-57
  -6.004032e-57
  -5.854897e-57
  -5.710067e-57
  -5.569352e-57
  -5.432572e-57
  -5.299554e-57
  -5.170135e-57
  -5.044155e-57
  -4.921466e-57
  -4.801923e-57
  -4.685388e-57
  -4.571729e-57
  -4.460822e-57
  -4.352544e-57
  -4.246780e-57
  -4.143419e-57
  -4.042356e-57
  -3.943488e-57
  -3.846719e-57
  -3.751954e-57
  -3.659105e-57
  -3.568085e-57
  -3.478814e-57
  -3.391211e-57
  -3.305203e-57
  -3.220718e-57
  -3.137686e-57
  -3.056043e-57
  -2.975727e-57
  -2.896677e-57
  -2.818839e-57
  -2.742159e-57
  -2.666586e-57
  -2.592073e-57
  -2.518576e-57
  -2.446053e-57
  -2.374467e-57
  -2.303780e-57
  -2.233962e-57
  -2.164982e-57
  -2.096814e-57
  -2.029436e-57
  -1.962828e-57
  -1.896974e-57
  -1.831860e-57
  -1.767477e-57
  -1.703820e-57
  -1.640886e-57
  -1.578677e-57
  -1.517199e-57
  -1.456462e-57
  -1.396477e-57
  -1.337265e-57
  -1.278844e-57
  -1.221243e-57
  -1.164489e-57
  -1.108618e-57
  -1.053665e-57
  -9.996739e-58
  -9.466882e-58
  -8.947565e-58
  -8.439301e-58
  -7.942630e-58
  -7.458113e-58
  -6.986329e-58
  -6.527868e-58
  -6.083323e-58
  -5.653285e-58
  -5.238332e-58
  -4.839021e-58
  -4.455880e-58
  -4.089396e-58
  -3.740003e-58
  -3.408076e-58
  -3.093918e-58
  -2.797751e-58
  -2.519707e-58
  -2.259819e-58
  -2.018019e-58
  -1.794129e-58
  -1.587862e-58
  -1.398822e-58
  -1.226504e-58
  -1.070305e-58
  -9.295279e-59
  -8.033927e-59
  -6.910513e-59
  -5.916004e-59
  -5.040979e-59
  -4.275789e-59
  -3.610723e-59
  -3.036164e-59
  -2.542737e-59
  -2.121434e-59
  -1.763723e-59
  -1.461632e-59
  -1.207811e-59
  -9.955647e-60
  -8.188690e-60
  -6.723653e-60
  -5.513377e-60
  -4.516784e-60
  -3.698431e-60
  -3.028009e-60
  -2.479810e-60
  -2.032195e-60
  -1.667070e-60
  -1.369400e-60
  -1.126758e-60
  -9.289233e-61
  -7.675213e-61
  -6.357162e-61
  -5.279431e-61
  -4.396820e-61
  -3.672681e-61
  -3.077335e-61
  -2.586767e-61
  -2.181548e-61
  -1.845959e-61
  -1.567278e-61
  -1.335200e-61
  -1.141367e-61
  -9.789946e-62
  -8.425635e-62
  -7.275780e-62
  -6.303684e-62
  -5.479326e-62
  -4.778098e-62
  -4.179776e-62
  -3.667704e-62
  -3.228125e-62
  -2.849653e-62
  -2.522833e-62
  -2.239801e-62
  -1.993993e-62
  -1.779916e-62
  -1.592964e-62
  -1.429262e-62
  -1.285543e-62
  -1.159044e-62
  -1.047422e-62
  -9.486865e-63
  -8.611412e-63
  -7.833370e-63
  -7.140328e-63
  -6.521633e-63
  -5.968116e-63
  -5.471869e-63
  -5.026056e-63
  -4.624752e-63
  -4.262811e-63
  -3.935753e-63
  -3.639674e-63
  -3.371158e-63
  -3.127212e-63
  -2.905213e-63
  -2.702852e-63
  -2.518092e-63
  -2.349140e-63
  -2.194405e-63
  -2.052481e-63
  -1.922118e-63
  -1.802204e-63
  -1.691751e-63
  -1.589875e-63
  -1.495787e-63
  -1.408781e-63
  -1.328224e-63
  -1.253547e-63
  -1.184239e-63
  -1.119840e-63
  -1.059935e-63
  -1.004149e-63
  -9.521425e-64
  -9.036090e-64
  -8.582702e-64
  -8.158734e-64
  -7.761889e-64
  -7.390077e-64
  -7.041394e-64
  -6.714102e-64
  -6.406615e-64
  -6.117482e-64
  -5.845374e-64
  -5.589074e-64
  -5.347467e-64
  -5.119527e-64
  -4.904311e-64
  -4.700953e-64
  -4.508654e-64
  -4.326677e-64
  -4.154344e-64
  -3.991026e-64
  -3.836143e-64
  -3.689160e-64
  -3.549577e-64
  -3.416936e-64
  -3.290807e-64
  -3.170795e-64
  -3.056531e-64
  -2.947671e-64
  -2.843897e-64
  -2.744910e-64
  -2.650435e-64
  -2.560213e-64
  -2.474002e-64
  -2.391577e-64
  -2.312727e-64
  -2.237256e-64
  -2.164980e-64
  -2.095724e-64
  -2.029329e-64
  -1.965640e-64
  -1.904517e-64
  -1.845826e-64
  -1.789440e-64
  -1.735242e-64
  -1.683120e-64
  -1.632970e-64
  -1.584693e-64
  -1.538197e-64
  -1.493394e-64
  -1.450201e-64
  -1.408540e-64
  -1.368338e-64
  -1.329525e-64
  -1.292037e-64
  -1.255809e-64
  -1.220785e-64
  -1.186908e-64
  -1.154125e-64
  -1.122388e-64
  -1.091647e-64
  -1.061860e-64
  -1.032983e-64
  -1.004976e-64
  -9.778006e-65
  -9.514211e-65
  -9.258028e-65
  -9.009132e-65
  -8.767211e-65
  -8.531971e-65
  -8.303133e-65
  -8.080431e-65
  -7.863613e-65
  -7.652438e-65
  -7.446679e-65
  -7.246119e-65
  -7.050553e-65
  -6.859786e-65
  -6.673633e-65
  -6.491918e-65
  -6.314474e-65
  -6.141142e-65
  -5.971774e-65
  -5.806228e-65
  -5.644368e-65
  -5.486069e-65
  -5.331210e-65
  -5.179677e-65
  -5.031365e-65
  -4.886173e-65
  -4.744006e-65
  -4.604775e-65
  -4.468398e-65
  -4.334798e-65
  -4.203900e-65
  -4.075639e-65
  -3.949951e-65
  -3.826779e-65
  -3.706069e-65
  -3.587771e-65
  -3.471841e-65
  -3.358238e-65
  -3.246923e-65
  -3.137864e-65
  -3.031031e-65
  -2.926394e-65
  -2.823932e-65
  -2.723623e-65
  -2.625447e-65
  -2.529389e-65
  -2.435436e-65
  -2.343575e-65
  -2.253797e-65
  -2.166092e-65
  -2.080456e-65
  -1.996880e-65
  -1.915362e-65
  -1.835896e-65
  -1.758479e-65
  -1.683107e-65
  -1.609778e-65
  -1.538487e-65
  -1.469231e-65
  -1.402004e-65
  -1.336802e-65
  -1.273616e-65
  -1.212439e-65
  -1.153261e-65
  -1.096071e-65
  -1.040856e-65
  -9.876012e-66
  -9.362887e-66
  -8.868996e-66
  -8.394125e-66
  -7.938035e-66
  -7.500466e-66
  -7.081134e-66
  -6.679733e-66
  -6.295933e-66
  -5.929384e-66
  -5.579716e-66
  -5.246536e-66
  -4.929437e-66
  -4.627990e-66
  -4.341755e-66
  -4.070276e-66
  -3.813088e-66
  -3.569712e-66
  -3.339664e-66
  -3.122455e-66
  -2.917590e-66
  -2.724573e-66
  -2.542908e-66
  -2.372102e-66
  -2.211665e-66
  -2.061112e-66
  -1.919967e-66
  -1.787761e-66
  -1.664035e-66
  -1.548343e-66
  -1.440248e-66
  -1.339330e-66
  -1.245180e-66
  -1.157404e-66
  -1.075624e-66
  -9.994763e-67
  -9.286140e-67
  -8.627048e-67
  -8.014326e-67
  -7.444965e-67
  -6.916115e-67
  -6.425075e-67
  -5.969292e-67
  -5.546358e-67
  -5.154006e-67
  -4.790103e-67
  -4.452647e-67
  -4.139762e-67
  -3.849691e-67
  -3.580791e-67
  -3.331528e-67
  -3.100470e-67
  -2.886284e-67
  -2.687729e-67
  -2.503650e-67
  -2.332974e-67
  -2.174704e-67
  -2.027917e-67
  -1.891755e-67
  -1.765424e-67
  -1.648188e-67
  -1.539367e-67
  -1.438329e-67
  -1.344492e-67
  -1.257317e-67
  -1.176307e-67
  -1.101000e-67
  -1.030971e-67
  -9.658272e-68
  -9.052061e-68
  -8.487723e-68
  -7.962163e-68
  -7.472523e-68
  -7.016164e-68
  -6.590649e-68
  -6.193727e-68
  -5.823320e-68
  -5.477508e-68
  -5.154516e-68
  -4.852708e-68
  -4.570567e-68
  -4.306695e-68
  -4.059798e-68
  -3.828680e-68
  -3.612233e-68
  -3.409435e-68
  -3.219338e-68
  -3.041066e-68
  -2.873806e-68
  -2.716808e-68
  -2.569374e-68
  -2.430859e-68
  -2.300664e-68
  -2.178235e-68
  -2.063056e-68
  -1.954650e-68
  -1.852573e-68
  -1.756413e-68
  -1.665788e-68
  -1.580341e-68
  -1.499742e-68
  -1.423682e-68
  -1.351877e-68
  -1.284059e-68
  -1.219980e-68
  -1.159408e-68
  -1.102130e-68
  -1.047943e-68
  -9.966598e-69
  -9.481063e-69
  -9.021191e-69
  -8.585457e-69
  -8.172437e-69
  -7.780802e-69
  -7.409308e-69
  -7.056792e-69
  -6.722164e-69
  -6.404407e-69
  -6.102566e-69
  -5.815748e-69
  -5.543115e-69
  -5.283882e-69
  -5.037313e-69
  -4.802718e-69
  -4.579447e-69
  -4.366892e-69
  -4.164481e-69
  -3.971678e-69
  -3.787976e-69
  -3.612902e-69
  -3.446009e-69
  -3.286876e-69
  -3.135108e-69
  -2.990332e-69
  -2.852196e-69
  -2.720372e-69
  -2.594545e-69
  -2.474422e-69
  -2.359726e-69
  -2.250195e-69
  -2.145581e-69
  -2.045650e-69
  -1.950182e-69
  -1.858967e-69
  -1.771810e-69
  -1.688521e-69
  -1.608926e-69
  -1.532855e-69
  -1.460151e-69
  -1.390663e-69
  -1.324248e-69
  -1.260771e-69
  -1.200104e-69
  -1.142123e-69
  -1.086714e-69
  -1.033766e-69
  -9.831737e-70
  -9.348373e-70
  -8.886617e-70
  -8.445560e-70
  -8.024337e-70
  -7.622123e-70
  -7.238127e-70
  -6.871596e-70
  -6.521808e-70
  -6.188075e-70
  -5.869736e-70
  -5.566156e-70
  -5.276730e-70
  -5.000876e-70
  -4.738034e-70
  -4.487667e-70
  -4.249260e-70
  -4.022316e-70
  -3.806358e-70
  -3.600928e-70
  -3.405581e-70
  -3.219893e-70
  -3.043452e-70
  -2.875863e-70
  -2.716744e-70
  -2.565727e-70
  -2.422458e-70
  -2.286594e-70
  -2.157804e-70
  -2.035771e-70
  -1.920189e-70
  -1.810759e-70
  -1.707199e-70
  -1.609232e-70
  -1.516595e-70
  -1.429031e-70
  -1.346297e-70
  -1.268155e-70
  -1.194379e-70
  -1.124752e-70
  -1.059062e-70
  -9.971111e-71
  -9.387047e-71
  -8.836587e-71
  -8.317962e-71
  -7.829481e-71
  -7.369526e-71
  -6.936550e-71
  -6.529077e-71
  -6.145701e-71
  -5.785079e-71
  -5.445934e-71
  -5.127048e-71
  -4.827267e-71
  -4.545491e-71
  -4.280678e-71
  -4.031838e-71
  -3.798033e-71
  -3.578376e-71
  -3.372025e-71
  -3.178186e-71
  -2.996107e-71
  -2.825079e-71
  -2.664430e-71
  -2.513531e-71
  -2.371784e-71
  -2.238628e-71
  -2.113535e-71
  -1.996008e-71
  -1.885578e-71
  -1.781806e-71
  -1.684278e-71
  -1.592605e-71
  -1.506424e-71
  -1.425391e-71
  -1.349186e-71
  -1.277507e-71
  -1.210072e-71
  -1.146616e-71
  -1.086890e-71
  -1.030662e-71
  -9.777139e-72
  -9.278420e-72
  -8.808547e-72
  -8.365733e-72
  -7.948299e-72
  -7.554678e-72
  -7.183401e-72
  -6.833092e-72
  -6.502464e-72
  -6.190312e-72
  -5.895510e-72
  -5.617001e-72
  -5.353796e-72
  -5.104972e-72
  -4.869661e-72
  -4.647053e-72
  -4.436389e-72
  -4.236956e-72
  -4.048090e-72
  -3.869167e-72
  -3.699601e-72
  -3.538845e-72
  -3.386386e-72
  -3.241742e-72
  -3.104463e-72
  -2.974125e-72
  -2.850331e-72
  -2.732709e-72
  -2.620911e-72
  -2.514608e-72
  -2.413491e-72
  -2.317274e-72
  -2.225683e-72
  -2.138464e-72
  -2.055377e-72
  -1.976197e-72
  -1.900712e-72
  -1.828723e-72
  -1.760042e-72
  -1.694494e-72
  -1.631911e-72
  -1.572138e-72
  -1.515027e-72
  -1.460441e-72
  -1.408247e-72
  -1.358322e-72
  -1.310551e-72
  -1.264824e-72
  -1.221038e-72
  -1.179093e-72
  -1.138899e-72
  -1.100369e-72
  -1.063419e-72
  -1.027973e-72
  -9.939566e-73
  -9.613001e-73
  -9.299381e-73
  -8.998082e-73
  -8.708516e-73
  -8.430123e-73
  -8.162376e-73
  -7.904774e-73
  -7.656843e-73
  -7.418131e-73
  -7.188213e-73
  -6.966684e-73
  -6.753159e-73
  -6.547274e-73
  -6.348682e-73
  -6.157054e-73
  -5.972078e-73
  -5.793456e-73
  -5.620906e-73
  -5.454159e-73
  -5.292959e-73
  -5.137064e-73
  -4.986241e-73
  -4.840271e-73
  -4.698943e-73
  -4.562057e-73
  -4.429424e-73
  -4.300860e-73
  -4.176193e-73
  -4.055259e-73
  -3.937898e-73
  -3.823963e-73
  -3.713308e-73
  -3.605797e-73
  -3.501301e-73
  -3.399693e-73
  -3.300857e-73
  -3.204678e-73
  -3.111047e-73
  -3.019863e-73
  -2.931026e-73
  -2.844442e-73
  -2.760022e-73
  -2.677680e-73
  -2.597335e-73
  -2.518909e-73
  -2.442329e-73
  -2.367523e-73
  -2.294426e-73
  -2.222974e-73
  -2.153106e-73
  -2.084766e-73
  -2.017899e-73
  -1.952455e-73
  -1.888386e-73
  -1.825647e-73
  -1.764195e-73
  -1.703992e-73
  -1.644999e-73
  -1.587183e-73
  -1.530514e-73
  -1.474961e-73
  -1.420499e-73
  -1.367104e-73
  -1.314755e-73
  -1.263434e-73
  -1.213124e-73
  -1.163812e-73
  -1.115488e-73
  -1.068141e-73
  -1.021767e-73
  -9.763600e-74
  -9.319199e-74
  -8.884466e-74
  -8.459430e-74
  -8.044138e-74
  -7.638658e-74
  -7.243074e-74
  -6.857492e-74
  -6.482027e-74
  -6.116813e-74
  -5.761993e-74
  -5.417719e-74
  -5.084151e-74
  -4.761451e-74
  -4.449782e-74
  -4.149307e-74
  -3.860178e-74
  -3.582541e-74
  -3.316526e-74
  -3.062245e-74
  -2.819787e-74
  -2.589217e-74
  -2.370567e-74
  -2.163836e-74
  -1.968987e-74
  -1.785939e-74
  -1.614572e-74
  -1.454716e-74
  -1.306161e-74
  -1.168645e-74
  -1.041865e-74
  -9.254699e-75
  -8.190704e-75
  -7.222373e-75
  -6.345084e-75
  -5.553928e-75
  -4.843769e-75
  -4.209310e-75
  -3.645152e-75
  -3.145869e-75
  -2.706064e-75
  -2.320442e-75
  -1.983859e-75
  -1.691374e-75
  -1.438294e-75
  -1.220209e-75
  -1.033012e-75
  -8.729182e-76
  -7.364736e-76
  -6.205522e-76
  -5.223504e-76
  -4.393740e-76
  -3.694214e-76
  -3.105635e-76
  -2.611211e-76
  -2.196422e-76
  -1.848786e-76
  -1.557625e-76
  -1.313853e-76
  -1.109773e-76
  -9.388863e-77
  -7.957254e-77
  -6.757053e-77
  -5.749892e-77
  -4.903735e-77
  -4.191873e-77
  -3.592071e-77
  -3.085828e-77
  -2.657766e-77
  -2.295100e-77
  -1.987205e-77
  -1.725244e-77
  -1.501866e-77
  -1.310951e-77
  -1.147398e-77
  -1.006952e-77
  -8.860557e-78
  -7.817362e-78
  -6.915006e-78
  -6.132568e-78
  -5.452461e-78
  -4.859866e-78
  -4.342282e-78
  -3.889135e-78
  -3.491466e-78
  -3.141670e-78
  -2.833278e-78
  -2.560772e-78
  -2.319442e-78
  -2.105252e-78
  -1.914742e-78
  -1.744937e-78
  -1.593273e-78
  -1.457540e-78
  -1.335822e-78
  -1.226460e-78
  -1.128015e-78
  -1.039231e-78
  -9.590157e-79
  -8.864135e-79
  -8.205880e-79
  -7.608059e-79
  -7.064226e-79
  -6.568707e-79
  -6.116501e-79
  -5.703187e-79
  -5.324853e-79
  -4.978032e-79
  -4.659645e-79
  -4.366953e-79
  -4.097516e-79
  -3.849156e-79
  -3.619928e-79
  -3.408089e-79
  -3.212080e-79
  -3.030497e-79
  -2.862080e-79
  -2.705696e-79
  -2.560321e-79
  -2.425031e-79
  -2.298993e-79
  -2.181449e-79
  -2.071715e-79
  -1.969170e-79
  -1.873249e-79
  -1.783438e-79
  -1.699269e-79
  -1.620316e-79
  -1.546188e-79
  -1.476530e-79
  -1.411016e-79
  -1.349348e-79
  -1.291252e-79
  -1.236478e-79
  -1.184794e-79
  -1.135988e-79
  -1.089866e-79
  -1.046247e-79
  -1.004966e-79
  -9.658690e-80
  -9.288145e-80
  -8.936717e-80
  -8.603195e-80
  -8.286457e-80
  -7.985461e-80
  -7.699242e-80
  -7.426902e-80
  -7.167608e-80
  -6.920584e-80
  -6.685109e-80
  -6.460509e-80
  -6.246157e-80
  -6.041469e-80
  -5.845898e-80
  -5.658933e-80
  -5.480097e-80
  -5.308944e-80
  -5.145056e-80
  -4.988040e-80
  -4.837530e-80
  -4.693180e-80
  -4.554668e-80
  -4.421689e-80
  -4.293958e-80
  -4.171206e-80
  -4.053180e-80
  -3.939642e-80
  -3.830369e-80
  -3.725147e-80
  -3.623779e-80
  -3.526074e-80
  -3.431857e-80
  -3.340958e-80
  -3.253218e-80
  -3.168488e-80
  -3.086625e-80
  -3.007494e-80
  -2.930968e-80
  -2.856925e-80
  -2.785251e-80
  -2.715837e-80
  -2.648580e-80
  -2.583380e-80
  -2.520146e-80
  -2.458787e-80
  -2.399220e-80
  -2.341364e-80
  -2.285143e-80
  -2.230484e-80
  -2.177317e-80
  -2.125576e-80
  -2.075199e-80
  -2.026124e-80
  -1.978295e-80
  -1.931656e-80
  -1.886156e-80
  -1.841744e-80
  -1.798373e-80
  -1.755997e-80
  -1.714572e-80
  -1.674058e-80
  -1.634413e-80
  -1.595601e-80
  -1.557584e-80
  -1.520329e-80
  -1.483803e-80
  -1.447973e-80
  -1.412810e-80
  -1.378286e-80
  -1.344372e-80
  -1.311044e-80
  -1.278276e-80
  -1.246046e-80
  -1.214331e-80
  -1.183111e-80
  -1.152366e-80
  -1.122077e-80
  -1.092228e-80
  -1.062802e-80
  -1.033785e-80
  -1.005163e-80
  -9.769229e-81
  -9.490537e-81
  -9.215450e-81
  -8.943879e-81
  -8.675742e-81
  -8.410973e-81
  -8.149513e-81
  -7.891319e-81
  -7.636357e-81
  -7.384604e-81
  -7.136050e-81
  -6.890697e-81
  -6.648556e-81
  -6.409651e-81
  -6.174017e-81
  -5.941699e-81
  -5.712754e-81
  -5.487248e-81
  -5.265257e-81
  -5.046867e-81
  -4.832172e-81
  -4.621275e-81
  -4.414286e-81
  -4.211320e-81
  -4.012499e-81
  -3.817950e-81
  -3.627801e-81
  -3.442185e-81
  -3.261231e-81
  -3.085072e-81
  -2.913835e-81
  -2.747644e-81
  -2.586619e-81
  -2.430869e-81
  -2.280496e-81
  -2.135592e-81
  -1.996234e-81
  -1.862488e-81
  -1.734403e-81
  -1.612010e-81
  -1.495325e-81
  -1.384345e-81
  -1.279045e-81
  -1.179383e-81
  -1.085297e-81
  -9.967034e-82
  -9.135013e-82
  -8.355703e-82
  -7.627725e-82
  -6.949538e-82
  -6.319454e-82
  -5.735651e-82
  -5.196195e-82
  -4.699061e-82
  -4.242150e-82
  -3.823311e-82
  -3.440363e-82
  -3.091116e-82
  -2.773387e-82
  -2.485021e-82
  -2.223907e-82
  -1.987993e-82
  -1.775296e-82
  -1.583915e-82
  -1.412040e-82
  -1.257955e-82
  -1.120048e-82
  -9.968065e-83
  -8.868251e-83
  -7.888004e-83
  -7.015308e-83
  -6.239133e-83
  -5.549398e-83
  -4.936920e-83
  -4.393373e-83
  -3.911224e-83
  -3.483687e-83
  -3.104661e-83
  -2.768681e-83
  -2.470857e-83
  -2.206828e-83
  -1.972711e-83
  -1.765055e-83
  -1.580796e-83
  -1.417222e-83
  -1.271929e-83
  -1.142794e-83
  -1.027940e-83
  -9.257101e-84
  -8.346434e-84
  -7.534506e-84
  -6.809954e-84
  -6.162758e-84
  -5.584088e-84
  -5.066159e-84
  -4.602108e-84
  -4.185884e-84
  -3.812147e-84
  -3.476186e-84
  -3.173842e-84
  -2.901439e-84
  -2.655731e-84
  -2.433844e-84
  -2.233236e-84
  -2.051656e-84
  -1.887106e-84
  -1.737816e-84
  -1.602214e-84
  -1.478903e-84
  -1.366639e-84
  -1.264315e-84
  -1.170947e-84
  -1.085654e-84
  -1.007650e-84
  -9.362346e-85
  -8.707792e-85
  -8.107215e-85
  -7.555575e-85
  -7.048350e-85
  -6.581476e-85
  -6.151300e-85
  -5.754536e-85
  -5.388221e-85
  -5.049685e-85
  -4.736515e-85
  -4.446534e-85
  -4.177769e-85
  -3.928438e-85
  -3.696921e-85
  -3.481753e-85
  -3.281601e-85
  -3.095254e-85
  -2.921610e-85
  -2.759667e-85
  -2.608509e-85
  -2.467302e-85
  -2.335286e-85
  -2.211762e-85
  -2.096096e-85
  -1.987703e-85
  -1.886050e-85
  -1.790646e-85
  -1.701041e-85
  -1.616823e-85
  -1.537611e-85
  -1.463056e-85
  -1.392835e-85
  -1.326653e-85
  -1.264235e-85
  -1.205329e-85
  -1.149702e-85
  -1.097137e-85
  -1.047435e-85
  -1.000412e-85
  -9.558955e-86
  -9.137277e-86
  -8.737611e-86
  -8.358590e-86
  -7.998944e-86
  -7.657492e-86
  -7.333136e-86
  -7.024854e-86
  -6.731694e-86
  -6.452768e-86
  -6.187248e-86
  -5.934362e-86
  -5.693390e-86
  -5.463656e-86
  -5.244533e-86
  -5.035430e-86
  -4.835797e-86
  -4.645117e-86
  -4.462908e-86
  -4.288715e-86
  -4.122114e-86
  -3.962707e-86
  -3.810119e-86
  -3.663998e-86
  -3.524015e-86
  -3.389859e-86
  -3.261237e-86
  -3.137875e-86
  -3.019515e-86
  -2.905913e-86
  -2.796840e-86
  -2.692078e-86
  -2.591425e-86
  -2.494688e-86
  -2.401686e-86
  -2.312246e-86
  -2.226209e-86
  -2.143419e-86
  -2.063734e-86
  -1.987017e-86
  -1.913138e-86
  -1.841975e-86
  -1.773413e-86
  -1.707342e-86
  -1.643658e-86
  -1.582264e-86
  -1.523066e-86
  -1.465976e-86
  -1.410910e-86
  -1.357789e-86
  -1.306537e-86
  -1.257083e-86
  -1.209359e-86
  -1.163300e-86
  -1.118844e-86
  -1.075934e-86
  -1.034513e-86
  -9.945282e-87
  -9.559296e-87
  -9.186689e-87
  -8.827001e-87
  -8.479793e-87
  -8.144646e-87
  -7.821160e-87
  -7.508951e-87
  -7.207654e-87
  -6.916916e-87
  -6.636400e-87
  -6.365783e-87
  -6.104754e-87
  -5.853014e-87
  -5.610274e-87
  -5.376258e-87
  -5.150699e-87
  -4.933337e-87
  -4.723923e-87
  -4.522215e-87
  -4.327981e-87
  -4.140991e-87
  -3.961028e-87
  -3.787876e-87
  -3.621328e-87
  -3.461182e-87
  -3.307240e-87
  -3.159312e-87
  -3.017209e-87
  -2.880749e-87
  -2.749754e-87
  -2.624049e-87
  -2.503465e-87
  -2.387834e-87
  -2.276995e-87
  -2.170789e-87
  -2.069058e-87
  -1.971653e-87
  -1.878423e-87
  -1.789223e-87
  -1.703911e-87
  -1.622348e-87
  -1.544398e-87
  -1.469928e-87
  -1.398809e-87
  -1.330914e-87
  -1.266121e-87
  -1.204308e-87
  -1.145359e-87
  -1.089160e-87
  -1.035600e-87
  -9.845720e-88
  -9.359705e-88
  -8.896942e-88
  -8.456446e-88
  -8.037263e-88
  -7.638469e-88
  -7.259169e-88
  -6.898501e-88
  -6.555628e-88
  -6.229746e-88
  -5.920078e-88
  -5.625874e-88
  -5.346415e-88
  -5.081008e-88
  -4.828985e-88
  -4.589708e-88
  -4.362562e-88
  -4.146958e-88
  -3.942332e-88
  -3.748143e-88
  -3.563874e-88
  -3.389031e-88
  -3.223140e-88
  -3.065751e-88
  -2.916433e-88
  -2.774774e-88
  -2.640383e-88
  -2.512886e-88
  -2.391928e-88
  -2.277170e-88
  -2.168291e-88
  -2.064984e-88
  -1.966959e-88
  -1.873939e-88
  -1.785661e-88
  -1.701876e-88
  -1.622348e-88
  -1.546851e-88
  -1.475175e-88
  -1.407116e-88
  -1.342483e-88
  -1.281096e-88
  -1.222783e-88
  -1.167380e-88
  -1.114734e-88
  -1.064700e-88
  -1.017140e-88
  -9.719216e-89
  -9.289229e-89
  -8.880265e-89
  -8.491218e-89
  -8.121042e-89
  -7.768748e-89
  -7.433398e-89
  -7.114107e-89
  -6.810038e-89
  -6.520398e-89
  -6.244439e-89
  -5.981453e-89
  -5.730768e-89
  -5.491751e-89
  -5.263803e-89
  -5.046357e-89
  -4.838877e-89
  -4.640855e-89
  -4.451811e-89
  -4.271291e-89
  -4.098867e-89
  -3.934130e-89
  -3.776697e-89
  -3.626204e-89
  -3.482305e-89
  -3.344675e-89
  -3.213004e-89
  -3.087000e-89
  -2.966386e-89
  -2.850900e-89
  -2.740293e-89
  -2.634329e-89
  -2.532786e-89
  -2.435452e-89
  -2.342126e-89
  -2.252618e-89
  -2.166749e-89
  -2.084347e-89
  -2.005251e-89
  -1.929306e-89
  -1.856367e-89
  -1.786296e-89
  -1.718961e-89
  -1.654237e-89
  -1.592006e-89
  -1.532157e-89
  -1.474581e-89
  -1.419178e-89
  -1.365852e-89
  -1.314511e-89
  -1.265068e-89
  -1.217441e-89
  -1.171552e-89
  -1.127326e-89
  -1.084692e-89
  -1.043583e-89
  -1.003935e-89
  -9.656866e-90
  -9.287809e-90
  -8.931626e-90
  -8.587795e-90
  -8.255819e-90
  -7.935227e-90
  -7.625571e-90
  -7.326423e-90
  -7.037380e-90
  -6.758055e-90
  -6.488084e-90
  -6.227119e-90
  -5.974830e-90
  -5.730903e-90
  -5.495042e-90
  -5.266964e-90
  -5.046400e-90
  -4.833097e-90
  -4.626813e-90
  -4.427320e-90
  -4.234400e-90
  -4.047847e-90
  -3.867468e-90
  -3.693077e-90
  -3.524499e-90
  -3.361568e-90
  -3.204127e-90
  -3.052026e-90
  -2.905126e-90
  -2.763291e-90
  -2.626394e-90
  -2.494315e-90
  -2.366938e-90
  -2.244154e-90
  -2.125858e-90
  -2.011951e-90
  -1.902337e-90
  -1.796922e-90
  -1.695620e-90
  -1.598342e-90
  -1.505007e-90
  -1.415532e-90
  -1.329838e-90
  -1.247844e-90
  -1.169475e-90
  -1.094651e-90
  -1.023295e-90
  -9.553306e-91
  -8.906782e-91
  -8.292592e-91
  -7.709935e-91
  -7.157995e-91
  -6.635945e-91
  -6.142940e-91
  -5.678119e-91
  -5.240605e-91
  -4.829503e-91
  -4.443901e-91
  -4.082872e-91
  -3.745477e-91
  -3.430762e-91
  -3.137766e-91
  -2.865518e-91
  -2.613045e-91
  -2.379373e-91
  -2.163531e-91
  -1.964554e-91
  -1.781487e-91
  -1.613389e-91
  -1.459337e-91
  -1.318430e-91
  -1.189788e-91
  -1.072562e-91
  -9.659306e-92
  -8.691063e-92
  -7.813353e-92
  -7.019000e-92
  -6.301200e-92
  -5.653529e-92
  -5.069943e-92
  -4.544783e-92
  -4.072769e-92
  -3.648993e-92
  -3.268910e-92
  -2.928324e-92
  -2.623377e-92
  -2.350532e-92
  -2.106557e-92
  -1.888505e-92
  -1.693699e-92
  -1.519713e-92
  -1.364351e-92
  -1.225634e-92
  -1.101779e-92
  -9.911846e-93
  -8.924145e-93
  -8.041820e-93
  -7.253364e-93
  -6.548503e-93
  -5.918073e-93
  -5.353906e-93
  -4.848729e-93
  -4.396073e-93
  -3.990186e-93
  -3.625954e-93
  -3.298838e-93
  -3.004802e-93
  -2.740266e-93
  -2.502048e-93
  -2.287326e-93
  -2.093591e-93
  -1.918616e-93
  -1.760422e-93
  -1.617251e-93
  -1.487538e-93
  -1.369892e-93
  -1.263077e-93
  -1.165988e-93
  -1.077645e-93
  -9.971711e-94
  -9.237854e-94
  -8.567903e-94
  -7.955623e-94
  -7.395440e-94
  -6.882365e-94
  -6.411930e-94
  -5.980128e-94
  -5.583364e-94
  -5.218411e-94
  -4.882366e-94
  -4.572619e-94
  -4.286820e-94
  -4.022848e-94
  -3.778792e-94
  -3.552927e-94
  -3.343691e-94
  -3.149673e-94
  -2.969594e-94
  -2.802296e-94
  -2.646727e-94
  -2.501933e-94
  -2.367046e-94
  -2.241277e-94
  -2.123906e-94
  -2.014278e-94
  -1.911796e-94
  -1.815913e-94
  -1.726132e-94
  -1.641995e-94
  -1.563085e-94
  -1.489019e-94
  -1.419447e-94
  -1.354045e-94
  -1.292518e-94
  -1.234593e-94
  -1.180021e-94
  -1.128570e-94
  -1.080029e-94
  -1.034200e-94
  -9.909028e-95
  -9.499705e-95
  -9.112483e-95
  -8.745931e-95
  -8.398723e-95
  -8.069633e-95
  -7.757522e-95
  -7.461333e-95
  -7.180086e-95
  -6.912869e-95
  -6.658834e-95
  -6.417191e-95
  -6.187207e-95
  -5.968196e-95
  -5.759519e-95
  -5.560581e-95
  -5.370826e-95
  -5.189734e-95
  -5.016818e-95
  -4.851625e-95
  -4.693728e-95
  -4.542730e-95
  -4.398256e-95
  -4.259957e-95
  -4.127503e-95
  -4.000587e-95
  -3.878917e-95
  -3.762223e-95
  -3.650247e-95
  -3.542749e-95
  -3.439501e-95
  -3.340289e-95
  -3.244913e-95
  -3.153181e-95
  -3.064915e-95
  -2.979946e-95
  -2.898112e-95
  -2.819264e-95
  -2.743257e-95
  -2.669958e-95
  -2.599237e-95
  -2.530975e-95
  -2.465055e-95
  -2.401369e-95
  -2.339813e-95
  -2.280290e-95
  -2.222707e-95
  -2.166976e-95
  -2.113011e-95
  -2.060734e-95
  -2.010068e-95
  -1.960942e-95
  -1.913285e-95
  -1.867034e-95
  -1.822124e-95
  -1.778497e-95
  -1.736096e-95
  -1.694866e-95
  -1.654755e-95
  -1.615715e-95
  -1.577697e-95
  -1.540657e-95
  -1.504551e-95
  -1.469337e-95
  -1.434977e-95
  -1.401432e-95
  -1.368666e-95
  -1.336644e-95
  -1.305333e-95
  -1.274701e-95
  -1.244716e-95
  -1.215350e-95
  -1.186575e-95
  -1.158364e-95
  -1.130690e-95
  -1.103530e-95
  -1.076858e-95
  -1.050653e-95
  -1.024894e-95
  -9.995578e-96
  -9.746263e-96
  -9.500803e-96
  -9.259017e-96
  -9.020734e-96
  -8.785794e-96
  -8.554042e-96
  -8.325334e-96
  -8.099534e-96
  -7.876517e-96
  -7.656163e-96
  -7.438364e-96
  -7.223022e-96
  -7.010044e-96
  -6.799351e-96
  -6.590870e-96
  -6.384542e-96
  -6.180314e-96
  -5.978146e-96
  -5.778007e-96
  -5.579878e-96
  -5.383752e-96
  -5.189632e-96
  -4.997532e-96
  -4.807480e-96
  -4.619516e-96
  -4.433690e-96
  -4.250067e-96
  -4.068724e-96
  -3.889749e-96
  -3.713243e-96
  -3.539321e-96
  -3.368108e-96
  -3.199739e-96
  -3.034363e-96
  -2.872136e-96
  -2.713225e-96
  -2.557802e-96
  -2.406047e-96
  -2.258145e-96
  -2.114282e-96
  -1.974645e-96
  -1.839421e-96
  -1.708789e-96
  -1.582924e-96
  -1.461990e-96
  -1.346139e-96
  -1.235504e-96
  -1.130203e-96
  -1.030330e-96
  -9.359545e-97
  -8.471202e-97
  -7.638409e-97
  -6.860999e-97
  -6.138488e-97
  -5.470072e-97
  -4.854624e-97
  -4.290710e-97
  -3.776599e-97
  -3.310292e-97
  -2.889547e-97
  -2.511918e-97
  -2.174793e-97
  -1.875437e-97
  -1.611039e-97
  -1.378754e-97
  -1.175749e-97
  -9.992437e-98
  -8.465439e-98
  -7.150754e-98
  -6.024087e-98
  -5.062778e-98
  -4.245935e-98
  -3.554507e-98
  -2.971296e-98
  -2.480931e-98
  -2.069803e-98
  -1.725964e-98
  -1.439009e-98
  -1.199945e-98
  -1.001056e-98
  -8.357594e-99
  -6.984729e-99
  -5.844877e-99
  -4.898493e-99
  -4.112498e-99
  -3.459322e-99
  -2.916051e-99
  -2.463688e-99
  -2.086516e-99
  -1.771549e-99
  -1.508073e-99
  -1.287253e-99
  -1.101804e-99
 -9.457240e-100
 -8.140636e-100
 -7.027403e-100
 -6.083836e-100
 -5.282085e-100
 -4.599108e-100
 -4.015815e-100
 -3.516367e-100
 -3.087598e-100
 -2.718547e-100
 -2.400073e-100
 -2.124531e-100
 -1.885523e-100
 -1.677677e-100
 -1.496474e-100
 -1.338107e-100
 -1.199359e-100
 -1.077506e-100
 -9.702369e-101
 -8.755862e-101
 -7.918786e-101
 -7.176830e-101
 -6.517739e-101
 -5.931000e-101
 -5.407570e-101
 -4.939657e-101
 -4.520531e-101
 -4.144366e-101
 -3.806109e-101
 -3.501371e-101
 -3.226325e-101
 -2.977635e-101
 -2.752382e-101
 -2.548010e-101
 -2.362275e-101
 -2.193203e-101
 -2.039056e-101
 -1.898298e-101
 -1.769574e-101
 -1.651681e-101
 -1.543553e-101
 -1.444242e-101
 -1.352904e-101
 -1.268788e-101
 -1.191221e-101
 -1.119602e-101
 -1.053394e-101
 -9.921138e-102
 -9.353269e-102
 -8.826435e-102
 -8.337117e-102
 -7.882143e-102
 -7.458647e-102
 -7.064036e-102
 -6.695962e-102
 -6.352294e-102
 -6.031098e-102
 -5.730617e-102
 -5.449249e-102
 -5.185536e-102
 -4.938147e-102
 -4.705868e-102
 -4.487586e-102
 -4.282284e-102
 -4.089031e-102
 -3.906972e-102
 -3.735321e-102
 -3.573358e-102
 -3.420418e-102
 -3.275890e-102
 -3.139211e-102
 -3.009861e-102
 -2.887360e-102
 -2.771265e-102
 -2.661165e-102
 -2.556680e-102
 -2.457459e-102
 -2.363174e-102
 -2.273523e-102
 -2.188224e-102
 -2.107016e-102
 -2.029656e-102
 -1.955916e-102
 -1.885586e-102
 -1.818469e-102
 -1.754381e-102
 -1.693151e-102
 -1.634619e-102
 -1.578634e-102
 -1.525058e-102
 -1.473758e-102
 -1.424612e-102
 -1.377504e-102
 -1.332328e-102
 -1.288981e-102
 -1.247368e-102
 -1.207400e-102
 -1.168992e-102
 -1.132067e-102
 -1.096549e-102
 -1.062368e-102
 -1.029459e-102
 -9.977591e-103
 -9.672099e-103
 -9.377560e-103
 -9.093452e-103
 -8.819283e-103
 -8.554588e-103
 -8.298926e-103
 -8.051882e-103
 -7.813062e-103
 -7.582095e-103
 -7.358628e-103
 -7.142328e-103
 -6.932880e-103
 -6.729985e-103
 -6.533359e-103
 -6.342735e-103
 -6.157857e-103
 -5.978485e-103
 -5.804391e-103
 -5.635356e-103
 -5.471177e-103
 -5.311657e-103
 -5.156613e-103
 -5.005867e-103
 -4.859255e-103
 -4.716619e-103
 -4.577808e-103
 -4.442681e-103
 -4.311103e-103
 -4.182947e-103
 -4.058092e-103
 -3.936424e-103
 -3.817835e-103
 -3.702221e-103
 -3.589486e-103
 -3.479538e-103
 -3.372290e-103
 -3.267660e-103
 -3.165571e-103
 -3.065949e-103
 -2.968726e-103
 -2.873836e-103
 -2.781219e-103
 -2.690816e-103
 -2.602574e-103
 -2.516440e-103
 -2.432368e-103
 -2.350312e-103
 -2.270229e-103
 -2.192081e-103
 -2.115828e-103
 -2.041437e-103
 -1.968874e-103
 -1.898108e-103
 -1.829110e-103
 -1.761852e-103
 -1.696308e-103
 -1.632454e-103
 -1.570265e-103
 -1.509721e-103
 -1.450798e-103
 -1.393478e-103
 -1.337739e-103
 -1.283564e-103
 -1.230932e-103
 -1.179826e-103
 -1.130227e-103
 -1.082117e-103
 -1.035478e-103
 -9.902917e-104
 -9.465399e-104
 -9.042038e-104
 -8.632643e-104
 -8.237019e-104
 -7.854968e-104
 -7.486283e-104
 -7.130756e-104
 -6.788167e-104
 -6.458295e-104
 -6.140909e-104
 -5.835773e-104
 -5.542642e-104
 -5.261267e-104
 -4.991392e-104
 -4.732754e-104
 -4.485083e-104
 -4.248107e-104
 -4.021547e-104
 -3.805119e-104
 -3.598536e-104
 -3.401508e-104
 -3.213742e-104
 -3.034944e-104
 -2.864817e-104
 -2.703065e-104
 -2.549392e-104
 -2.403504e-104
 -2.265107e-104
 -2.133910e-104
 -2.009626e-104
 -1.891970e-104
 -1.780663e-104
 -1.675430e-104
 -1.576001e-104
 -1.482113e-104
 -1.393508e-104
 -1.309936e-104
 -1.231152e-104
 -1.156920e-104
 -1.087011e-104
 -1.021204e-104
 -9.592847e-105
 -9.010474e-105
 -8.462943e-105
 -7.948354e-105
 -7.464887e-105
 -7.010799e-105
 -6.584428e-105
 -6.184183e-105
 -5.808552e-105
 -5.456095e-105
 -5.125444e-105
 -4.815299e-105
 -4.524428e-105
 -4.251666e-105
 -3.995909e-105
 -3.756112e-105
 -3.531292e-105
 -3.320519e-105
 -3.122917e-105
 -2.937661e-105
 -2.763975e-105
 -2.601127e-105
 -2.448432e-105
 -2.305245e-105
 -2.170961e-105
 -2.045011e-105
 -1.926863e-105
 -1.816018e-105
 -1.712007e-105
 -1.614394e-105
 -1.522768e-105
 -1.436745e-105
 -1.355965e-105
 -1.280093e-105
 -1.208814e-105
 -1.141835e-105
 -1.078880e-105
 -1.019694e-105
 -9.640358e-106
 -9.116813e-106
 -8.624210e-106
 -8.160590e-106
 -7.724123e-106
 -7.313099e-106
 -6.925921e-106
 -6.561095e-106
 -6.217227e-106
 -5.893013e-106
 -5.587234e-106
 -5.298752e-106
 -5.026503e-106
 -4.769491e-106
 -4.526785e-106
 -4.297516e-106
 -4.080871e-106
 -3.876087e-106
 -3.682452e-106
 -3.499301e-106
 -3.326010e-106
 -3.161994e-106
 -3.006707e-106
 -2.859638e-106
 -2.720306e-106
 -2.588263e-106
 -2.463087e-106
 -2.344384e-106
 -2.231784e-106
 -2.124939e-106
 -2.023524e-106
 -1.927234e-106
 -1.835782e-106
 -1.748900e-106
 -1.666333e-106
 -1.587845e-106
 -1.513213e-106
 -1.442228e-106
 -1.374692e-106
 -1.310420e-106
 -1.249238e-106
 -1.190982e-106
 -1.135498e-106
 -1.082640e-106
 -1.032273e-106
 -9.842661e-107
 -9.384995e-107
 -8.948585e-107
 -8.532353e-107
 -8.135283e-107
 -7.756418e-107
 -7.394853e-107
 -7.049735e-107
 -6.720260e-107
 -6.405667e-107
 -6.105237e-107
 -5.818293e-107
 -5.544193e-107
 -5.282330e-107
 -5.032133e-107
 -4.793057e-107
 -4.564591e-107
 -4.346249e-107
 -4.137570e-107
 -3.938119e-107
 -3.747483e-107
 -3.565270e-107
 -3.391109e-107
 -3.224648e-107
 -3.065552e-107
 -2.913505e-107
 -2.768204e-107
 -2.629362e-107
 -2.496707e-107
 -2.369980e-107
 -2.248932e-107
 -2.133329e-107
 -2.022945e-107
 -1.917568e-107
 -1.816992e-107
 -1.721022e-107
 -1.629472e-107
 -1.542162e-107
 -1.458922e-107
 -1.379588e-107
 -1.304002e-107
 -1.232015e-107
 -1.163481e-107
 -1.098260e-107
 -1.036220e-107
 -9.772311e-108
 -9.211691e-108
 -8.679144e-108
 -8.173517e-108
 -7.693694e-108
 -7.238600e-108
 -6.807196e-108
 -6.398476e-108
 -6.011468e-108
 -5.645233e-108
 -5.298861e-108
 -4.971473e-108
 -4.662217e-108
 -4.370270e-108
 -4.094834e-108
 -3.835139e-108
 -3.590440e-108
 -3.360017e-108
 -3.143173e-108
 -2.939236e-108
 -2.747559e-108
 -2.567515e-108
 -2.398504e-108
 -2.239943e-108
 -2.091277e-108
 -1.951968e-108
 -1.821503e-108
 -1.699387e-108
 -1.585148e-108
 -1.478335e-108
 -1.378514e-108
 -1.285273e-108
 -1.198219e-108
 -1.116977e-108
 -1.041191e-108
 -9.705219e-109
 -9.046492e-109
 -8.432683e-109
 -7.860910e-109
 -7.328452e-109
 -6.832734e-109
 -6.371333e-109
 -5.941962e-109
 -5.542471e-109
 -5.170837e-109
 -4.825162e-109
 -4.503665e-109
 -4.204674e-109
 -3.926628e-109
 -3.668064e-109
 -3.427614e-109
 -3.204002e-109
 -2.996035e-109
 -2.802604e-109
 -2.622672e-109
 -2.455275e-109
 -2.299517e-109
 -2.154561e-109
 -2.019632e-109
 -1.894009e-109
 -1.777023e-109
 -1.668051e-109
 -1.566517e-109
 -1.471885e-109
 -1.383659e-109
 -1.301380e-109
 -1.224619e-109
 -1.152982e-109
 -1.086103e-109
 -1.023642e-109
 -9.652842e-110
 -9.107386e-110
 -8.597355e-110
 -8.120247e-110
 -7.673749e-110
 -7.255715e-110
 -6.864159e-110
 -6.497238e-110
 -6.153249e-110
 -5.830610e-110
 -5.527856e-110
 -5.243630e-110
 -4.976671e-110
 -4.725813e-110
 -4.489972e-110
 -4.268143e-110
 -4.059394e-110
 -3.862859e-110
 -3.677734e-110
 -3.503273e-110
 -3.338782e-110
 -3.183616e-110
 -3.037177e-110
 -2.898906e-110
 -2.768285e-110
 -2.644832e-110
 -2.528098e-110
 -2.417664e-110
 -2.313141e-110
 -2.214164e-110
 -2.120397e-110
 -2.031522e-110
 -1.947246e-110
 -1.867292e-110
 -1.791405e-110
 -1.719344e-110
 -1.650884e-110
 -1.585818e-110
 -1.523947e-110
 -1.465089e-110
 -1.409072e-110
 -1.355735e-110
 -1.304928e-110
 -1.256509e-110
 -1.210346e-110
 -1.166314e-110
 -1.124298e-110
 -1.084188e-110
 -1.045880e-110
 -1.009279e-110
 -9.742940e-111
 -9.408392e-111
 -9.088345e-111
 -8.782045e-111
 -8.488780e-111
 -8.207880e-111
 -7.938715e-111
 -7.680688e-111
 -7.433240e-111
 -7.195842e-111
 -6.967992e-111
 -6.749221e-111
 -6.539082e-111
 -6.337155e-111
 -6.143041e-111
 -5.956365e-111
 -5.776770e-111
 -5.603920e-111
 -5.437495e-111
 -5.277193e-111
 -5.122729e-111
 -4.973830e-111
 -4.830240e-111
 -4.691714e-111
 -4.558021e-111
 -4.428940e-111
 -4.304263e-111
 -4.183792e-111
 -4.067338e-111
 -3.954720e-111
 -3.845770e-111
 -3.740324e-111
 -3.638228e-111
 -3.539336e-111
 -3.443506e-111
 -3.350605e-111
 -3.260506e-111
 -3.173088e-111
 -3.088236e-111
 -3.005837e-111
 -2.925788e-111
 -2.847987e-111
 -2.772339e-111
 -2.698752e-111
 -2.627138e-111
 -2.557413e-111
 -2.489497e-111
 -2.423314e-111
 -2.358790e-111
 -2.295856e-111
 -2.234445e-111
 -2.174493e-111
 -2.115938e-111
 -2.058723e-111
 -2.002791e-111
 -1.948089e-111
 -1.894566e-111
 -1.842174e-111
 -1.790866e-111
 -1.740598e-111
 -1.691327e-111
 -1.643014e-111
 -1.595621e-111
 -1.549112e-111
 -1.503452e-111
 -1.458609e-111
 -1.414552e-111
 -1.371254e-111
 -1.328688e-111
 -1.286827e-111
 -1.245651e-111
 -1.205136e-111
 -1.165264e-111
 -1.126016e-111
 -1.087378e-111
 -1.049335e-111
 -1.011874e-111
 -9.749866e-112
 -9.386629e-112
 -9.028969e-112
 -8.676840e-112
 -8.330215e-112
 -7.989088e-112
 -7.653471e-112
 -7.323396e-112
 -6.998916e-112
 -6.680102e-112
 -6.367044e-112
 -6.059852e-112
 -5.758652e-112
 -5.463591e-112
 -5.174828e-112
 -4.892543e-112
 -4.616926e-112
 -4.348180e-112
 -4.086520e-112
 -3.832169e-112
 -3.585355e-112
 -3.346309e-112
 -3.115262e-112
 -2.892440e-112
 -2.678063e-112
 -2.472337e-112
 -2.275455e-112
 -2.087586e-112
 -1.908877e-112
 -1.739444e-112
 -1.579368e-112
 -1.428696e-112
 -1.287429e-112
 -1.155527e-112
 -1.032902e-112
 -9.194167e-113
 -8.148858e-113
 -7.190753e-113
 -6.317043e-113
 -5.524476e-113
 -4.809398e-113
 -4.167798e-113
 -3.595370e-113
 -3.087577e-113
 -2.639721e-113
 -2.247015e-113
 -1.904658e-113
 -1.607907e-113
 -1.352139e-113
 -1.132911e-113
 -9.460080e-114
 -7.874852e-114
 -6.536925e-114
 -5.412940e-114
 -4.472755e-114
 -3.689432e-114
 -3.039146e-114
 -2.501028e-114
 -2.056974e-114
 -1.691410e-114
 -1.391047e-114
 -1.144631e-114
 -9.426945e-115
 -7.773213e-115
 -6.419300e-115
 -5.310744e-115
 -4.402665e-115
 -3.658218e-115
 -3.047239e-115
 -2.545100e-115
 -2.131728e-115
 -1.790788e-115
 -1.508996e-115
 -1.275559e-115
 -1.081708e-115
 -9.203148e-116
 -7.855832e-116
 -6.727961e-116
 -5.781094e-116
 -4.983870e-116
 -4.310658e-116
 -3.740473e-116
 -3.256104e-116
 -2.843403e-116
 -2.490717e-116
 -2.188422e-116
 -1.928557e-116
 -1.704515e-116
 -1.510802e-116
 -1.342836e-116
 -1.196790e-116
 -1.069454e-116
 -9.581329e-117
 -8.605548e-117
 -7.748023e-117
 -6.992515e-117
 -6.325240e-117
 -5.734468e-117
 -5.210194e-117
 -4.743861e-117
 -4.328131e-117
 -3.956702e-117
 -3.624142e-117
 -3.325763e-117
 -3.057509e-117
 -2.815861e-117
 -2.597760e-117
 -2.400542e-117
 -2.221881e-117
